SEF	1.0.0
ID	9434
Name	ZARAGOZA, AEROPUERTO
Lat	41.6606
Lon	-1.0042
Alt	249.0
Source	AEMET
Link	
Vbl	p
Stat	point
Units	hPa
Meta	AEMET API extraction by Ed Hawkins
Year	Month	Day	Hour	Minute	Period	Value	Meta
1961	1	1	4	0	0	982.70	
1961	1	1	22	0	0	990.70	
1961	1	2	0	0	0	990.60	
1961	1	3	0	0	0	981.00	
1961	1	3	8	0	0	971.10	
1961	1	4	0	0	0	975.60	
1961	1	5	0	0	0	985.20	
1961	1	6	0	0	0	993.20	
1961	1	6	6	0	0	993.40	
1961	1	6	19	0	0	988.00	
1961	1	7	0	0	0	990.30	
1961	1	7	11	0	0	993.10	
1961	1	8	11	0	0	993.20	
1961	1	8	18	0	0	990.70	
1961	1	9	10	0	0	995.40	
1961	1	10	0	0	0	987.60	
1961	1	11	0	0	0	978.40	
1961	1	12	0	0	0	988.70	
1961	1	13	0	0	0	997.00	
1961	1	13	10	0	0	997.90	
1961	1	13	18	0	0	989.50	
1961	1	14	0	0	0	996.60	
1961	1	15	0	0	0	989.90	
1961	1	15	14	0	0	985.50	
1961	1	16	0	0	0	988.30	
1961	1	16	12	0	0	990.20	
1961	1	17	0	0	0	989.60	
1961	1	18	0	0	0	994.20	
1961	1	18	10	0	0	995.80	
1961	1	18	18	0	0	992.70	
1961	1	19	13	0	0	993.20	
1961	1	20	0	0	0	992.60	
1961	1	20	0	0	0	994.20	
1961	1	20	10	0	0	995.90	
1961	1	21	0	0	0	992.60	
1961	1	22	0	0	0	980.00	
1961	1	22	15	0	0	975.00	
1961	1	23	3	0	0	980.00	
1961	1	23	15	0	0	976.80	
1961	1	24	10	0	0	981.60	
1961	1	24	23	0	0	974.80	
1961	1	25	4	0	0	974.30	
1961	1	26	0	0	0	980.70	
1961	1	27	0	0	0	992.60	
1961	1	27	5	0	0	992.00	
1961	1	28	0	0	0	994.40	
1961	1	28	15	0	0	991.00	
1961	1	29	0	0	0	996.70	
1961	1	29	11	0	0	998.80	
1961	1	29	18	0	0	995.90	
1961	1	30	6	0	0	997.40	
1961	1	30	17	0	0	993.90	
1961	1	31	0	0	0	994.60	
1961	1	31	15	0	0	989.40	
1961	2	1	3	0	0	989.20	
1961	2	1	10	0	0	991.40	
1961	2	2	9	0	0	987.10	
1961	2	2	21	0	0	991.40	
1961	2	3	15	0	0	987.20	
1961	2	4	0	0	0	995.90	
1961	2	4	1	0	0	996.60	
1961	2	4	16	0	0	993.50	
1961	2	5	9	0	0	995.00	
1961	2	6	0	0	0	991.60	
1961	2	6	15	0	0	990.80	
1961	2	7	0	0	0	992.80	
1961	2	8	0	0	0	997.60	
1961	2	8	14	0	0	997.10	
1961	2	9	0	0	0	1000.00	
1961	2	10	0	0	0	1003.80	
1961	2	10	1	0	0	1004.80	
1961	2	11	0	0	0	1000.20	
1961	2	11	15	0	0	997.00	
1961	2	12	0	0	0	997.60	
1961	2	12	0	0	0	1000.20	
1961	2	12	17	0	0	991.60	
1961	2	13	11	0	0	994.70	
1961	2	14	0	0	0	993.40	
1961	2	15	0	0	0	997.20	
1961	2	16	0	0	0	1002.40	
1961	2	16	8	0	0	1002.60	
1961	2	16	17	0	0	999.80	
1961	2	17	15	0	0	998.30	
1961	2	18	0	0	0	1001.40	
1961	2	18	9	0	0	1004.80	
1961	2	19	0	0	0	1003.80	
1961	2	19	18	0	0	999.10	
1961	2	20	0	0	0	999.60	
1961	2	20	18	0	0	995.10	
1961	3	1	0	0	0	1001.20	
1961	3	1	17	0	0	995.90	
1961	3	2	0	0	0	997.80	
1961	3	3	0	0	0	1000.80	
1961	3	3	9	0	0	1001.60	
1961	3	3	19	0	0	995.20	
1961	3	4	0	0	0	996.30	
1961	3	4	11	0	0	1001.50	
1961	3	5	0	0	0	999.90	
1961	3	5	11	0	0	1003.80	
1961	3	6	9	0	0	1004.80	
1961	3	6	17	0	0	1001.90	
1961	3	7	9	0	0	1003.80	
1961	3	7	17	0	0	999.90	
1961	3	8	9	0	0	1000.60	
1961	3	8	17	0	0	997.50	
1961	3	9	9	0	0	1000.70	
1961	3	9	18	0	0	998.40	
1961	3	10	9	0	0	1002.60	
1961	3	10	17	0	0	991.40	
1961	3	11	9	0	0	999.50	
1961	3	11	18	0	0	994.60	
1961	3	12	10	0	0	998.30	
1961	3	12	18	0	0	994.20	
1961	3	13	9	0	0	995.80	
1961	3	14	0	0	0	992.70	
1961	3	14	9	0	0	993.90	
1961	3	14	18	0	0	990.40	
1961	3	15	9	0	0	993.20	
1961	3	15	16	0	0	990.60	
1961	3	16	9	0	0	994.20	
1961	3	16	18	0	0	991.10	
1961	3	17	9	0	0	995.60	
1961	3	17	18	0	0	990.40	
1961	3	18	0	0	0	990.80	
1961	3	18	15	0	0	987.10	
1961	3	19	0	0	0	988.30	
1961	3	19	15	0	0	983.20	
1961	3	20	6	0	0	983.40	
1961	3	20	16	0	0	981.00	
1961	3	21	17	0	0	979.40	
1961	3	22	0	0	0	983.40	
1961	3	23	0	0	0	988.60	
1961	3	24	0	0	0	992.00	
1961	3	24	9	0	0	994.00	
1961	3	24	18	0	0	991.00	
1961	3	25	10	0	0	993.80	
1961	3	25	18	0	0	991.50	
1961	3	26	9	0	0	994.20	
1961	3	26	18	0	0	991.80	
1961	3	27	9	0	0	992.80	
1961	3	27	16	0	0	988.70	
1961	3	28	0	0	0	991.00	
1961	3	28	17	0	0	987.80	
1961	3	29	9	0	0	993.20	
1961	3	29	18	0	0	989.80	
1961	3	30	9	0	0	993.50	
1961	3	30	17	0	0	989.40	
1961	3	31	9	0	0	991.10	
1961	3	31	18	0	0	987.50	
1961	4	1	0	0	0	989.20	
1961	4	1	18	0	0	983.00	
1961	4	2	9	0	0	984.30	
1961	4	2	10	0	0	980.60	
1961	4	3	9	0	0	983.00	
1961	4	3	18	0	0	978.70	
1961	4	4	9	0	0	982.00	
1961	4	4	18	0	0	976.60	
1961	4	5	8	0	0	980.30	
1961	4	5	18	0	0	976.80	
1961	4	6	0	0	0	977.50	
1961	4	6	18	0	0	972.70	
1961	4	7	3	0	0	976.70	
1961	4	8	0	0	0	984.40	
1961	4	8	9	0	0	986.80	
1961	4	8	18	0	0	984.40	
1961	4	9	7	0	0	986.60	
1961	4	10	0	0	0	980.40	
1961	4	11	0	0	0	987.00	
1961	4	11	15	0	0	982.80	
1961	4	12	13	0	0	987.10	
1961	4	12	17	0	0	984.40	
1961	4	13	0	0	0	985.10	
1961	4	13	18	0	0	978.60	
1961	4	14	1	0	0	980.80	
1961	4	15	0	0	0	985.00	
1961	4	15	9	0	0	985.60	
1961	4	15	18	0	0	979.90	
1961	4	16	0	0	0	980.00	
1961	4	16	16	0	0	976.20	
1961	4	17	0	0	0	979.00	
1961	4	18	0	0	0	986.20	
1961	4	18	9	0	0	988.40	
1961	4	18	18	0	0	985.90	
1961	4	19	18	0	0	984.00	
1961	4	20	0	0	0	986.70	
1961	4	20	7	0	0	988.00	
1961	4	20	18	0	0	983.50	
1961	4	21	2	0	0	984.70	
1961	4	21	18	0	0	980.40	
1961	4	22	0	0	0	981.40	
1961	4	22	20	0	0	972.40	
1961	4	23	5	0	0	970.80	
1961	4	24	0	0	0	982.60	
1961	4	24	9	0	0	984.20	
1961	4	25	0	0	0	979.90	
1961	4	25	14	0	0	974.40	
1961	4	26	0	0	0	981.60	
1961	4	26	23	0	0	989.80	
1961	4	27	0	0	0	989.40	
1961	4	28	0	0	0	978.60	
1961	4	28	15	0	0	972.30	
1961	4	29	0	0	0	977.40	
1961	4	29	23	0	0	989.60	
1961	4	30	15	0	0	988.00	
1961	4	30	21	0	0	989.90	
1961	5	1	0	0	0	990.30	
1961	5	1	18	0	0	985.50	
1961	5	2	9	0	0	986.80	
1961	5	2	18	0	0	984.80	
1961	5	3	0	0	0	985.60	
1961	5	3	10	0	0	988.20	
1961	5	4	6	0	0	987.10	
1961	5	4	18	0	0	979.50	
1961	5	5	3	0	0	981.80	
1961	5	6	0	0	0	989.00	
1961	5	7	0	0	0	994.20	
1961	5	7	7	0	0	994.70	
1961	5	7	18	0	0	992.40	
1961	5	8	9	0	0	994.60	
1961	5	8	18	0	0	990.20	
1961	5	9	9	0	0	992.20	
1961	5	9	18	0	0	988.30	
1961	5	10	17	0	0	986.80	
1961	5	11	0	0	0	992.00	
1961	5	21	7	0	0	984.60	
1961	5	21	18	0	0	978.80	
1961	5	22	0	0	0	979.90	
1961	5	22	18	0	0	975.50	
1961	5	23	0	0	0	979.40	
1961	5	24	0	0	0	982.60	
1961	5	24	17	0	0	980.20	
1961	5	25	0	0	0	984.20	
1961	5	25	16	0	0	980.40	
1961	5	26	0	0	0	982.80	
1961	5	26	15	0	0	977.40	
1961	5	27	0	0	0	980.40	
1961	5	27	18	0	0	977.40	
1961	5	28	3	0	0	979.10	
1961	5	29	0	0	0	981.20	
1961	5	30	0	0	0	971.00	
1961	5	30	18	0	0	967.80	
1961	5	31	13	0	0	966.70	
1961	6	1	0	0	0	971.00	
1961	6	1	3	0	0	970.30	
1961	6	2	0	0	0	981.10	
1961	6	3	0	0	0	987.90	
1961	6	4	0	0	0	989.60	
1961	6	4	15	0	0	988.20	
1961	6	5	0	0	0	989.20	
1961	6	5	18	0	0	984.80	
1961	6	6	15	0	0	983.20	
1961	6	7	0	0	0	986.40	
1961	6	7	7	0	0	987.90	
1961	6	7	17	0	0	985.50	
1961	6	8	0	0	0	987.10	
1961	6	8	18	0	0	983.50	
1961	6	9	0	0	0	985.20	
1961	6	10	0	0	0	990.40	
1961	6	10	18	0	0	985.60	
1961	6	11	7	0	0	989.20	
1961	6	11	18	0	0	985.50	
1961	6	12	7	0	0	989.00	
1961	6	12	18	0	0	983.50	
1961	6	13	0	0	0	986.00	
1961	6	13	18	0	0	981.80	
1961	6	14	7	0	0	984.80	
1961	6	14	15	0	0	981.40	
1961	6	15	3	0	0	984.20	
1961	6	16	0	0	0	989.00	
1961	6	16	9	0	0	989.80	
1961	6	16	18	0	0	986.70	
1961	6	17	7	0	0	989.90	
1961	6	17	18	0	0	985.80	
1961	6	18	9	0	0	990.20	
1961	6	18	18	0	0	987.80	
1961	6	19	9	0	0	991.90	
1961	6	19	18	0	0	988.70	
1961	6	20	7	0	0	991.80	
1961	6	20	18	0	0	987.40	
1961	6	21	7	0	0	990.80	
1961	6	21	18	0	0	986.40	
1961	6	22	7	0	0	989.90	
1961	6	22	18	0	0	986.30	
1961	6	23	8	0	0	991.00	
1961	6	23	18	0	0	987.10	
1961	6	24	9	0	0	991.00	
1961	6	24	18	0	0	987.50	
1961	6	25	0	0	0	989.20	
1961	6	25	15	0	0	984.30	
1961	6	26	0	0	0	985.60	
1961	6	26	15	0	0	981.00	
1961	6	27	0	0	0	984.60	
1961	6	28	0	0	0	991.60	
1961	6	28	9	0	0	993.90	
1961	6	28	18	0	0	991.00	
1961	6	29	9	0	0	992.70	
1961	6	29	18	0	0	988.30	
1961	6	30	7	0	0	991.50	
1961	6	30	18	0	0	986.60	
1961	7	1	7	0	0	996.70	
1961	7	1	18	0	0	988.40	
1961	7	2	9	0	0	991.00	
1961	7	2	18	0	0	987.80	
1961	7	3	7	0	0	992.00	
1961	7	3	18	0	0	989.40	
1961	7	4	7	0	0	991.90	
1961	7	4	17	0	0	988.40	
1961	7	5	8	0	0	992.00	
1961	7	5	18	0	0	987.60	
1961	7	6	7	0	0	989.90	
1961	7	6	18	0	0	985.90	
1961	7	7	18	0	0	987.00	
1961	7	8	0	0	0	990.70	
1961	7	8	9	0	0	992.30	
1961	7	8	18	0	0	989.80	
1961	7	9	7	0	0	991.90	
1961	7	9	18	0	0	986.20	
1961	7	10	7	0	0	987.40	
1961	7	10	19	0	0	981.50	
1961	7	11	7	0	0	984.20	
1961	7	11	18	0	0	975.90	
1961	7	12	15	0	0	977.10	
1961	7	13	0	0	0	984.80	
1961	7	13	12	0	0	990.40	
1961	7	14	0	0	0	988.80	
1961	7	14	18	0	0	981.40	
1961	7	15	0	0	0	988.80	
1961	7	15	17	0	0	983.90	
1961	7	16	18	0	0	988.80	
1961	7	17	0	0	0	993.20	
1961	7	17	9	0	0	993.40	
1961	7	17	18	0	0	990.30	
1961	7	18	0	0	0	991.80	
1961	7	18	18	0	0	984.80	
1961	7	19	0	0	0	985.50	
1961	7	19	18	0	0	978.70	
1961	7	20	0	0	0	981.40	
1961	7	21	0	0	0	987.10	
1961	7	21	9	0	0	989.00	
1961	7	21	18	0	0	985.50	
1961	7	22	7	0	0	986.30	
1961	7	22	16	0	0	981.80	
1961	7	23	18	0	0	982.40	
1961	7	23	18	0	0	986.00	
1961	7	24	0	0	0	986.60	
1961	7	25	0	0	0	991.50	
1961	7	25	9	0	0	993.90	
1961	7	25	17	0	0	990.80	
1961	7	26	17	0	0	986.60	
1961	7	26	21	0	0	992.80	
1961	7	27	0	0	0	989.00	
1961	7	27	18	0	0	986.80	
1961	7	28	0	0	0	988.80	
1961	7	28	18	0	0	986.20	
1961	7	29	9	0	0	988.20	
1961	7	29	18	0	0	985.50	
1961	7	30	8	0	0	988.40	
1961	7	30	18	0	0	982.80	
1961	7	31	7	0	0	988.20	
1961	7	31	15	0	0	985.10	
1961	9	1	9	0	0	992.20	
1961	9	1	21	0	0	988.40	
1961	9	2	0	0	0	989.00	
1961	9	2	18	0	0	982.80	
1961	9	3	18	0	0	983.50	
1961	9	3	21	0	0	985.00	
1961	9	4	6	0	0	982.30	
1961	9	5	0	0	0	985.60	
1961	9	5	10	0	0	985.90	
1961	9	5	18	0	0	982.40	
1961	9	6	9	0	0	985.90	
1961	9	6	16	0	0	983.00	
1961	9	7	8	0	0	988.60	
1961	9	7	17	0	0	984.70	
1961	9	8	0	0	0	987.20	
1961	9	9	0	0	0	989.90	
1961	9	9	7	0	0	990.70	
1961	9	9	17	0	0	987.10	
1961	9	10	9	0	0	989.20	
1961	9	10	18	0	0	986.70	
1961	9	11	16	0	0	985.90	
1961	9	12	0	0	0	989.20	
1961	9	12	10	0	0	989.90	
1961	9	12	18	0	0	985.60	
1961	9	13	16	0	0	985.00	
1961	9	13	18	0	0	987.10	
1961	9	14	0	0	0	987.10	
1961	9	15	0	0	0	992.20	
1961	9	15	9	0	0	993.10	
1961	9	15	18	0	0	988.00	
1961	9	16	0	0	0	988.20	
1961	9	16	17	0	0	982.30	
1961	9	17	9	0	0	985.80	
1961	9	17	16	0	0	982.30	
1961	9	18	3	0	0	985.60	
1961	9	18	15	0	0	980.70	
1961	9	19	0	0	0	984.70	
1961	9	19	14	0	0	989.60	
1961	9	20	10	0	0	989.00	
1961	9	20	18	0	0	987.80	
1961	9	21	9	0	0	990.20	
1961	9	21	18	0	0	988.40	
1961	9	22	9	0	0	990.60	
1961	9	22	16	0	0	988.20	
1961	9	23	9	0	0	991.60	
1961	9	23	18	0	0	989.00	
1961	9	24	9	0	0	992.60	
1961	9	24	18	0	0	990.30	
1961	9	25	9	0	0	993.20	
1961	9	25	18	0	0	991.10	
1961	9	26	9	0	0	992.40	
1961	9	26	18	0	0	988.80	
1961	9	27	0	0	0	991.00	
1961	9	28	0	0	0	983.50	
1961	9	28	9	0	0	985.10	
1961	9	28	15	0	0	980.70	
1961	9	29	8	0	0	984.40	
1961	9	29	15	0	0	981.90	
1961	9	30	0	0	0	983.20	
1961	10	1	0	0	0	988.40	
1961	10	1	13	0	0	988.00	
1961	10	1	18	0	0	988.70	
1961	10	2	0	0	0	989.00	
1961	10	2	18	0	0	985.00	
1961	10	3	0	0	0	985.50	
1961	10	3	15	0	0	983.20	
1961	10	4	9	0	0	984.80	
1961	10	4	15	0	0	982.60	
1961	10	5	0	0	0	983.50	
1961	10	5	14	0	0	978.00	
1961	10	6	0	0	0	981.20	
1961	10	6	15	0	0	975.90	
1961	10	7	0	0	0	977.60	
1961	10	8	0	0	0	982.30	
1961	10	8	1	0	0	981.90	
1961	10	9	0	0	0	990.30	
1961	10	10	0	0	0	993.40	
1961	10	10	9	0	0	994.70	
1961	10	10	18	0	0	992.20	
1961	10	11	10	0	0	994.40	
1961	10	11	18	0	0	992.20	
1961	10	12	9	0	0	993.20	
1961	10	12	18	0	0	991.20	
1961	10	13	9	0	0	992.60	
1961	10	13	15	0	0	991.00	
1961	10	14	9	0	0	993.40	
1961	10	14	16	0	0	991.40	
1961	10	15	9	0	0	993.10	
1961	10	15	17	0	0	991.00	
1961	10	16	3	0	0	992.20	
1961	10	16	12	0	0	993.50	
1961	10	17	0	0	0	992.80	
1961	10	18	0	0	0	982.30	
1961	10	18	13	0	0	974.00	
1961	10	19	0	0	0	977.10	
1961	10	19	21	0	0	981.90	
1961	10	20	13	0	0	978.20	
1961	10	21	0	0	0	982.20	
1961	10	21	12	0	0	984.70	
1961	10	22	0	0	0	987.60	
1961	10	22	4	0	0	984.00	
1961	10	23	0	0	0	987.60	
1961	10	24	0	0	0	991.60	
1961	10	24	9	0	0	992.20	
1961	10	24	15	0	0	990.30	
1961	10	25	9	0	0	991.20	
1961	10	25	17	0	0	987.10	
1961	10	26	0	0	0	987.50	
1961	10	27	0	0	0	979.60	
1961	10	27	21	0	0	983.50	
1961	10	28	9	0	0	984.20	
1961	10	28	15	0	0	982.20	
1961	10	29	0	0	0	983.20	
1961	10	29	15	0	0	980.20	
1961	10	30	0	0	0	981.20	
1961	10	31	0	0	0	987.10	
1961	11	1	0	0	0	993.60	
1961	11	1	9	0	0	995.90	
1961	11	2	9	0	0	996.00	
1961	11	2	16	0	0	992.80	
1961	11	3	0	0	0	992.80	
1961	11	3	17	0	0	988.00	
1961	11	4	3	0	0	987.90	
1961	11	4	22	0	0	993.10	
1961	11	5	0	0	0	991.90	
1961	11	6	0	0	0	986.40	
1961	11	6	18	0	0	978.80	
1961	11	7	15	0	0	978.00	
1961	11	8	0	0	0	980.60	
1961	11	8	10	0	0	982.60	
1961	11	9	12	0	0	975.10	
1961	11	10	0	0	0	983.60	
1961	11	10	9	0	0	984.30	
1961	11	11	0	0	0	978.30	
1961	11	11	13	0	0	960.80	
1961	11	12	9	0	0	959.50	
1961	11	13	0	0	0	964.30	
1961	11	14	0	0	0	973.80	
1961	11	14	7	0	0	972.30	
1961	11	15	0	0	0	975.80	
1961	11	16	0	0	0	982.30	
1961	11	16	9	0	0	984.80	
1961	11	17	0	0	0	984.60	
1961	11	18	0	0	0	981.20	
1961	11	18	5	0	0	980.40	
1961	11	19	0	0	0	982.40	
1961	11	19	12	0	0	985.10	
1961	11	20	3	0	0	984.30	
1961	11	20	21	0	0	986.70	
1961	11	21	0	0	0	986.60	
1961	11	21	15	0	0	982.40	
1961	11	22	0	0	0	983.40	
1961	11	22	15	0	0	980.80	
1961	11	23	0	0	0	982.30	
1961	11	24	0	0	0	986.40	
1961	11	24	9	0	0	988.20	
1961	11	25	0	0	0	986.20	
1961	11	26	0	0	0	972.30	
1961	11	26	9	0	0	965.00	
1961	11	27	0	0	0	973.40	
1961	11	28	0	0	0	978.00	
1961	11	28	9	0	0	979.10	
1961	11	28	21	0	0	974.70	
1961	11	29	0	0	0	976.20	
1961	11	30	0	0	0	991.20	
1961	11	30	18	0	0	994.70	
1961	12	1	0	0	0	994.60	
1961	12	2	0	0	0	988.40	
1961	12	2	7	0	0	990.30	
1961	12	2	15	0	0	984.80	
1961	12	3	0	0	0	985.40	
1961	12	4	0	0	0	990.70	
1961	12	4	9	0	0	992.20	
1961	12	4	15	0	0	990.20	
1961	12	5	15	0	0	989.80	
1961	12	6	0	0	0	992.80	
1961	12	6	10	0	0	995.00	
1961	12	6	15	0	0	991.50	
1961	12	7	0	0	0	993.80	
1961	12	8	0	0	0	987.80	
1961	12	8	15	0	0	986.20	
1961	12	9	13	0	0	986.60	
1961	12	10	0	0	0	989.60	
1961	12	10	3	0	0	988.80	
1961	12	11	0	0	0	992.00	
1961	12	12	0	0	0	993.50	
1961	12	12	0	0	0	994.70	
1961	12	12	11	0	0	995.90	
1961	12	13	0	0	0	994.60	
1961	12	14	0	0	0	997.50	
1961	12	14	11	0	0	998.30	
1961	12	14	18	0	0	994.60	
1961	12	15	0	0	0	995.40	
1961	12	15	18	0	0	993.20	
1961	12	16	0	0	0	993.90	
1961	12	17	0	0	0	988.70	
1961	12	17	4	0	0	987.20	
1961	12	18	0	0	0	996.20	
1961	12	18	15	0	0	995.90	
1961	12	19	0	0	0	997.90	
1961	12	19	0	0	0	999.20	
1961	12	19	18	0	0	993.90	
1961	12	20	9	0	0	996.40	
1961	12	21	0	0	0	993.20	
1961	12	21	9	0	0	993.40	
1961	12	22	0	0	0	989.60	
1961	12	23	0	0	0	980.20	
1961	12	24	0	0	0	970.80	
1961	12	24	10	0	0	972.30	
1961	12	24	23	0	0	965.10	
1961	12	25	0	0	0	966.20	
1961	12	25	9	0	0	974.30	
1961	12	26	0	0	0	969.80	
1961	12	26	6	0	0	967.60	
1961	12	27	1	0	0	968.40	
1961	12	28	0	0	0	972.20	
1961	12	29	0	0	0	976.80	
1961	12	30	0	0	0	974.80	
1961	12	30	15	0	0	972.30	
1961	12	31	13	0	0	972.60	
1961	12	31	21	0	0	978.40	
1962	2	1	0	0	0	994.40	
1962	2	1	13	0	0	991.20	
1962	2	2	0	0	0	993.00	
1962	2	2	10	0	0	997.00	
1962	2	3	6	0	0	994.70	
1962	2	4	0	0	0	998.70	
1962	2	4	12	0	0	1000.80	
1962	2	5	0	0	0	998.00	
1962	2	5	3	0	0	999.90	
1962	2	5	21	0	0	1002.30	
1962	2	6	0	0	0	1001.60	
1962	2	7	0	0	0	994.70	
1962	2	7	15	0	0	985.90	
1962	2	8	15	0	0	984.80	
1962	2	8	22	0	0	987.10	
1962	2	9	1	0	0	986.00	
1962	2	10	0	0	0	993.90	
1962	2	10	21	0	0	998.20	
1962	2	21	10	0	0	994.20	
1962	2	21	18	0	0	991.10	
1962	2	22	0	0	0	995.00	
1962	2	22	18	0	0	987.00	
1962	2	23	0	0	0	987.10	
1962	2	23	18	0	0	981.80	
1962	2	24	0	0	0	983.40	
1962	2	25	0	0	0	978.40	
1962	2	25	18	0	0	970.30	
1962	2	26	7	0	0	971.10	
1962	2	27	0	0	0	974.60	
1962	2	27	15	0	0	972.00	
1962	2	28	0	0	0	976.40	
1962	3	1	0	0	0	983.10	
1962	3	11	0	0	0	982.40	
1962	3	11	18	0	0	977.50	
1962	3	12	0	0	0	977.80	
1962	3	13	0	0	0	981.90	
1962	3	13	3	0	0	981.10	
1962	3	14	0	0	0	987.80	
1962	3	14	12	0	0	990.20	
1962	3	15	0	0	0	988.80	
1962	3	15	18	0	0	983.80	
1962	3	16	7	0	0	985.00	
1962	3	16	15	0	0	982.40	
1962	3	17	7	0	0	985.50	
1962	3	17	18	0	0	983.10	
1962	3	18	0	0	0	983.60	
1962	3	18	18	0	0	976.80	
1962	3	19	18	0	0	977.50	
1962	3	20	0	0	0	978.60	
1962	3	20	18	0	0	975.00	
1962	3	21	0	0	0	975.00	
1962	3	21	17	0	0	970.80	
1962	3	22	12	0	0	974.40	
1962	3	22	18	0	0	972.70	
1962	3	23	0	0	0	973.90	
1962	3	24	0	0	0	978.80	
1962	3	24	15	0	0	978.60	
1962	3	25	0	0	0	982.70	
1962	3	26	0	0	0	989.90	
1962	3	26	9	0	0	991.20	
1962	3	26	18	0	0	988.70	
1962	3	27	17	0	0	983.10	
1962	3	28	0	0	0	986.60	
1962	3	28	0	0	0	989.20	
1962	3	28	10	0	0	989.50	
1962	3	29	0	0	0	987.60	
1962	3	30	0	0	0	983.00	
1962	3	30	17	0	0	976.30	
1962	3	31	6	0	0	977.50	
1962	4	1	0	0	0	984.40	
1962	4	1	3	0	0	984.30	
1962	4	2	0	0	0	989.40	
1962	4	2	9	0	0	992.00	
1962	4	3	0	0	0	988.00	
1962	4	3	15	0	0	979.20	
1962	4	4	9	0	0	987.90	
1962	4	5	0	0	0	980.20	
1962	4	5	0	0	0	980.60	
1962	4	6	0	0	0	989.50	
1962	4	6	3	0	0	988.40	
1962	4	6	21	0	0	994.80	
1962	4	7	9	0	0	995.20	
1962	4	7	18	0	0	991.80	
1962	4	8	15	0	0	988.70	
1962	4	9	0	0	0	994.40	
1962	4	9	1	0	0	994.40	
1962	4	9	21	0	0	999.90	
1962	4	10	0	0	0	999.60	
1962	4	10	18	0	0	995.40	
1962	4	11	0	0	0	995.50	
1962	4	11	13	0	0	990.20	
1962	4	12	18	0	0	986.80	
1962	4	13	9	0	0	988.80	
1962	4	13	18	0	0	986.70	
1962	4	14	0	0	0	987.40	
1962	4	14	15	0	0	981.90	
1962	4	15	0	0	0	984.60	
1962	4	15	18	0	0	980.20	
1962	4	16	1	0	0	980.80	
1962	4	17	0	0	0	974.60	
1962	4	17	15	0	0	969.90	
1962	4	18	0	0	0	974.00	
1962	4	19	0	0	0	983.00	
1962	4	19	12	0	0	986.00	
1962	4	20	9	0	0	986.20	
1962	4	20	18	0	0	983.80	
1962	4	21	18	0	0	981.00	
1962	4	22	0	0	0	985.10	
1962	4	22	12	0	0	986.80	
1962	4	22	18	0	0	984.60	
1962	4	23	15	0	0	983.20	
1962	4	24	0	0	0	987.60	
1962	4	24	3	0	0	987.50	
1962	4	25	0	0	0	992.80	
1962	4	25	9	0	0	993.50	
1962	4	25	18	0	0	991.80	
1962	4	26	0	0	0	993.20	
1962	4	26	18	0	0	988.20	
1962	4	27	0	0	0	989.00	
1962	4	28	0	0	0	983.60	
1962	4	28	18	0	0	978.40	
1962	4	29	0	0	0	978.70	
1962	4	29	18	0	0	975.10	
1962	4	30	9	0	0	979.50	
1962	4	30	18	0	0	976.70	
1962	5	1	15	0	0	975.90	
1962	5	2	0	0	0	980.70	
1962	5	3	0	0	0	985.50	
1962	5	3	3	0	0	985.40	
1962	5	4	0	0	0	989.00	
1962	5	4	18	0	0	986.60	
1962	5	5	9	0	0	988.70	
1962	5	5	18	0	0	987.00	
1962	5	6	7	0	0	989.40	
1962	5	6	18	0	0	986.80	
1962	5	7	7	0	0	988.30	
1962	5	7	18	0	0	985.40	
1962	5	8	7	0	0	987.50	
1962	5	9	0	0	0	982.30	
1962	5	10	0	0	0	991.50	
1962	5	10	18	0	0	990.40	
1962	5	11	0	0	0	993.00	
1962	5	11	18	0	0	987.60	
1962	5	12	0	0	0	988.60	
1962	5	12	15	0	0	981.90	
1962	5	13	3	0	0	983.90	
1962	5	14	0	0	0	987.80	
1962	5	14	3	0	0	987.60	
1962	5	15	0	0	0	995.10	
1962	5	15	11	0	0	996.20	
1962	5	15	18	0	0	994.20	
1962	5	16	0	0	0	995.80	
1962	5	16	18	0	0	991.90	
1962	5	17	0	0	0	993.80	
1962	5	17	18	0	0	986.20	
1962	5	18	7	0	0	988.70	
1962	5	18	16	0	0	984.20	
1962	5	19	3	0	0	984.30	
1962	5	20	0	0	0	993.10	
1962	5	20	9	0	0	993.80	
1962	5	20	18	0	0	988.40	
1962	5	21	18	0	0	987.50	
1962	5	22	0	0	0	989.80	
1962	5	22	9	0	0	992.70	
1962	5	23	9	0	0	993.20	
1962	5	23	18	0	0	989.20	
1962	5	24	0	0	0	990.70	
1962	5	24	18	0	0	986.00	
1962	5	25	0	0	0	987.80	
1962	5	25	18	0	0	981.10	
1962	5	26	0	0	0	982.20	
1962	5	26	16	0	0	979.50	
1962	5	27	15	0	0	980.80	
1962	5	28	0	0	0	983.90	
1962	5	29	0	0	0	986.70	
1962	5	29	9	0	0	987.90	
1962	5	29	18	0	0	984.60	
1962	5	30	9	0	0	986.70	
1962	5	31	0	0	0	983.20	
1962	6	1	0	0	0	975.90	
1962	6	11	7	0	0	990.00	
1962	6	11	21	0	0	985.40	
1962	6	12	0	0	0	985.60	
1962	6	12	18	0	0	978.20	
1962	6	13	0	0	0	979.40	
1962	6	13	12	0	0	984.00	
1962	6	14	3	0	0	983.90	
1962	6	15	0	0	0	987.90	
1962	6	16	0	0	0	991.00	
1962	6	16	7	0	0	992.70	
1962	6	16	18	0	0	989.20	
1962	6	17	7	0	0	990.70	
1962	6	17	18	0	0	986.30	
1962	6	18	7	0	0	988.00	
1962	6	18	13	0	0	985.50	
1962	6	19	0	0	0	987.00	
1962	6	20	0	0	0	990.70	
1962	6	20	18	0	0	986.80	
1962	6	21	7	0	0	991.50	
1962	6	21	18	0	0	987.90	
1962	6	22	9	0	0	991.50	
1962	6	22	18	0	0	988.40	
1962	6	23	7	0	0	991.60	
1962	6	23	18	0	0	988.70	
1962	6	24	9	0	0	992.60	
1962	6	24	18	0	0	988.70	
1962	6	25	7	0	0	992.00	
1962	6	25	18	0	0	986.80	
1962	6	26	0	0	0	988.60	
1962	6	26	18	0	0	984.80	
1962	6	27	6	0	0	989.00	
1962	6	27	18	0	0	985.90	
1962	6	28	6	0	0	990.00	
1962	6	28	18	0	0	986.20	
1962	6	29	9	0	0	989.20	
1962	6	29	18	0	0	985.90	
1962	6	30	0	0	0	988.00	
1962	6	30	18	0	0	983.40	
1962	7	1	0	0	0	985.90	
1962	7	2	0	0	0	992.40	
1962	7	2	7	0	0	993.90	
1962	7	2	19	0	0	990.30	
1962	7	3	0	0	0	991.00	
1962	7	3	18	0	0	984.20	
1962	7	4	0	0	0	984.80	
1962	7	4	18	0	0	979.90	
1962	7	5	3	0	0	981.00	
1962	7	6	0	0	0	985.20	
1962	7	6	9	0	0	986.60	
1962	7	6	18	0	0	983.50	
1962	7	7	19	0	0	984.60	
1962	7	8	0	0	0	987.20	
1962	7	8	7	0	0	987.90	
1962	7	8	18	0	0	983.50	
1962	7	9	8	0	0	986.60	
1962	7	9	18	0	0	981.80	
1962	7	10	18	0	0	979.20	
1962	7	11	0	0	0	984.40	
1962	7	11	8	0	0	986.60	
1962	7	11	18	0	0	983.10	
1962	7	12	7	0	0	987.00	
1962	7	12	18	0	0	982.30	
1962	7	13	7	0	0	987.00	
1962	7	13	18	0	0	982.80	
1962	7	14	7	0	0	984.30	
1962	7	14	15	0	0	980.00	
1962	7	15	0	0	0	983.40	
1962	7	16	0	0	0	987.90	
1962	7	16	17	0	0	987.50	
1962	7	16	23	0	0	991.40	
1962	7	17	0	0	0	991.20	
1962	7	17	17	0	0	987.80	
1962	7	18	16	0	0	988.60	
1962	7	19	0	0	0	991.50	
1962	7	19	19	0	0	986.20	
1962	7	20	0	0	0	987.10	
1962	7	20	18	0	0	978.20	
1962	8	1	7	0	0	991.00	
1962	8	1	18	0	0	984.80	
1962	8	2	9	0	0	988.30	
1962	8	2	18	0	0	985.20	
1962	8	3	7	0	0	988.60	
1962	8	3	18	0	0	984.30	
1962	8	4	9	0	0	988.70	
1962	8	4	18	0	0	983.80	
1962	8	5	7	0	0	987.50	
1962	8	5	18	0	0	983.80	
1962	8	6	0	0	0	984.80	
1962	8	6	18	0	0	976.60	
1962	8	7	7	0	0	984.00	
1962	8	8	0	0	0	990.00	
1962	8	8	18	0	0	989.10	
1962	8	9	0	0	0	992.00	
1962	8	9	18	0	0	990.70	
1962	8	10	0	0	0	993.20	
1962	8	10	9	0	0	993.80	
1962	8	10	18	0	0	989.40	
1962	8	11	0	0	0	989.80	
1962	8	11	18	0	0	982.40	
1962	8	12	18	0	0	982.20	
1962	8	13	0	0	0	985.80	
1962	8	13	7	0	0	988.40	
1962	8	13	18	0	0	985.50	
1962	8	14	0	0	0	986.80	
1962	8	14	18	0	0	980.30	
1962	8	15	9	0	0	987.10	
1962	8	15	18	0	0	983.20	
1962	8	16	7	0	0	986.20	
1962	8	16	18	0	0	982.00	
1962	8	17	18	0	0	984.00	
1962	8	18	0	0	0	989.10	
1962	8	18	9	0	0	991.00	
1962	8	18	18	0	0	987.20	
1962	8	19	7	0	0	989.10	
1962	8	19	18	0	0	984.00	
1962	8	20	9	0	0	989.50	
1962	8	21	18	0	0	988.80	
1962	8	22	0	0	0	991.20	
1962	8	22	9	0	0	992.00	
1962	8	22	18	0	0	988.70	
1962	8	23	9	0	0	993.00	
1962	8	23	18	0	0	989.60	
1962	8	24	9	0	0	992.40	
1962	8	24	18	0	0	988.30	
1962	8	25	9	0	0	992.30	
1962	8	25	18	0	0	988.20	
1962	8	26	7	0	0	991.10	
1962	8	26	18	0	0	986.40	
1962	8	27	0	0	0	987.50	
1962	8	27	9	0	0	990.80	
1962	8	28	9	0	0	990.60	
1962	8	28	18	0	0	987.50	
1962	8	29	10	0	0	991.90	
1962	8	29	18	0	0	988.80	
1962	8	30	8	0	0	990.30	
1962	8	30	18	0	0	983.90	
1962	8	31	16	0	0	981.80	
1962	8	31	20	0	0	987.80	
1962	9	1	18	0	0	986.70	
1962	9	2	0	0	0	988.60	
1962	9	2	10	0	0	990.70	
1962	9	2	20	0	0	986.60	
1962	9	3	18	0	0	982.30	
1962	9	4	17	0	0	981.40	
1962	9	5	0	0	0	986.30	
1962	9	5	10	0	0	988.40	
1962	9	5	18	0	0	985.20	
1962	9	6	7	0	0	986.70	
1962	9	6	18	0	0	982.70	
1962	9	7	10	0	0	987.90	
1962	9	8	10	0	0	989.90	
1962	9	8	17	0	0	986.80	
1962	9	9	7	0	0	989.60	
1962	9	9	18	0	0	985.90	
1962	9	10	9	0	0	990.40	
1962	9	10	18	0	0	986.70	
1962	9	11	0	0	0	989.40	
1962	9	11	9	0	0	992.80	
1962	9	12	6	0	0	989.20	
1962	9	13	0	0	0	993.00	
1962	9	13	7	0	0	993.40	
1962	9	13	10	0	0	987.50	
1962	9	14	0	0	0	988.40	
1962	9	14	16	0	0	983.60	
1962	9	15	9	0	0	986.30	
1962	9	15	16	0	0	982.30	
1962	9	16	16	0	0	985.00	
1962	9	17	0	0	0	988.30	
1962	9	17	1	0	0	988.30	
1962	9	17	15	0	0	986.20	
1962	9	18	0	0	0	988.00	
1962	9	18	18	0	0	983.00	
1962	9	19	9	0	0	983.40	
1962	9	19	18	0	0	981.40	
1962	9	20	0	0	0	983.20	
1962	9	21	0	0	0	987.20	
1962	9	22	0	0	0	991.40	
1962	9	22	1	0	0	991.40	
1962	9	22	9	0	0	993.90	
1962	9	23	9	0	0	995.10	
1962	9	24	0	0	0	991.20	
1962	9	24	18	0	0	984.80	
1962	9	25	3	0	0	985.20	
1962	9	25	15	0	0	977.80	
1962	9	26	0	0	0	979.00	
1962	9	27	0	0	0	983.40	
1962	9	28	0	0	0	985.80	
1962	9	28	15	0	0	982.40	
1962	9	29	0	0	0	985.50	
1962	9	29	10	0	0	988.60	
1962	9	30	15	0	0	984.30	
1962	10	1	0	0	0	986.60	
1962	10	1	9	0	0	988.20	
1962	10	1	18	0	0	985.20	
1962	10	2	16	0	0	986.00	
1962	10	3	0	0	0	989.00	
1962	10	4	0	0	0	993.90	
1962	10	4	9	0	0	995.60	
1962	10	4	18	0	0	992.40	
1962	10	5	9	0	0	994.40	
1962	10	5	18	0	0	992.00	
1962	10	6	9	0	0	993.50	
1962	10	6	18	0	0	990.70	
1962	10	7	9	0	0	991.40	
1962	10	7	18	0	0	987.80	
1962	10	8	18	0	0	986.60	
1962	10	9	0	0	0	988.20	
1962	10	9	9	0	0	989.40	
1962	10	9	16	0	0	986.60	
1962	10	10	9	0	0	988.70	
1962	10	10	18	0	0	985.40	
1962	10	11	0	0	0	985.40	
1962	10	12	0	0	0	977.60	
1962	10	12	6	0	0	976.60	
1962	10	12	18	0	0	979.90	
1962	10	13	10	0	0	981.80	
1962	10	13	15	0	0	979.20	
1962	10	14	0	0	0	981.50	
1962	10	14	18	0	0	979.00	
1962	10	15	3	0	0	979.40	
1962	10	16	0	0	0	981.60	
1962	10	16	3	0	0	981.10	
1962	10	16	18	0	0	982.80	
1962	10	17	0	0	0	984.80	
1962	10	17	21	0	0	988.80	
1962	10	18	13	0	0	989.10	
1962	10	18	15	0	0	988.20	
1962	10	19	0	0	0	990.30	
1962	10	19	18	0	0	986.70	
1962	10	20	9	0	0	988.60	
1962	10	20	18	0	0	987.40	
1962	10	21	0	0	0	988.30	
1962	10	21	9	0	0	990.30	
1962	10	22	0	0	0	990.00	
1962	10	23	0	0	0	992.40	
1962	10	23	9	0	0	994.40	
1962	10	23	18	0	0	991.40	
1962	10	24	0	0	0	994.60	
1962	10	25	0	0	0	990.40	
1962	10	25	18	0	0	986.00	
1962	10	26	0	0	0	999.50	
1962	10	26	18	0	0	984.00	
1962	10	27	0	0	0	985.40	
1962	10	27	21	0	0	990.60	
1962	10	28	0	0	0	990.20	
1962	10	28	16	0	0	987.00	
1962	10	29	0	0	0	988.60	
1962	10	29	10	0	0	992.00	
1962	10	30	0	0	0	989.40	
1962	10	30	18	0	0	985.90	
1962	10	31	13	0	0	985.80	
1962	10	31	19	0	0	987.40	
1962	11	1	0	0	0	986.40	
1962	11	2	0	0	0	981.50	
1962	11	3	0	0	0	978.00	
1962	11	4	0	0	0	972.40	
1962	11	5	0	0	0	967.00	
1962	11	5	15	0	0	960.70	
1962	11	6	3	0	0	960.30	
1962	11	7	0	0	0	969.00	
1962	11	7	13	0	0	964.40	
1962	11	8	0	0	0	967.00	
1962	11	8	21	0	0	973.20	
1962	11	9	7	0	0	971.60	
1962	11	10	0	0	0	974.00	
1962	11	11	0	0	0	978.40	
1962	11	12	0	0	0	981.80	
1962	11	13	0	0	0	986.60	
1962	11	13	10	0	0	987.60	
1962	11	13	15	0	0	985.20	
1962	11	14	15	0	0	985.80	
1962	11	15	0	0	0	989.90	
1962	11	15	9	0	0	990.80	
1962	11	15	15	0	0	988.80	
1962	11	16	0	0	0	990.40	
1962	11	17	0	0	0	985.40	
1962	11	17	15	0	0	977.00	
1962	11	18	4	0	0	978.70	
1962	11	18	13	0	0	973.60	
1962	11	19	0	0	0	976.60	
1962	11	19	21	0	0	986.30	
1962	11	20	10	0	0	990.60	
1962	11	21	0	0	0	983.10	
1962	11	21	15	0	0	979.00	
1962	11	22	0	0	0	981.80	
1962	11	23	0	0	0	992.30	
1962	11	23	10	0	0	995.50	
1962	11	24	9	0	0	996.60	
1962	11	24	18	0	0	993.40	
1962	11	25	0	0	0	993.90	
1962	11	26	0	0	0	997.80	
1962	11	27	0	0	0	991.60	
1962	11	27	3	0	0	991.20	
1962	11	27	21	0	0	993.90	
1962	11	28	0	0	0	993.80	
1962	11	28	18	0	0	988.00	
1962	11	29	5	0	0	986.30	
1962	11	29	11	0	0	991.50	
1962	11	30	16	0	0	989.80	
1962	12	1	0	0	0	993.40	
1963	1	21	0	0	0	978.40	
1963	1	22	0	0	0	984.00	
1963	1	23	0	0	0	991.50	
1963	1	24	0	0	0	998.30	
1963	1	24	9	0	0	998.70	
1963	1	24	18	0	0	996.00	
1963	1	25	0	0	0	997.40	
1963	1	26	0	0	0	999.60	
1963	1	26	9	0	0	1001.20	
1963	1	27	0	0	0	995.90	
1963	1	27	13	0	0	990.60	
1963	1	28	9	0	0	995.00	
1963	1	28	18	0	0	991.00	
1963	1	29	3	0	0	994.40	
1963	1	30	0	0	0	987.50	
1963	1	30	3	0	0	987.60	
1963	1	31	0	0	0	980.40	
1963	1	31	15	0	0	977.40	
1963	2	1	0	0	0	979.60	
1963	2	2	0	0	0	971.10	
1963	2	2	15	0	0	965.60	
1963	2	3	0	0	0	972.20	
1963	2	3	9	0	0	973.40	
1963	2	3	15	0	0	971.00	
1963	2	4	15	0	0	969.20	
1963	2	5	0	0	0	971.90	
1963	2	6	0	0	0	980.30	
1963	2	6	9	0	0	981.40	
1963	2	7	0	0	0	974.80	
1963	2	7	7	0	0	972.30	
1963	2	8	0	0	0	980.30	
1963	2	8	21	0	0	986.60	
1963	2	9	0	0	0	986.20	
1963	2	10	0	0	0	975.60	
1963	2	10	21	0	0	971.00	
1963	2	21	0	0	0	984.70	
1963	2	21	10	0	0	990.20	
1963	2	22	6	0	0	988.00	
1963	2	23	0	0	0	990.60	
1963	2	23	11	0	0	991.50	
1963	2	24	0	0	0	988.30	
1963	2	24	15	0	0	982.40	
1963	2	25	0	0	0	984.70	
1963	2	26	0	0	0	988.30	
1963	2	26	12	0	0	988.60	
1963	2	26	18	0	0	987.00	
1963	2	27	0	0	0	988.70	
1963	2	28	0	0	0	991.80	
1963	2	28	9	0	0	992.80	
1963	2	28	18	0	0	990.30	
1963	3	1	3	0	0	991.10	
1963	3	2	0	0	0	993.10	
1963	3	2	10	0	0	995.90	
1963	3	3	11	0	0	995.40	
1963	3	3	17	0	0	993.20	
1963	3	4	4	0	0	994.00	
1963	3	5	0	0	0	994.30	
1963	3	5	0	0	0	997.00	
1963	3	5	12	0	0	999.20	
1963	3	6	9	0	0	999.20	
1963	3	6	17	0	0	994.20	
1963	3	7	9	0	0	997.90	
1963	3	8	0	0	0	992.40	
1963	3	8	15	0	0	986.80	
1963	3	10	0	0	0	980.60	
1963	3	10	12	0	0	983.90	
1963	3	11	0	0	0	977.60	
1963	3	11	15	0	0	972.70	
1963	3	12	0	0	0	977.40	
1963	3	13	0	0	0	991.20	
1963	3	13	9	0	0	994.30	
1963	3	14	0	0	0	992.70	
1963	3	14	16	0	0	983.80	
1963	3	15	3	0	0	986.00	
1963	3	15	12	0	0	988.30	
1963	3	16	0	0	0	990.40	
1963	3	16	4	0	0	985.40	
1963	3	17	9	0	0	992.30	
1963	3	17	18	0	0	989.00	
1963	3	18	6	0	0	988.80	
1963	3	18	13	0	0	990.70	
1963	3	19	0	0	0	990.60	
1963	3	19	18	0	0	979.50	
1963	3	20	9	0	0	985.20	
1963	3	20	21	0	0	980.20	
1963	3	21	0	0	0	981.00	
1963	3	21	19	0	0	988.40	
1963	3	22	7	0	0	976.40	
1963	3	22	21	0	0	987.80	
1963	3	23	15	0	0	985.10	
1963	3	24	0	0	0	989.40	
1963	3	25	0	0	0	995.10	
1963	3	25	7	0	0	996.00	
1963	3	26	0	0	0	991.00	
1963	3	26	18	0	0	984.80	
1963	3	27	0	0	0	984.60	
1963	3	27	0	0	0	991.00	
1963	3	27	15	0	0	979.60	
1963	3	28	3	0	0	981.40	
1963	3	28	8	0	0	984.20	
1963	3	29	11	0	0	976.40	
1963	3	30	0	0	0	982.70	
1963	3	30	7	0	0	984.20	
1963	3	30	15	0	0	979.00	
1963	3	31	0	0	0	983.80	
1963	3	31	21	0	0	988.60	
1963	4	11	0	0	0	964.40	
1963	4	12	0	0	0	979.20	
1963	4	13	0	0	0	984.30	
1963	4	13	3	0	0	984.20	
1963	4	14	0	0	0	991.40	
1963	4	14	9	0	0	993.60	
1963	4	14	21	0	0	989.50	
1963	4	15	0	0	0	989.60	
1963	4	16	0	0	0	981.50	
1963	4	16	10	0	0	984.00	
1963	4	17	0	0	0	978.70	
1963	4	17	18	0	0	975.00	
1963	4	18	0	0	0	979.20	
1963	4	18	16	0	0	969.80	
1963	4	19	0	0	0	976.20	
1963	4	20	0	0	0	987.60	
1963	4	20	18	0	0	981.00	
1963	5	1	0	0	0	987.80	
1963	5	1	18	0	0	977.40	
1963	5	2	3	0	0	976.70	
1963	5	3	0	0	0	984.40	
1963	5	3	1	0	0	984.40	
1963	5	3	18	0	0	980.80	
1963	5	4	0	0	0	982.70	
1963	5	4	18	0	0	978.30	
1963	5	5	0	0	0	981.20	
1963	5	6	0	0	0	985.80	
1963	5	6	9	0	0	986.40	
1963	5	6	18	0	0	982.20	
1963	5	7	0	0	0	984.30	
1963	5	8	0	0	0	988.60	
1963	5	8	9	0	0	990.60	
1963	5	8	18	0	0	987.60	
1963	5	9	16	0	0	990.00	
1963	5	9	21	0	0	991.10	
1963	5	10	0	0	0	990.80	
1963	5	10	18	0	0	987.00	
1963	5	11	3	0	0	989.90	
1963	5	11	21	0	0	992.00	
1963	5	12	6	0	0	992.40	
1963	5	12	18	0	0	988.40	
1963	5	13	9	0	0	989.10	
1963	5	14	0	0	0	994.60	
1963	5	14	3	0	0	995.40	
1963	5	14	18	0	0	992.80	
1963	5	15	0	0	0	993.50	
1963	5	15	13	0	0	988.40	
1963	5	16	0	0	0	991.20	
1963	5	16	15	0	0	988.60	
1963	5	17	9	0	0	992.30	
1963	5	17	18	0	0	990.40	
1963	5	18	0	0	0	992.30	
1963	5	18	18	0	0	988.40	
1963	5	19	13	0	0	990.40	
1963	5	19	17	0	0	988.30	
1963	5	20	0	0	0	989.90	
1963	5	20	21	0	0	984.20	
1963	5	21	0	0	0	984.20	
1963	5	21	17	0	0	976.20	
1963	5	22	6	0	0	978.70	
1963	5	23	0	0	0	985.10	
1963	5	24	0	0	0	987.90	
1963	5	24	7	0	0	988.00	
1963	5	24	18	0	0	983.50	
1963	5	25	1	0	0	985.20	
1963	5	25	8	0	0	987.50	
1963	5	26	7	0	0	987.50	
1963	5	26	18	0	0	984.40	
1963	5	27	8	0	0	988.20	
1963	5	27	18	0	0	984.40	
1963	5	28	0	0	0	987.00	
1963	5	28	18	0	0	982.70	
1963	5	29	0	0	0	986.00	
1963	5	29	17	0	0	980.80	
1963	5	30	7	0	0	983.60	
1963	5	30	17	0	0	979.50	
1963	5	31	0	0	0	983.10	
1963	5	31	17	0	0	977.90	
1963	7	1	7	0	0	987.80	
1963	7	1	17	0	0	982.00	
1963	7	2	7	0	0	988.00	
1963	7	2	17	0	0	982.70	
1963	7	3	16	0	0	984.20	
1963	7	3	23	0	0	988.60	
1963	7	4	8	0	0	989.80	
1963	7	4	18	0	0	986.80	
1963	7	5	6	0	0	991.00	
1963	7	5	18	0	0	985.90	
1963	7	6	7	0	0	988.20	
1963	7	6	19	0	0	983.10	
1963	7	7	0	0	0	987.10	
1963	7	7	16	0	0	983.90	
1963	7	8	7	0	0	987.00	
1963	7	8	18	0	0	983.40	
1963	7	9	7	0	0	985.10	
1963	7	9	18	0	0	981.20	
1963	7	10	18	0	0	982.00	
1963	7	11	0	0	0	987.40	
1963	8	1	0	0	0	982.80	
1963	8	1	18	0	0	979.20	
1963	8	2	18	0	0	978.30	
1963	8	3	0	0	0	982.40	
1963	8	3	18	0	0	981.80	
1963	8	4	0	0	0	986.60	
1963	8	4	8	0	0	989.50	
1963	8	4	18	0	0	985.20	
1963	8	5	0	0	0	985.10	
1963	8	5	16	0	0	977.40	
1963	8	6	2	0	0	983.20	
1963	8	6	22	0	0	987.80	
1963	8	7	0	0	0	987.50	
1963	8	7	9	0	0	989.80	
1963	8	8	0	0	0	988.80	
1963	8	8	18	0	0	985.40	
1963	8	9	10	0	0	989.20	
1963	8	9	18	0	0	986.30	
1963	8	10	8	0	0	989.60	
1963	8	10	18	0	0	984.30	
1963	8	11	0	0	0	984.80	
1963	8	11	19	0	0	978.70	
1963	8	12	18	0	0	978.60	
1963	8	13	0	0	0	981.40	
1963	8	13	17	0	0	977.20	
1963	8	14	0	0	0	982.00	
1963	8	14	18	0	0	978.30	
1963	8	15	0	0	0	983.90	
1963	8	16	0	0	0	980.80	
1963	8	16	0	0	0	990.20	
1963	8	17	3	0	0	980.00	
1963	8	18	0	0	0	989.00	
1963	8	18	10	0	0	989.50	
1963	8	18	18	0	0	987.10	
1963	8	19	0	0	0	988.70	
1963	8	19	18	0	0	981.90	
1963	8	20	1	0	0	982.60	
1963	8	21	0	0	0	988.00	
1963	8	21	11	0	0	989.80	
1963	8	21	18	0	0	987.90	
1963	8	22	0	0	0	989.00	
1963	8	22	19	0	0	983.10	
1963	8	23	18	0	0	982.30	
1963	8	24	0	0	0	985.20	
1963	8	25	0	0	0	989.20	
1963	8	25	9	0	0	991.20	
1963	8	25	18	0	0	986.80	
1963	8	26	0	0	0	987.90	
1963	8	26	18	0	0	980.70	
1963	8	27	0	0	0	984.00	
1963	8	28	0	0	0	988.80	
1963	8	28	18	0	0	985.20	
1963	8	29	0	0	0	985.10	
1963	8	29	15	0	0	982.60	
1963	8	30	12	0	0	984.70	
1963	8	30	18	0	0	983.40	
1963	8	31	0	0	0	983.50	
1963	8	31	18	0	0	979.10	
1963	9	1	6	0	0	978.80	
1963	9	2	0	0	0	984.00	
1963	9	2	9	0	0	985.80	
1963	9	2	17	0	0	982.80	
1963	9	3	13	0	0	988.00	
1963	9	3	18	0	0	986.30	
1963	9	4	0	0	0	986.70	
1963	9	4	18	0	0	982.40	
1963	9	5	0	0	0	984.70	
1963	9	6	0	0	0	991.50	
1963	9	6	4	0	0	991.40	
1963	9	6	22	0	0	993.90	
1963	9	7	0	0	0	993.80	
1963	9	8	0	0	0	990.20	
1963	9	8	17	0	0	985.00	
1963	9	9	9	0	0	987.20	
1963	9	9	18	0	0	981.50	
1963	9	10	0	0	0	982.40	
1963	9	10	17	0	0	978.00	
1963	9	11	10	0	0	980.20	
1963	9	11	17	0	0	977.80	
1963	9	12	3	0	0	979.50	
1963	9	13	0	0	0	982.60	
1963	9	13	16	0	0	980.40	
1963	9	14	0	0	0	983.20	
1963	9	14	2	0	0	983.00	
1963	9	15	0	0	0	987.00	
1963	9	15	9	0	0	987.60	
1963	9	15	18	0	0	985.50	
1963	9	16	17	0	0	984.70	
1963	9	17	0	0	0	987.80	
1963	9	17	10	0	0	988.70	
1963	9	17	18	0	0	985.50	
1963	9	18	0	0	0	986.70	
1963	9	18	17	0	0	983.40	
1963	9	19	0	0	0	984.40	
1963	9	19	17	0	0	980.80	
1963	9	20	0	0	0	982.70	
1963	9	21	0	0	0	987.20	
1963	9	22	0	0	0	990.70	
1963	9	22	9	0	0	992.00	
1963	9	22	16	0	0	988.70	
1963	9	23	9	0	0	991.00	
1963	9	23	18	0	0	987.00	
1963	9	24	9	0	0	989.50	
1963	9	24	18	0	0	986.80	
1963	9	25	3	0	0	987.80	
1963	9	25	21	0	0	993.40	
1963	9	26	3	0	0	992.80	
1963	9	26	22	0	0	995.50	
1963	9	27	9	0	0	995.20	
1963	9	27	18	0	0	992.30	
1963	9	28	9	0	0	993.80	
1963	9	28	18	0	0	990.80	
1963	9	29	9	0	0	992.70	
1963	9	29	18	0	0	989.50	
1963	9	30	9	0	0	991.20	
1963	9	30	18	0	0	987.50	
1963	10	2	0	0	0	983.20	
1963	10	2	7	0	0	981.00	
1963	10	2	21	0	0	986.40	
1963	10	3	3	0	0	985.50	
1963	10	3	21	0	0	987.90	
1963	10	4	0	0	0	989.20	
1963	10	4	15	0	0	986.20	
1963	10	5	17	0	0	988.60	
1963	10	5	21	0	0	990.70	
1963	10	6	0	0	0	990.30	
1963	10	6	15	0	0	988.40	
1963	10	7	10	0	0	989.80	
1963	10	7	15	0	0	988.30	
1963	10	8	16	0	0	987.20	
1963	10	9	0	0	0	991.40	
1963	10	10	0	0	0	994.70	
1963	10	11	0	0	0	996.00	
1963	10	11	9	0	0	996.80	
1963	10	11	18	0	0	993.90	
1963	10	12	9	0	0	996.40	
1963	10	12	18	0	0	993.10	
1963	10	13	9	0	0	994.80	
1963	10	13	15	0	0	991.60	
1963	10	14	9	0	0	992.80	
1963	10	14	15	0	0	989.80	
1963	10	15	9	0	0	991.20	
1963	10	15	18	0	0	988.20	
1963	10	16	9	0	0	991.40	
1963	10	16	18	0	0	988.70	
1963	10	17	0	0	0	990.20	
1963	10	17	10	0	0	993.50	
1963	10	18	10	0	0	993.40	
1963	10	18	18	0	0	991.10	
1963	10	19	18	0	0	991.00	
1963	10	19	23	0	0	993.00	
1963	10	20	1	0	0	992.80	
1963	10	21	0	0	0	995.10	
1963	10	21	9	0	0	997.80	
1963	10	22	9	0	0	997.50	
1963	10	22	18	0	0	995.00	
1963	10	23	9	0	0	996.80	
1963	10	23	18	0	0	993.90	
1963	10	24	9	0	0	995.20	
1963	10	24	18	0	0	991.90	
1963	10	25	1	0	0	991.90	
1963	10	25	18	0	0	987.60	
1963	10	26	3	0	0	987.80	
1963	10	26	12	0	0	989.40	
1963	10	27	9	0	0	989.60	
1963	10	27	18	0	0	986.70	
1963	10	28	9	0	0	988.40	
1963	10	28	17	0	0	985.40	
1963	10	29	9	0	0	987.20	
1963	10	30	0	0	0	981.50	
1963	10	31	0	0	0	970.80	
1963	10	31	6	0	0	969.10	
1963	11	1	0	0	0	972.60	
1963	11	1	23	0	0	975.60	
1963	11	2	0	0	0	975.00	
1963	11	2	18	0	0	972.00	
1963	11	3	0	0	0	972.80	
1963	11	3	18	0	0	970.20	
1963	11	4	10	0	0	972.20	
1963	11	5	0	0	0	969.40	
1963	11	5	17	0	0	965.20	
1963	11	6	0	0	0	968.20	
1963	11	7	0	0	0	978.40	
1963	11	8	0	0	0	984.20	
1963	11	8	0	0	0	987.20	
1963	11	8	9	0	0	987.40	
1963	11	9	0	0	0	984.20	
1963	11	10	0	0	0	977.80	
1963	11	10	4	0	0	976.30	
1963	11	11	0	0	0	983.10	
1963	11	11	9	0	0	983.60	
1963	11	12	0	0	0	981.60	
1963	11	12	3	0	0	981.10	
1963	11	12	23	0	0	985.80	
1963	11	13	0	0	0	985.50	
1963	11	13	15	0	0	981.10	
1963	11	14	0	0	0	982.60	
1963	11	15	0	0	0	975.20	
1963	11	15	13	0	0	970.40	
1963	11	16	0	0	0	975.90	
1963	11	17	0	0	0	990.70	
1963	11	17	10	0	0	992.00	
1963	11	17	14	0	0	989.10	
1963	11	18	3	0	0	989.50	
1963	11	19	0	0	0	992.40	
1963	11	19	10	0	0	993.10	
1963	11	19	18	0	0	991.80	
1963	11	20	3	0	0	992.20	
1963	11	21	0	0	0	998.30	
1963	11	21	11	0	0	1001.10	
1963	11	22	0	0	0	999.90	
1963	11	22	22	0	0	995.50	
1963	11	23	0	0	0	995.60	
1963	11	24	0	0	0	990.30	
1963	11	24	1	0	0	990.30	
1963	11	25	0	0	0	985.80	
1963	11	25	23	0	0	984.20	
1963	11	26	0	0	0	986.60	
1963	11	26	13	0	0	982.70	
1963	11	27	0	0	0	988.40	
1963	11	27	14	0	0	985.90	
1963	11	28	0	0	0	989.20	
1963	11	28	10	0	0	989.50	
1963	11	28	15	0	0	988.30	
1963	11	29	1	0	0	988.80	
1963	11	29	18	0	0	987.10	
1963	11	30	1	0	0	987.10	
1963	11	30	18	0	0	983.80	
1964	1	1	5	0	0	988.00	
1964	1	2	0	0	0	994.70	
1964	1	3	0	0	0	1000.60	
1964	1	3	11	0	0	1003.10	
1964	1	4	10	0	0	1001.60	
1964	1	4	15	0	0	1000.00	
1964	1	5	0	0	0	1001.20	
1964	1	5	15	0	0	999.00	
1964	1	6	0	0	0	998.70	
1964	1	6	15	0	0	996.60	
1964	1	7	0	0	0	997.60	
1964	1	7	15	0	0	995.50	
1964	1	8	0	0	0	996.60	
1964	1	9	0	0	0	998.20	
1964	1	9	6	0	0	997.20	
1964	1	9	21	0	0	998.70	
1964	1	10	0	0	0	998.40	
1964	1	10	18	0	0	995.20	
1964	1	11	3	0	0	995.20	
1964	1	11	10	0	0	996.70	
1964	1	12	0	0	0	996.40	
1964	1	13	0	0	0	989.40	
1964	1	13	15	0	0	985.40	
1964	1	14	0	0	0	987.50	
1964	1	14	11	0	0	990.20	
1964	1	15	0	0	0	988.80	
1964	1	15	12	0	0	990.70	
1964	1	16	0	0	0	990.20	
1964	1	17	0	0	0	996.40	
1964	1	18	0	0	0	1002.00	
1964	1	18	18	0	0	999.40	
1964	1	19	11	0	0	1000.20	
1964	1	19	18	0	0	998.40	
1964	1	20	0	0	0	999.20	
1964	1	21	0	0	0	1001.80	
1964	2	1	0	0	0	995.60	
1964	2	1	11	0	0	998.70	
1964	2	2	10	0	0	997.10	
1964	2	2	17	0	0	994.20	
1964	2	3	10	0	0	995.20	
1964	2	3	18	0	0	992.00	
1964	2	4	0	0	0	994.80	
1964	2	4	10	0	0	997.90	
1964	2	5	0	0	0	995.90	
1964	2	5	16	0	0	992.00	
1964	2	6	6	0	0	993.90	
1964	2	7	0	0	0	998.40	
1964	2	7	15	0	0	997.60	
1964	2	8	0	0	0	1002.40	
1964	2	8	10	0	0	1003.50	
1964	2	8	18	0	0	1001.80	
1964	2	9	0	0	0	1001.90	
1964	2	9	18	0	0	994.80	
1964	2	10	15	0	0	994.20	
1964	2	11	0	0	0	996.70	
1964	2	11	18	0	0	990.20	
1964	2	12	0	0	0	990.20	
1964	2	12	18	0	0	984.80	
1964	2	13	0	0	0	985.10	
1964	2	13	19	0	0	976.60	
1964	2	14	0	0	0	966.80	
1964	2	14	0	0	0	977.50	
1964	2	15	0	0	0	966.80	
1964	2	15	21	0	0	978.00	
1964	2	16	0	0	0	977.10	
1964	2	16	15	0	0	970.30	
1964	2	17	0	0	0	972.60	
1964	2	18	0	0	0	977.10	
1964	2	18	1	0	0	977.40	
1964	2	18	21	0	0	970.60	
1964	2	19	0	0	0	971.50	
1964	2	20	0	0	0	987.60	
1964	2	20	9	0	0	989.10	
1964	2	20	18	0	0	986.40	
1964	2	21	0	0	0	987.20	
1964	2	21	17	0	0	983.10	
1964	2	22	12	0	0	985.10	
1964	2	22	15	0	0	983.10	
1964	2	23	2	0	0	984.00	
1964	2	24	0	0	0	978.80	
1964	2	24	18	0	0	966.30	
1964	2	25	0	0	0	966.80	
1964	2	25	22	0	0	977.10	
1964	2	26	15	0	0	974.60	
1964	2	27	0	0	0	977.90	
1964	2	27	21	0	0	980.70	
1964	2	28	15	0	0	973.90	
1964	2	29	0	0	0	981.00	
1964	3	1	0	0	0	991.00	
1964	3	1	18	0	0	984.30	
1964	3	2	15	0	0	982.60	
1964	3	3	0	0	0	985.90	
1964	3	3	3	0	0	985.60	
1964	3	3	9	0	0	987.50	
1964	3	4	11	0	0	988.00	
1964	3	5	0	0	0	985.20	
1964	3	5	6	0	0	983.10	
1964	3	6	0	0	0	987.10	
1964	3	6	16	0	0	982.40	
1964	3	7	0	0	0	982.60	
1964	3	7	15	0	0	977.80	
1964	3	8	15	0	0	977.40	
1964	3	9	0	0	0	979.90	
1964	3	9	1	0	0	979.90	
1964	3	10	0	0	0	982.60	
1964	3	10	9	0	0	982.80	
1964	3	11	0	0	0	978.40	
1964	3	11	1	0	0	978.60	
1964	3	11	18	0	0	969.80	
1964	3	12	3	0	0	969.40	
1964	3	13	0	0	0	976.80	
1964	3	14	0	0	0	983.80	
1964	3	14	17	0	0	976.70	
1964	3	15	3	0	0	977.80	
1964	3	15	22	0	0	992.60	
1964	3	16	0	0	0	992.00	
1964	3	17	0	0	0	984.40	
1964	3	17	18	0	0	975.10	
1964	3	18	0	0	0	978.30	
1964	3	18	11	0	0	984.60	
1964	3	19	0	0	0	983.80	
1964	3	19	18	0	0	977.50	
1964	3	20	15	0	0	974.20	
1964	3	20	21	0	0	977.80	
1964	3	21	5	0	0	976.70	
1964	3	22	0	0	0	983.80	
1964	3	22	6	0	0	982.20	
1964	3	23	0	0	0	988.00	
1964	3	23	9	0	0	989.10	
1964	3	24	0	0	0	985.00	
1964	3	24	18	0	0	975.00	
1964	3	25	4	0	0	975.80	
1964	3	26	0	0	0	987.20	
1964	3	26	21	0	0	990.70	
1964	3	27	0	0	0	990.20	
1964	3	28	0	0	0	981.80	
1964	3	28	18	0	0	971.50	
1964	3	29	4	0	0	969.90	
1964	3	30	0	0	0	975.60	
1964	3	30	3	0	0	975.40	
1964	3	30	21	0	0	979.40	
1964	3	31	0	0	0	978.80	
1964	4	1	0	0	0	969.00	
1964	4	1	6	0	0	967.20	
1964	4	2	0	0	0	970.40	
1964	4	2	4	0	0	968.80	
1964	4	3	0	0	0	971.10	
1964	4	3	15	0	0	968.30	
1964	4	4	15	0	0	968.80	
1964	4	5	0	0	0	972.20	
1964	4	5	3	0	0	972.00	
1964	4	6	0	0	0	976.20	
1964	4	6	3	0	0	975.80	
1964	4	7	0	0	0	982.00	
1964	4	8	0	0	0	991.60	
1964	4	8	9	0	0	993.80	
1964	4	8	18	0	0	989.90	
1964	4	9	9	0	0	991.60	
1964	4	9	21	0	0	988.80	
1964	4	10	10	0	0	989.80	
1964	4	10	18	0	0	985.80	
1964	4	11	16	0	0	987.50	
1964	4	12	0	0	0	991.10	
1964	4	12	18	0	0	987.40	
1964	4	13	18	0	0	988.40	
1964	4	14	0	0	0	991.00	
1964	4	14	3	0	0	990.60	
1964	4	14	11	0	0	992.20	
1964	4	15	0	0	0	991.60	
1964	4	15	18	0	0	985.10	
1964	4	16	0	0	0	985.80	
1964	4	16	18	0	0	976.80	
1964	4	17	6	0	0	976.30	
1964	4	17	11	0	0	978.40	
1964	4	18	0	0	0	975.90	
1964	4	18	16	0	0	972.30	
1964	4	19	0	0	0	975.40	
1964	4	20	0	0	0	983.20	
1964	4	20	7	0	0	985.80	
1964	4	20	15	0	0	982.70	
1964	4	21	11	0	0	985.80	
1964	4	21	13	0	0	984.00	
1964	4	22	18	0	0	984.70	
1964	4	23	0	0	0	988.60	
1964	4	24	0	0	0	994.00	
1964	4	24	10	0	0	995.00	
1964	4	24	18	0	0	991.90	
1964	4	25	0	0	0	993.90	
1964	4	25	18	0	0	989.90	
1964	4	26	9	0	0	992.70	
1964	4	26	18	0	0	988.60	
1964	4	27	1	0	0	990.00	
1964	4	28	0	0	0	993.40	
1964	4	28	9	0	0	994.40	
1964	4	28	18	0	0	990.70	
1964	4	29	0	0	0	996.20	
1964	4	29	18	0	0	992.80	
1964	4	30	7	0	0	996.30	
1964	4	30	18	0	0	992.80	
1964	5	1	0	0	0	994.70	
1964	5	1	18	0	0	988.20	
1964	5	2	0	0	0	988.70	
1964	5	2	18	0	0	985.80	
1964	5	3	18	0	0	986.80	
1964	5	4	0	0	0	989.40	
1964	5	4	9	0	0	991.40	
1964	5	4	18	0	0	989.40	
1964	5	5	10	0	0	992.70	
1964	5	5	15	0	0	990.30	
1964	5	6	0	0	0	991.40	
1964	5	6	18	0	0	983.60	
1964	5	7	18	0	0	981.20	
1964	5	8	0	0	0	985.50	
1964	5	9	0	0	0	990.00	
1964	5	9	3	0	0	989.80	
1964	5	10	0	0	0	994.30	
1964	5	10	6	0	0	995.00	
1964	5	10	18	0	0	991.80	
1964	5	11	8	0	0	994.30	
1964	5	11	18	0	0	989.80	
1964	5	12	9	0	0	992.60	
1964	5	12	18	0	0	988.30	
1964	5	13	7	0	0	992.00	
1964	5	13	19	0	0	987.60	
1964	5	14	19	0	0	989.90	
1964	5	15	0	0	0	992.60	
1964	5	15	6	0	0	992.70	
1964	5	15	18	0	0	988.30	
1964	5	16	9	0	0	991.80	
1964	5	16	18	0	0	987.50	
1964	5	17	18	0	0	987.40	
1964	5	18	0	0	0	990.70	
1964	5	18	10	0	0	991.60	
1964	5	18	18	0	0	987.90	
1964	5	19	17	0	0	988.70	
1964	5	20	0	0	0	992.40	
1964	5	20	7	0	0	992.80	
1964	5	20	17	0	0	987.60	
1964	5	21	0	0	0	989.10	
1964	5	21	18	0	0	981.80	
1964	5	22	0	0	0	983.60	
1964	5	22	18	0	0	978.30	
1964	5	23	9	0	0	982.20	
1964	5	23	18	0	0	979.20	
1964	5	24	16	0	0	978.60	
1964	5	24	23	0	0	983.10	
1964	5	25	17	0	0	980.80	
1964	5	26	0	0	0	983.50	
1964	5	26	17	0	0	981.20	
1964	5	27	0	0	0	983.60	
1964	5	27	20	0	0	979.20	
1964	5	28	8	0	0	981.80	
1964	5	28	18	0	0	979.10	
1964	5	29	8	0	0	983.20	
1964	5	29	18	0	0	979.00	
1964	5	30	0	0	0	981.10	
1964	5	31	0	0	0	976.80	
1964	5	31	18	0	0	968.30	
1964	6	1	0	0	0	976.80	
1964	6	21	9	0	0	987.10	
1964	6	21	18	0	0	983.90	
1964	6	22	3	0	0	986.30	
1964	6	22	17	0	0	982.40	
1964	6	23	18	0	0	984.30	
1964	6	24	0	0	0	987.80	
1964	6	24	6	0	0	988.80	
1964	6	24	18	0	0	984.60	
1964	6	25	0	0	0	986.40	
1964	6	25	16	0	0	981.60	
1964	6	26	3	0	0	984.20	
1964	6	26	12	0	0	986.40	
1964	6	27	3	0	0	986.70	
1964	6	28	0	0	0	990.70	
1964	6	28	17	0	0	989.20	
1964	6	29	0	0	0	992.60	
1964	6	29	18	0	0	988.60	
1964	6	30	0	0	0	990.30	
1964	6	30	18	0	0	987.00	
1964	7	1	9	0	0	990.00	
1964	7	1	18	0	0	985.50	
1964	7	2	7	0	0	988.20	
1964	7	2	18	0	0	984.70	
1964	7	3	7	0	0	987.10	
1964	7	3	18	0	0	983.20	
1964	7	4	8	0	0	984.60	
1964	7	4	18	0	0	977.50	
1964	7	5	15	0	0	980.00	
1964	7	6	0	0	0	983.60	
1964	7	6	3	0	0	983.50	
1964	7	7	0	0	0	988.40	
1964	7	7	9	0	0	989.80	
1964	7	7	19	0	0	986.30	
1964	7	8	7	0	0	987.10	
1964	7	8	19	0	0	981.60	
1964	7	9	0	0	0	982.20	
1964	7	10	0	0	0	991.00	
1964	7	11	0	0	0	994.80	
1964	7	21	9	0	0	985.60	
1964	7	21	18	0	0	982.00	
1964	7	22	3	0	0	985.60	
1964	7	23	0	0	0	989.10	
1964	7	23	10	0	0	990.20	
1964	7	23	18	0	0	987.50	
1964	7	24	8	0	0	989.90	
1964	7	24	18	0	0	985.80	
1964	7	25	9	0	0	989.10	
1964	7	25	19	0	0	984.00	
1964	7	26	7	0	0	986.80	
1964	7	26	18	0	0	981.00	
1964	7	27	18	0	0	982.60	
1964	7	28	0	0	0	987.60	
1964	7	28	9	0	0	988.60	
1964	7	28	18	0	0	987.00	
1964	7	29	8	0	0	985.40	
1964	7	29	9	0	0	990.30	
1964	7	30	16	0	0	985.60	
1964	7	31	0	0	0	989.50	
1964	7	31	15	0	0	988.30	
1964	8	1	0	0	0	991.60	
1964	9	1	9	0	0	990.20	
1964	9	1	18	0	0	986.20	
1964	9	2	9	0	0	989.10	
1964	9	2	18	0	0	982.80	
1964	9	3	8	0	0	985.00	
1964	9	3	18	0	0	978.60	
1964	9	4	15	0	0	977.10	
1964	9	5	0	0	0	982.80	
1964	9	6	0	0	0	990.20	
1964	9	6	18	0	0	988.60	
1964	9	7	0	0	0	992.80	
1964	9	7	18	0	0	989.10	
1964	9	8	9	0	0	993.20	
1964	9	8	18	0	0	989.90	
1964	9	9	8	0	0	988.80	
1964	9	9	9	0	0	992.20	
1964	9	10	9	0	0	990.80	
1964	9	10	15	0	0	987.90	
1964	9	11	9	0	0	989.40	
1964	9	11	17	0	0	986.20	
1964	9	12	9	0	0	989.50	
1964	9	12	18	0	0	985.40	
1964	9	13	9	0	0	987.60	
1964	9	13	17	0	0	982.80	
1964	9	14	8	0	0	986.60	
1964	9	14	16	0	0	984.30	
1964	9	15	9	0	0	988.70	
1964	9	15	18	0	0	983.80	
1964	9	16	16	0	0	981.60	
1964	9	17	0	0	0	988.00	
1964	9	18	0	0	0	991.90	
1964	9	18	9	0	0	993.40	
1964	9	18	17	0	0	983.40	
1964	9	19	9	0	0	992.00	
1964	9	19	17	0	0	987.90	
1964	9	20	6	0	0	988.30	
1964	9	21	0	0	0	993.80	
1964	10	21	9	0	0	990.20	
1964	10	21	18	0	0	985.80	
1964	10	22	0	0	0	985.80	
1964	10	22	17	0	0	981.50	
1964	10	23	6	0	0	984.00	
1964	10	23	16	0	0	980.80	
1964	10	24	7	0	0	978.20	
1964	10	25	0	0	0	988.20	
1964	10	25	5	0	0	985.10	
1964	10	26	0	0	0	990.60	
1964	10	26	18	0	0	989.10	
1964	10	27	4	0	0	988.00	
1964	10	28	0	0	0	990.80	
1964	10	28	15	0	0	990.40	
1964	10	29	0	0	0	992.40	
1964	10	29	3	0	0	992.00	
1964	10	30	0	0	0	995.50	
1964	10	30	9	0	0	996.00	
1964	10	30	18	0	0	993.00	
1964	10	31	8	0	0	993.50	
1964	10	31	18	0	0	991.00	
1964	11	1	0	0	0	992.20	
1964	11	1	9	0	0	994.60	
1964	11	2	9	0	0	995.20	
1964	11	3	0	0	0	991.40	
1964	11	4	0	0	0	981.80	
1964	11	5	0	0	0	977.10	
1964	11	5	20	0	0	968.40	
1964	11	6	0	0	0	970.00	
1964	11	7	0	0	0	981.80	
1964	11	7	9	0	0	982.40	
1964	11	7	18	0	0	979.80	
1964	11	8	3	0	0	979.80	
1964	11	8	21	0	0	982.20	
1964	11	9	15	0	0	981.80	
1964	11	10	0	0	0	985.20	
1964	11	11	0	0	0	989.20	
1964	11	11	3	0	0	989.10	
1964	11	12	0	0	0	994.60	
1964	11	12	3	0	0	994.30	
1964	11	12	21	0	0	996.70	
1964	11	13	9	0	0	996.70	
1964	11	13	15	0	0	994.40	
1964	11	14	0	0	0	995.10	
1964	11	14	19	0	0	989.60	
1964	11	15	3	0	0	990.00	
1964	11	16	0	0	0	997.60	
1964	11	16	9	0	0	998.60	
1964	11	16	15	0	0	996.30	
1964	11	17	8	0	0	998.30	
1964	11	17	15	0	0	995.90	
1964	11	18	10	0	0	998.30	
1964	11	18	18	0	0	995.50	
1964	11	19	9	0	0	997.00	
1964	11	19	15	0	0	994.60	
1964	11	20	9	0	0	996.60	
1964	11	20	18	0	0	993.00	
1964	11	21	9	0	0	994.30	
1964	11	21	18	0	0	992.20	
1964	11	22	9	0	0	992.80	
1964	11	22	18	0	0	990.70	
1964	11	23	1	0	0	991.90	
1964	11	24	0	0	0	996.80	
1964	11	25	0	0	0	1001.20	
1964	11	25	9	0	0	1001.60	
1964	11	25	15	0	0	999.40	
1964	11	26	10	0	0	1000.20	
1964	11	26	16	0	0	997.60	
1964	11	27	0	0	0	990.20	
1964	11	27	0	0	0	998.30	
1964	11	28	0	0	0	990.20	
1964	11	29	0	0	0	975.10	
1964	11	29	3	0	0	974.20	
1964	11	30	0	0	0	977.40	
1964	11	30	4	0	0	977.10	
1964	11	30	21	0	0	982.80	
1964	12	1	0	0	0	982.00	
1964	12	1	21	0	0	975.40	
1964	12	2	0	0	0	976.00	
1964	12	3	0	0	0	989.60	
1964	12	3	1	0	0	988.80	
1964	12	3	12	0	0	992.80	
1964	12	4	0	0	0	991.90	
1964	12	4	21	0	0	987.50	
1964	12	5	0	0	0	988.30	
1964	12	6	0	0	0	993.60	
1964	12	6	11	0	0	995.40	
1964	12	6	15	0	0	993.40	
1964	12	7	15	0	0	994.00	
1964	12	8	0	0	0	997.20	
1964	12	8	11	0	0	1001.10	
1964	12	9	1	0	0	1001.60	
1964	12	10	0	0	0	996.20	
1964	12	11	0	0	0	988.40	
1964	12	11	3	0	0	987.00	
1964	12	12	0	0	0	993.60	
1964	12	12	10	0	0	996.80	
1964	12	13	0	0	0	996.00	
1964	12	14	0	0	0	992.00	
1964	12	15	0	0	0	982.00	
1964	12	15	10	0	0	983.00	
1964	12	16	0	0	0	980.30	
1964	12	16	1	0	0	980.30	
1964	12	16	15	0	0	977.90	
1964	12	17	9	0	0	980.00	
1964	12	17	18	0	0	977.80	
1964	12	18	0	0	0	978.40	
1964	12	18	21	0	0	973.40	
1964	12	19	0	0	0	973.80	
1964	12	19	21	0	0	977.10	
1964	12	20	4	0	0	975.90	
1964	12	20	21	0	0	980.00	
1964	12	21	0	0	0	979.90	
1964	12	21	15	0	0	976.40	
1964	12	22	1	0	0	977.10	
1964	12	22	21	0	0	982.40	
1964	12	23	9	0	0	983.10	
1964	12	23	18	0	0	981.10	
1964	12	24	12	0	0	981.80	
1964	12	24	14	0	0	980.70	
1964	12	26	0	0	0	985.50	
1964	12	26	8	0	0	989.60	
1964	12	27	0	0	0	986.20	
1964	12	28	0	0	0	966.00	
1964	12	28	22	0	0	977.90	
1964	12	29	0	0	0	977.80	
1964	12	30	0	0	0	989.90	
1964	12	31	0	0	0	994.20	
1964	12	31	3	0	0	994.80	
1965	1	1	0	0	0	990.70	
1965	1	1	0	0	0	990.80	
1965	1	1	18	0	0	981.70	
1965	1	2	7	0	0	981.40	
1965	1	2	21	0	0	984.10	
1965	1	3	2	0	0	984.20	
1965	1	3	18	0	0	980.00	
1965	1	4	0	0	0	981.00	
1965	1	5	0	0	0	992.40	
1965	1	5	21	0	0	1000.10	
1965	1	6	0	0	0	1000.20	
1965	1	6	14	0	0	994.60	
1965	1	7	11	0	0	1000.00	
1965	1	7	14	0	0	996.10	
1965	1	8	0	0	0	996.60	
1965	1	8	21	0	0	989.40	
1965	1	9	3	0	0	989.00	
1965	1	10	0	0	0	997.60	
1965	1	11	0	0	0	989.70	
1965	1	13	10	0	0	991.30	
1965	1	13	14	0	0	988.10	
1965	1	14	3	0	0	989.30	
1965	1	15	0	0	0	994.90	
1965	1	15	14	0	0	994.10	
1965	1	15	15	0	0	996.00	
1965	1	16	14	0	0	996.00	
1965	1	16	21	0	0	997.60	
1965	1	17	0	0	0	997.40	
1965	1	17	21	0	0	990.10	
1965	1	18	0	0	0	990.80	
1965	1	18	18	0	0	973.80	
1965	1	19	11	0	0	979.20	
1965	1	20	0	0	0	972.90	
1965	1	20	14	0	0	956.60	
1965	1	21	0	0	0	965.60	
1965	1	21	21	0	0	981.40	
1965	1	22	3	0	0	981.00	
1965	1	23	0	0	0	989.30	
1965	1	24	0	0	0	993.20	
1965	1	25	0	0	0	992.00	
1965	1	26	0	0	0	986.20	
1965	1	26	0	0	0	986.60	
1965	1	27	0	0	0	978.50	
1965	1	27	0	0	0	978.80	
1965	1	28	0	0	0	968.60	
1965	1	28	6	0	0	967.40	
1965	1	29	0	0	0	973.60	
1965	1	29	17	0	0	970.60	
1965	1	30	16	0	0	969.60	
1965	1	31	0	0	0	977.60	
1965	2	1	0	0	0	988.00	
1965	2	1	0	0	0	988.10	
1965	2	2	0	0	0	991.70	
1965	2	2	2	0	0	991.60	
1965	2	3	0	0	0	998.40	
1965	2	3	9	0	0	999.40	
1965	2	4	0	0	0	995.30	
1965	2	4	13	0	0	989.70	
1965	2	5	0	0	0	996.80	
1965	2	5	9	0	0	997.60	
1965	2	6	0	0	0	990.40	
1965	2	7	0	0	0	993.80	
1965	2	7	15	0	0	991.00	
1965	2	8	0	0	0	991.40	
1965	2	9	0	0	0	982.50	
1965	2	9	3	0	0	982.00	
1965	2	10	0	0	0	987.40	
1965	2	11	0	0	0	991.70	
1965	2	11	15	0	0	989.30	
1965	2	12	0	0	0	992.50	
1965	2	12	12	0	0	995.70	
1965	2	13	10	0	0	995.70	
1965	2	13	15	0	0	993.00	
1965	2	14	15	0	0	991.70	
1965	2	14	21	0	0	994.90	
1965	2	15	0	0	0	994.80	
1965	2	15	18	0	0	991.30	
1965	2	16	0	0	0	993.20	
1965	2	16	17	0	0	990.20	
1965	2	18	6	0	0	984.60	
1965	2	19	0	0	0	990.40	
1965	2	19	2	0	0	990.50	
1965	2	19	15	0	0	988.10	
1965	2	20	0	0	0	990.50	
1965	2	20	16	0	0	987.70	
1965	2	21	0	0	0	989.00	
1965	2	22	0	0	0	984.10	
1965	2	23	0	0	0	979.80	
1965	2	23	6	0	0	977.30	
1965	2	24	8	0	0	978.60	
1965	2	25	0	0	0	983.40	
1965	2	25	1	0	0	983.60	
1965	2	26	0	0	0	978.90	
1965	2	26	14	0	0	976.00	
1965	2	27	0	0	0	980.50	
1965	2	27	12	0	0	987.20	
1965	2	28	0	0	0	984.00	
1965	3	1	0	0	0	969.80	
1965	3	2	0	0	0	964.40	
1965	3	3	0	0	0	977.40	
1965	3	3	11	0	0	982.00	
1965	3	4	0	0	0	978.80	
1965	3	4	7	0	0	973.00	
1965	3	5	0	0	0	974.10	
1965	3	6	0	0	0	986.50	
1965	3	7	0	0	0	992.80	
1965	3	7	15	0	0	990.90	
1965	3	8	0	0	0	994.20	
1965	3	8	9	0	0	994.60	
1965	3	8	18	0	0	991.80	
1965	3	10	10	0	0	989.60	
1965	3	10	16	0	0	986.50	
1965	3	11	12	0	0	991.30	
1965	3	12	0	0	0	989.30	
1965	3	12	18	0	0	981.40	
1965	3	13	0	0	0	982.40	
1965	3	13	21	0	0	990.20	
1965	3	14	16	0	0	988.50	
1965	3	15	0	0	0	991.40	
1965	3	15	9	0	0	993.30	
1965	3	15	18	0	0	991.00	
1965	3	16	6	0	0	990.20	
1965	3	16	12	0	0	992.50	
1965	3	17	0	0	0	991.00	
1965	3	17	11	0	0	981.80	
1965	3	18	15	0	0	985.60	
1965	3	19	0	0	0	988.40	
1965	3	20	10	0	0	989.80	
1965	3	20	18	0	0	986.00	
1965	3	21	0	0	0	987.30	
1965	3	21	16	0	0	982.10	
1965	3	22	0	0	0	984.80	
1965	3	22	18	0	0	978.20	
1965	3	23	3	0	0	978.80	
1965	3	24	0	0	0	985.40	
1965	3	24	12	0	0	990.60	
1965	3	25	6	0	0	989.00	
1965	3	26	0	0	0	998.10	
1965	3	27	0	0	0	1000.40	
1965	3	27	18	0	0	995.70	
1965	3	28	7	0	0	998.40	
1965	3	28	18	0	0	994.60	
1965	3	29	7	0	0	1001.20	
1965	3	29	18	0	0	993.20	
1965	3	30	0	0	0	994.40	
1965	3	31	0	0	0	988.00	
1965	3	31	15	0	0	985.30	
1965	4	1	0	0	0	990.90	
1965	4	1	18	0	0	990.60	
1965	4	2	0	0	0	993.00	
1965	4	3	0	0	0	996.90	
1965	4	3	9	0	0	997.80	
1965	4	4	0	0	0	993.20	
1965	4	5	0	0	0	980.50	
1965	4	5	18	0	0	977.40	
1965	4	6	0	0	0	980.00	
1965	4	7	0	0	0	987.20	
1965	4	7	18	0	0	982.40	
1965	4	8	15	0	0	981.60	
1965	4	9	0	0	0	984.90	
1965	4	9	15	0	0	984.10	
1965	4	9	21	0	0	986.80	
1965	4	10	9	0	0	986.90	
1965	4	10	18	0	0	981.70	
1965	4	12	7	0	0	992.40	
1965	4	12	13	0	0	990.00	
1965	4	13	0	0	0	992.00	
1965	4	13	17	0	0	986.10	
1965	4	14	2	0	0	987.40	
1965	4	14	21	0	0	990.00	
1965	4	15	0	0	0	989.60	
1965	4	15	21	0	0	991.30	
1965	4	16	18	0	0	990.10	
1965	4	17	0	0	0	991.80	
1965	4	17	9	0	0	992.00	
1965	4	17	18	0	0	986.60	
1965	4	18	0	0	0	988.20	
1965	4	18	15	0	0	984.50	
1965	4	19	0	0	0	984.60	
1965	4	19	18	0	0	980.00	
1965	4	20	4	0	0	980.60	
1965	4	20	21	0	0	983.70	
1965	4	21	0	0	0	983.40	
1965	4	21	15	0	0	979.70	
1965	4	22	0	0	0	981.20	
1965	4	22	18	0	0	976.60	
1965	4	23	3	0	0	979.60	
1965	4	24	0	0	0	983.70	
1965	4	25	15	0	0	987.40	
1965	4	26	0	0	0	990.60	
1965	4	26	15	0	0	988.60	
1965	4	27	0	0	0	989.80	
1965	4	27	12	0	0	981.20	
1965	4	28	18	0	0	980.50	
1965	4	29	0	0	0	984.40	
1965	4	29	9	0	0	986.00	
1965	4	29	18	0	0	981.60	
1965	4	30	8	0	0	985.00	
1965	4	30	18	0	0	981.00	
1965	5	1	9	0	0	984.20	
1965	5	1	18	0	0	981.00	
1965	5	2	13	0	0	980.10	
1965	5	3	0	0	0	983.70	
1965	5	3	0	0	0	984.00	
1965	5	4	0	0	0	987.80	
1965	5	4	18	0	0	986.80	
1965	5	5	0	0	0	992.20	
1965	5	5	2	0	0	992.10	
1965	5	6	0	0	0	995.20	
1965	5	6	18	0	0	986.60	
1965	5	7	16	0	0	987.00	
1965	5	8	0	0	0	990.60	
1965	5	8	8	0	0	993.20	
1965	5	8	18	0	0	990.00	
1965	5	9	8	0	0	992.60	
1965	5	9	18	0	0	988.60	
1965	5	10	0	0	0	990.40	
1965	5	10	18	0	0	985.70	
1965	5	11	9	0	0	987.20	
1965	5	11	18	0	0	981.70	
1965	5	12	17	0	0	982.50	
1965	5	13	0	0	0	987.40	
1965	5	13	8	0	0	989.60	
1965	5	13	18	0	0	984.80	
1965	5	14	9	0	0	987.80	
1965	5	14	18	0	0	984.80	
1965	5	15	0	0	0	987.00	
1965	5	15	15	0	0	982.20	
1965	5	16	0	0	0	984.60	
1965	5	16	18	0	0	976.80	
1965	5	19	0	0	0	986.10	
1965	5	19	11	0	0	990.10	
1965	5	20	5	0	0	987.00	
1965	5	21	0	0	0	990.40	
1965	5	21	7	0	0	990.80	
1965	5	21	18	0	0	985.20	
1965	5	22	0	0	0	985.60	
1965	5	22	11	0	0	979.70	
1965	5	23	0	0	0	981.60	
1965	5	24	0	0	0	985.00	
1965	5	24	18	0	0	983.80	
1965	5	25	0	0	0	988.50	
1965	5	25	9	0	0	992.00	
1965	5	25	18	0	0	988.80	
1965	5	26	9	0	0	992.20	
1965	5	26	18	0	0	988.80	
1965	5	27	0	0	0	991.20	
1965	5	27	17	0	0	986.60	
1965	5	28	0	0	0	988.50	
1965	5	28	18	0	0	983.30	
1965	5	29	0	0	0	984.10	
1965	5	29	18	0	0	978.90	
1965	5	30	0	0	0	980.00	
1965	5	30	15	0	0	976.80	
1965	5	31	17	0	0	979.20	
1965	6	1	0	0	0	981.80	
1965	6	1	8	0	0	982.60	
1965	6	1	18	0	0	978.00	
1965	6	2	0	0	0	979.40	
1965	6	3	0	0	0	982.80	
1965	6	4	3	0	0	985.60	
1965	6	4	23	0	0	988.20	
1965	6	5	0	0	0	987.80	
1965	6	5	18	0	0	982.20	
1965	6	6	0	0	0	983.00	
1965	6	7	0	0	0	978.20	
1965	6	7	15	0	0	978.00	
1965	6	8	0	0	0	982.60	
1965	6	9	0	0	0	988.60	
1965	6	9	15	0	0	987.20	
1965	6	10	0	0	0	990.20	
1965	6	10	6	0	0	990.60	
1965	6	10	18	0	0	987.00	
1965	6	11	8	0	0	988.90	
1965	6	11	18	0	0	985.30	
1965	6	12	7	0	0	988.40	
1965	6	12	18	0	0	985.00	
1965	6	13	9	0	0	990.50	
1965	6	13	18	0	0	986.20	
1965	6	14	9	0	0	989.40	
1965	6	14	18	0	0	985.30	
1965	6	15	7	0	0	987.80	
1965	6	15	17	0	0	982.00	
1965	6	16	17	0	0	980.00	
1965	6	17	0	0	0	985.80	
1965	6	17	9	0	0	989.80	
1965	6	18	9	0	0	990.10	
1965	6	18	18	0	0	986.40	
1965	6	19	8	0	0	990.50	
1965	6	19	17	0	0	985.80	
1965	6	20	9	0	0	989.70	
1965	6	20	19	0	0	984.50	
1965	6	21	9	0	0	987.40	
1965	6	21	20	0	0	981.80	
1965	6	22	11	0	0	986.00	
1965	6	22	18	0	0	983.60	
1965	6	23	9	0	0	985.70	
1965	6	23	18	0	0	980.90	
1965	6	24	9	0	0	988.50	
1965	6	24	18	0	0	984.20	
1965	6	25	16	0	0	983.00	
1965	6	26	0	0	0	988.00	
1965	6	27	17	0	0	983.70	
1965	6	28	0	0	0	990.60	
1965	6	28	9	0	0	990.90	
1965	6	28	18	0	0	985.70	
1965	6	29	0	0	0	989.80	
1965	6	29	18	0	0	983.30	
1965	6	30	12	0	0	982.80	
1965	6	30	21	0	0	985.70	
1965	7	1	7	0	0	984.40	
1965	7	1	17	0	0	980.40	
1965	7	2	8	0	0	984.50	
1965	7	2	18	0	0	980.00	
1965	7	3	9	0	0	983.00	
1965	7	3	19	0	0	977.60	
1965	7	4	0	0	0	979.00	
1965	7	5	0	0	0	986.40	
1965	7	6	0	0	0	991.00	
1965	7	6	6	0	0	991.60	
1965	7	6	19	0	0	983.60	
1965	7	7	7	0	0	984.20	
1965	7	7	19	0	0	977.40	
1965	7	8	0	0	0	984.20	
1965	7	9	0	0	0	990.20	
1965	7	10	8	0	0	992.50	
1965	7	10	18	0	0	987.70	
1965	7	12	7	0	0	989.60	
1965	7	12	18	0	0	982.60	
1965	7	13	7	0	0	984.50	
1965	7	13	18	0	0	978.80	
1965	7	14	18	0	0	980.00	
1965	7	15	0	0	0	985.00	
1965	7	15	1	0	0	984.90	
1965	7	16	0	0	0	990.00	
1965	7	16	17	0	0	986.10	
1965	7	17	7	0	0	989.80	
1965	7	17	18	0	0	984.60	
1965	7	18	6	0	0	987.60	
1965	7	18	18	0	0	982.60	
1965	7	19	0	0	0	987.20	
1965	7	19	15	0	0	982.40	
1965	7	20	18	0	0	982.90	
1965	7	21	0	0	0	986.40	
1965	7	21	8	0	0	986.90	
1965	7	21	19	0	0	980.20	
1965	7	22	3	0	0	979.00	
1965	7	22	10	0	0	981.20	
1965	7	23	8	0	0	980.40	
1965	7	23	17	0	0	976.90	
1965	7	24	9	0	0	983.40	
1965	7	24	19	0	0	978.50	
1965	7	25	0	0	0	983.40	
1965	7	26	0	0	0	989.40	
1965	7	27	0	0	0	994.00	
1965	7	27	7	0	0	994.10	
1965	7	27	21	0	0	988.90	
1965	7	28	7	0	0	990.00	
1965	7	28	18	0	0	985.70	
1965	7	29	8	0	0	988.80	
1965	7	29	19	0	0	982.00	
1965	7	30	0	0	0	983.70	
1965	7	30	18	0	0	974.60	
1965	7	31	0	0	0	978.40	
1965	8	1	0	0	0	981.80	
1965	8	1	2	0	0	981.70	
1965	8	2	0	0	0	987.30	
1965	8	2	8	0	0	987.70	
1965	8	2	18	0	0	982.20	
1965	8	3	9	0	0	987.80	
1965	8	3	18	0	0	984.10	
1965	8	4	7	0	0	988.80	
1965	8	4	18	0	0	984.40	
1965	8	5	8	0	0	989.20	
1965	8	5	17	0	0	984.10	
1965	8	6	8	0	0	986.20	
1965	8	6	18	0	0	978.00	
1965	8	7	3	0	0	980.40	
1965	8	8	0	0	0	989.80	
1965	8	8	18	0	0	985.40	
1965	8	9	10	0	0	986.90	
1965	8	9	18	0	0	984.00	
1965	8	10	10	0	0	989.20	
1965	8	10	18	0	0	985.40	
1965	8	11	9	0	0	990.00	
1965	8	11	18	0	0	983.60	
1965	8	12	9	0	0	985.80	
1965	8	12	18	0	0	980.10	
1965	8	13	3	0	0	982.50	
1965	8	14	0	0	0	989.60	
1965	8	14	10	0	0	991.20	
1965	8	14	18	0	0	988.40	
1965	8	15	5	0	0	989.40	
1965	8	15	18	0	0	982.90	
1965	8	16	19	0	0	982.40	
1965	8	17	0	0	0	986.60	
1965	8	17	18	0	0	983.40	
1965	8	18	18	0	0	986.10	
1965	8	19	0	0	0	989.20	
1965	8	19	9	0	0	991.40	
1965	8	19	18	0	0	988.60	
1965	8	20	7	0	0	991.80	
1965	8	20	18	0	0	988.40	
1965	8	21	0	0	0	989.30	
1965	8	21	19	0	0	975.80	
1965	8	22	14	0	0	975.80	
1965	8	22	22	0	0	979.80	
1965	8	23	3	0	0	978.80	
1965	8	24	0	0	0	984.60	
1965	8	24	2	0	0	984.50	
1965	8	24	21	0	0	990.40	
1965	8	25	11	0	0	992.20	
1965	8	25	18	0	0	989.70	
1965	8	26	9	0	0	991.60	
1965	8	26	18	0	0	988.20	
1965	8	27	8	0	0	990.10	
1965	8	27	17	0	0	986.80	
1965	8	28	9	0	0	989.80	
1965	8	28	18	0	0	985.00	
1965	8	29	10	0	0	988.60	
1965	8	29	18	0	0	984.10	
1965	8	30	9	0	0	988.00	
1965	8	30	18	0	0	984.20	
1965	8	31	0	0	0	985.80	
1965	8	31	18	0	0	981.30	
1965	9	1	0	0	0	983.40	
1965	9	1	6	0	0	981.40	
1965	9	2	9	0	0	980.60	
1965	9	3	0	0	0	984.20	
1965	9	3	10	0	0	986.10	
1965	9	4	0	0	0	985.40	
1965	9	4	18	0	0	975.40	
1965	9	5	0	0	0	978.60	
1965	9	6	0	0	0	988.90	
1965	9	6	9	0	0	990.10	
1965	9	6	18	0	0	986.80	
1965	9	7	10	0	0	989.40	
1965	9	7	18	0	0	986.40	
1965	9	8	0	0	0	987.30	
1965	9	8	18	0	0	979.70	
1965	9	9	6	0	0	981.60	
1965	9	9	21	0	0	984.40	
1965	9	10	3	0	0	983.80	
1965	9	11	0	0	0	989.40	
1965	9	11	18	0	0	988.90	
1965	9	12	0	0	0	991.80	
1965	9	12	18	0	0	987.00	
1965	9	13	10	0	0	988.00	
1965	9	13	18	0	0	984.20	
1965	9	14	0	0	0	986.80	
1965	9	14	9	0	0	989.30	
1965	9	15	9	0	0	991.80	
1965	9	15	18	0	0	988.60	
1965	9	16	9	0	0	992.40	
1965	9	16	18	0	0	989.30	
1965	9	17	8	0	0	990.50	
1965	9	17	17	0	0	985.30	
1965	9	18	5	0	0	986.40	
1965	9	19	0	0	0	990.90	
1965	9	19	10	0	0	993.70	
1965	9	19	18	0	0	990.80	
1965	9	20	17	0	0	992.10	
1965	9	21	0	0	0	994.80	
1965	9	21	10	0	0	996.20	
1965	9	21	18	0	0	992.00	
1965	9	22	0	0	0	992.90	
1965	9	22	18	0	0	985.70	
1965	9	23	0	0	0	986.50	
1965	9	23	18	0	0	978.20	
1965	9	24	0	0	0	979.40	
1965	9	24	18	0	0	971.60	
1965	9	25	12	0	0	963.70	
1965	9	26	0	0	0	971.80	
1965	9	26	10	0	0	973.30	
1965	9	26	18	0	0	970.50	
1965	9	27	0	0	0	970.90	
1965	9	28	0	0	0	976.60	
1965	9	28	2	0	0	976.50	
1965	9	28	10	0	0	980.80	
1965	9	29	0	0	0	978.60	
1965	9	29	18	0	0	975.20	
1965	9	30	5	0	0	973.80	
1965	10	1	0	0	0	982.80	
1965	10	2	9	0	0	989.30	
1965	10	2	18	0	0	985.70	
1965	10	3	9	0	0	986.60	
1965	10	3	18	0	0	982.60	
1965	10	4	2	0	0	984.40	
1965	10	4	18	0	0	978.80	
1965	10	5	12	0	0	978.90	
1965	10	6	0	0	0	981.80	
1965	10	6	9	0	0	982.60	
1965	10	6	17	0	0	980.00	
1965	10	7	17	0	0	980.00	
1965	10	8	0	0	0	981.80	
1965	10	8	9	0	0	984.00	
1965	10	9	0	0	0	982.10	
1965	10	9	17	0	0	975.60	
1965	10	10	3	0	0	975.00	
1965	10	11	0	0	0	979.00	
1965	10	11	3	0	0	978.90	
1965	10	12	0	0	0	985.70	
1965	10	13	0	0	0	990.50	
1965	10	13	9	0	0	992.90	
1965	10	13	18	0	0	990.40	
1965	10	14	0	0	0	990.80	
1965	10	14	17	0	0	986.60	
1965	10	15	0	0	0	988.10	
1965	10	15	18	0	0	984.00	
1965	10	16	3	0	0	984.10	
1965	10	17	0	0	0	988.90	
1965	10	17	9	0	0	989.00	
1965	10	17	18	0	0	986.20	
1965	10	19	15	0	0	984.90	
1965	10	20	0	0	0	986.90	
1965	10	20	0	0	0	989.20	
1965	10	20	3	0	0	986.60	
1965	10	21	0	0	0	989.20	
1965	10	22	0	0	0	992.50	
1965	10	23	11	0	0	993.00	
1965	10	23	18	0	0	990.90	
1965	10	24	0	0	0	990.80	
1965	10	24	18	0	0	985.30	
1965	10	25	0	0	0	985.40	
1965	10	25	17	0	0	984.20	
1965	10	27	9	0	0	990.40	
1965	10	27	18	0	0	987.40	
1965	10	28	10	0	0	988.10	
1965	10	28	16	0	0	986.00	
1965	10	29	4	0	0	986.60	
1965	10	29	10	0	0	989.00	
1965	10	30	7	0	0	988.20	
1965	10	31	0	0	0	991.30	
1965	10	31	9	0	0	994.20	
1965	11	1	9	0	0	993.20	
1965	11	1	16	0	0	990.10	
1965	11	2	0	0	0	990.60	
1965	11	2	17	0	0	985.80	
1965	11	3	0	0	0	985.40	
1965	11	3	17	0	0	983.80	
1965	11	4	9	0	0	984.80	
1965	11	4	18	0	0	982.90	
1965	11	5	0	0	0	984.10	
1965	11	5	15	0	0	981.80	
1965	11	6	7	0	0	975.80	
1965	11	7	0	0	0	983.60	
1965	11	8	0	0	0	991.70	
1965	11	8	9	0	0	993.00	
1965	11	8	16	0	0	990.10	
1965	11	9	0	0	0	991.00	
1965	11	10	0	0	0	996.60	
1965	11	11	0	0	0	984.10	
1965	11	12	0	0	0	973.40	
1965	11	12	7	0	0	969.70	
1965	11	13	0	0	0	976.10	
1965	11	14	0	0	0	980.90	
1965	11	15	0	0	0	986.60	
1965	11	15	9	0	0	988.90	
1965	11	15	21	0	0	986.20	
1965	11	16	0	0	0	986.40	
1965	11	17	0	0	0	977.00	
1965	11	17	2	0	0	975.20	
1965	11	18	0	0	0	982.10	
1965	11	18	10	0	0	982.40	
1965	11	19	0	0	0	976.20	
1965	11	19	4	0	0	973.70	
1965	11	19	20	0	0	977.60	
1965	11	20	0	0	0	975.60	
1965	11	20	17	0	0	964.90	
1965	11	21	0	0	0	970.20	
1965	11	22	0	0	0	981.00	
1965	11	23	0	0	0	992.20	
1965	11	24	0	0	0	1000.00	
1965	11	24	10	0	0	1000.20	
1965	11	25	0	0	0	996.00	
1965	11	25	18	0	0	986.50	
1965	11	26	0	0	0	986.60	
1965	11	27	0	0	0	983.60	
1965	11	27	13	0	0	978.20	
1965	11	28	0	0	0	986.50	
1965	11	28	11	0	0	988.90	
1965	11	29	0	0	0	986.00	
1965	11	29	15	0	0	972.00	
1965	11	30	0	0	0	978.40	
1965	12	1	0	0	0	990.00	
1965	12	1	10	0	0	991.00	
1965	12	2	0	0	0	989.00	
1965	12	3	3	0	0	983.30	
1965	12	4	0	0	0	987.00	
1965	12	4	9	0	0	990.40	
1965	12	4	18	0	0	986.60	
1965	12	5	10	0	0	990.00	
1965	12	6	0	0	0	987.00	
1965	12	6	15	0	0	982.60	
1965	12	7	6	0	0	981.00	
1965	12	8	0	0	0	984.10	
1965	12	9	0	0	0	992.00	
1965	12	9	9	0	0	993.30	
1965	12	10	0	0	0	988.40	
1965	12	11	1	0	0	985.60	
1965	12	12	0	0	0	987.70	
1965	12	12	10	0	0	991.00	
1965	12	14	11	0	0	994.80	
1965	12	15	0	0	0	992.00	
1965	12	16	0	0	0	985.80	
1965	12	16	3	0	0	985.20	
1965	12	16	21	0	0	992.60	
1965	12	17	0	0	0	992.50	
1965	12	18	0	0	0	996.20	
1965	12	18	21	0	0	998.90	
1965	12	19	11	0	0	999.00	
1965	12	20	0	0	0	993.20	
1965	12	20	15	0	0	984.80	
1965	12	21	0	0	0	987.20	
1965	12	22	0	0	0	992.90	
1965	12	22	10	0	0	993.20	
1965	12	23	0	0	0	986.20	
1965	12	24	0	0	0	980.80	
1965	12	24	15	0	0	972.60	
1965	12	25	7	0	0	971.80	
1965	12	26	0	0	0	978.60	
1965	12	26	4	0	0	979.60	
1965	12	27	0	0	0	969.80	
1965	12	28	0	0	0	973.40	
1965	12	29	0	0	0	983.60	
1965	12	30	0	0	0	990.20	
1965	12	30	21	0	0	996.40	
1965	12	31	0	0	0	996.20	
1965	12	31	15	0	0	994.10	
1966	1	1	0	0	0	994.20	
1966	1	1	15	0	0	991.60	
1966	1	2	11	0	0	994.00	
1966	1	2	15	0	0	991.80	
1966	1	3	15	0	0	992.00	
1966	1	4	0	0	0	994.10	
1966	1	4	11	0	0	994.90	
1966	1	4	17	0	0	992.40	
1966	1	5	7	0	0	992.80	
1966	1	6	0	0	0	994.60	
1966	1	6	2	0	0	994.50	
1966	1	7	0	0	0	996.60	
1966	1	8	0	0	0	992.80	
1966	1	9	0	0	0	984.80	
1966	1	9	6	0	0	983.30	
1966	1	10	0	0	0	988.60	
1966	1	11	0	0	0	984.00	
1966	1	12	0	0	0	980.60	
1966	1	12	6	0	0	979.70	
1966	1	13	0	0	0	984.20	
1966	1	13	6	0	0	983.70	
1966	1	14	0	0	0	985.60	
1966	1	15	0	0	0	979.20	
1966	1	15	5	0	0	978.10	
1966	1	16	0	0	0	980.90	
1966	1	16	12	0	0	981.40	
1966	1	16	18	0	0	979.70	
1966	1	17	0	0	0	980.80	
1966	1	17	11	0	0	984.20	
1966	1	18	0	0	0	983.20	
1966	1	18	17	0	0	972.50	
1966	1	19	15	0	0	970.10	
1966	1	19	21	0	0	974.00	
1966	1	20	0	0	0	973.80	
1966	1	20	16	0	0	964.50	
1966	1	21	0	0	0	972.20	
1966	1	21	13	0	0	977.70	
1966	1	22	14	0	0	970.00	
1966	1	23	0	0	0	976.00	
1966	1	23	21	0	0	985.30	
1966	1	24	0	0	0	985.20	
1966	1	25	0	0	0	982.00	
1966	1	25	15	0	0	975.70	
1966	1	26	0	0	0	980.40	
1966	1	27	0	0	0	989.60	
1966	1	27	11	0	0	992.50	
1966	1	28	0	0	0	991.80	
1966	1	29	0	0	0	985.20	
1966	1	29	13	0	0	979.30	
1966	1	30	0	0	0	984.40	
1966	1	31	0	0	0	988.50	
1966	1	31	15	0	0	988.00	
1966	2	1	0	0	0	989.80	
1966	2	1	11	0	0	991.20	
1966	2	1	15	0	0	988.20	
1966	2	2	15	0	0	986.90	
1966	2	3	0	0	0	989.40	
1966	2	3	2	0	0	989.30	
1966	2	4	0	0	0	993.40	
1966	2	5	0	0	0	996.40	
1966	2	5	11	0	0	997.80	
1966	2	6	0	0	0	994.00	
1966	2	6	15	0	0	989.30	
1966	2	7	6	0	0	992.10	
1966	2	8	0	0	0	988.00	
1966	2	8	12	0	0	988.10	
1966	2	9	0	0	0	984.20	
1966	2	10	0	0	0	979.70	
1966	2	10	17	0	0	968.40	
1966	2	11	0	0	0	971.00	
1966	2	12	0	0	0	977.80	
1966	2	12	21	0	0	958.00	
1966	2	13	0	0	0	961.00	
1966	2	14	0	0	0	974.90	
1966	2	14	12	0	0	983.00	
1966	2	15	0	0	0	982.40	
1966	2	16	0	0	0	970.90	
1966	2	16	13	0	0	965.40	
1966	2	17	0	0	0	974.60	
1966	2	18	0	0	0	985.30	
1966	2	18	9	0	0	986.10	
1966	2	19	0	0	0	979.20	
1966	2	19	9	0	0	982.20	
1966	2	20	0	0	0	974.10	
1966	2	21	0	0	0	961.20	
1966	2	21	6	0	0	958.10	
1966	2	21	21	0	0	965.70	
1966	2	22	3	0	0	965.40	
1966	2	23	0	0	0	978.90	
1966	2	24	0	0	0	991.00	
1966	2	24	9	0	0	993.30	
1966	2	24	18	0	0	990.40	
1966	2	25	0	0	0	990.50	
1966	2	25	15	0	0	986.60	
1966	2	26	3	0	0	988.40	
1966	2	26	12	0	0	990.50	
1966	2	27	0	0	0	989.60	
1966	2	28	0	0	0	977.00	
1966	2	28	3	0	0	976.00	
1966	3	1	0	0	0	996.00	
1966	3	1	12	0	0	999.30	
1966	3	2	0	0	0	996.90	
1966	3	2	18	0	0	991.70	
1966	3	3	0	0	0	991.70	
1966	3	3	18	0	0	986.50	
1966	3	4	5	0	0	986.50	
1966	3	5	0	0	0	990.10	
1966	3	5	3	0	0	989.30	
1966	3	6	0	0	0	991.70	
1966	3	6	17	0	0	989.70	
1966	3	7	10	0	0	991.30	
1966	3	7	17	0	0	987.80	
1966	3	8	0	0	0	989.70	
1966	3	8	11	0	0	992.50	
1966	3	9	3	0	0	991.70	
1966	3	9	9	0	0	993.30	
1966	3	10	9	0	0	994.00	
1966	3	10	18	0	0	990.60	
1966	3	11	0	0	0	991.20	
1966	3	11	18	0	0	986.10	
1966	3	12	17	0	0	986.60	
1966	3	13	0	0	0	990.60	
1966	3	13	17	0	0	989.20	
1966	3	14	0	0	0	991.80	
1966	3	14	16	0	0	990.90	
1966	3	15	0	0	0	994.90	
1966	3	15	10	0	0	996.90	
1966	3	15	21	0	0	992.80	
1966	3	16	9	0	0	993.80	
1966	3	16	17	0	0	991.40	
1966	3	17	0	0	0	993.30	
1966	3	18	0	0	0	997.20	
1966	3	18	9	0	0	999.70	
1966	3	18	18	0	0	994.00	
1966	3	19	15	0	0	992.40	
1966	3	19	23	0	0	996.00	
1966	3	20	6	0	0	994.40	
1966	3	21	0	0	0	998.80	
1966	3	22	0	0	0	995.60	
1966	3	22	18	0	0	990.90	
1966	3	23	0	0	0	992.00	
1966	3	23	17	0	0	987.80	
1966	3	24	0	0	0	989.60	
1966	3	24	16	0	0	987.20	
1966	3	25	1	0	0	989.00	
1966	3	26	0	0	0	994.80	
1966	3	26	18	0	0	986.40	
1966	3	27	10	0	0	990.20	
1966	3	27	18	0	0	986.20	
1966	3	28	7	0	0	989.40	
1966	3	28	16	0	0	987.30	
1966	3	29	3	0	0	988.90	
1966	3	29	21	0	0	992.80	
1966	3	30	9	0	0	994.10	
1966	3	30	18	0	0	989.20	
1966	3	31	0	0	0	989.30	
1966	3	31	15	0	0	984.50	
1966	4	2	0	0	0	984.80	
1966	4	2	18	0	0	982.20	
1966	4	4	0	0	0	985.70	
1966	4	5	0	0	0	978.60	
1966	4	5	14	0	0	976.00	
1966	4	6	0	0	0	980.80	
1966	4	6	11	0	0	982.80	
1966	4	7	0	0	0	979.30	
1966	4	7	16	0	0	976.20	
1966	4	8	0	0	0	978.60	
1966	4	9	0	0	0	970.20	
1966	4	9	5	0	0	968.10	
1966	4	10	0	0	0	977.20	
1966	4	10	9	0	0	979.20	
1966	4	10	16	0	0	975.20	
1966	4	13	1	0	0	971.30	
1966	4	14	0	0	0	979.40	
1966	4	14	18	0	0	975.20	
1966	4	15	1	0	0	978.40	
1966	4	15	18	0	0	971.00	
1966	4	16	18	0	0	973.70	
1966	4	17	0	0	0	977.80	
1966	4	17	3	0	0	977.70	
1966	4	18	0	0	0	983.70	
1966	4	18	9	0	0	984.00	
1966	4	18	18	0	0	981.00	
1966	4	19	9	0	0	982.20	
1966	4	19	19	0	0	978.00	
1966	4	20	3	0	0	979.60	
1966	4	21	0	0	0	993.60	
1966	4	21	18	0	0	992.10	
1966	4	22	0	0	0	994.80	
1966	4	22	18	0	0	990.10	
1966	4	23	0	0	0	990.20	
1966	4	24	0	0	0	980.40	
1966	4	24	1	0	0	980.20	
1966	4	25	0	0	0	986.40	
1966	4	26	0	0	0	992.10	
1966	4	26	9	0	0	992.80	
1966	4	26	18	0	0	988.40	
1966	4	27	10	0	0	986.90	
1966	4	28	0	0	0	993.00	
1966	4	29	0	0	0	995.60	
1966	4	29	18	0	0	989.70	
1966	4	30	9	0	0	994.20	
1966	4	30	18	0	0	990.60	
1966	5	1	8	0	0	994.00	
1966	5	1	18	0	0	991.30	
1966	5	2	9	0	0	993.70	
1966	5	2	16	0	0	990.60	
1966	5	3	0	0	0	992.60	
1966	5	3	18	0	0	988.80	
1966	5	4	9	0	0	991.20	
1966	5	4	18	0	0	988.00	
1966	5	5	0	0	0	989.60	
1966	5	5	18	0	0	982.40	
1966	5	6	0	0	0	984.90	
1966	5	7	0	0	0	990.60	
1966	5	7	21	0	0	995.30	
1966	5	8	0	0	0	994.60	
1966	5	8	18	0	0	983.70	
1966	5	9	3	0	0	985.70	
1966	5	10	0	0	0	992.00	
1966	5	11	0	0	0	987.70	
1966	5	12	0	0	0	970.40	
1966	5	12	1	0	0	970.00	
1966	5	13	0	0	0	979.60	
1966	5	14	0	0	0	991.00	
1966	5	14	18	0	0	989.60	
1966	5	15	0	0	0	992.00	
1966	5	15	15	0	0	990.10	
1966	5	16	0	0	0	993.20	
1966	5	17	8	0	0	991.00	
1966	5	17	18	0	0	985.70	
1966	5	19	3	0	0	987.60	
1966	5	20	0	0	0	991.40	
1966	5	20	9	0	0	992.40	
1966	5	20	18	0	0	990.20	
1966	5	21	8	0	0	992.80	
1966	5	22	0	0	0	987.80	
1966	5	22	18	0	0	983.70	
1966	5	23	0	0	0	989.30	
1966	5	23	9	0	0	990.60	
1966	5	23	18	0	0	988.10	
1966	5	24	8	0	0	991.30	
1966	5	24	18	0	0	986.80	
1966	5	25	10	0	0	992.60	
1966	5	25	19	0	0	989.70	
1966	5	26	0	0	0	992.40	
1966	5	26	20	0	0	985.80	
1966	5	27	0	0	0	986.10	
1966	5	27	18	0	0	978.90	
1966	5	28	7	0	0	983.20	
1966	5	28	18	0	0	978.20	
1966	5	29	8	0	0	982.50	
1966	5	29	14	0	0	980.00	
1966	5	30	15	0	0	981.30	
1966	5	31	0	0	0	983.00	
1966	5	31	8	0	0	983.80	
1966	5	31	18	0	0	980.20	
1966	6	1	18	0	0	981.70	
1966	6	2	0	0	0	985.80	
1966	6	2	9	0	0	988.80	
1966	6	3	9	0	0	989.70	
1966	6	3	18	0	0	985.70	
1966	6	4	0	0	0	987.80	
1966	6	4	18	0	0	982.60	
1966	6	5	15	0	0	983.00	
1966	6	6	0	0	0	987.30	
1966	6	6	8	0	0	988.80	
1966	6	6	18	0	0	986.60	
1966	6	7	6	0	0	989.00	
1966	6	7	17	0	0	983.70	
1966	6	8	6	0	0	985.80	
1966	6	8	18	0	0	982.40	
1966	6	9	0	0	0	982.50	
1966	6	9	18	0	0	976.50	
1966	6	10	0	0	0	979.80	
1966	6	11	0	0	0	985.20	
1966	6	11	3	0	0	985.00	
1966	6	12	0	0	0	987.20	
1966	6	12	8	0	0	988.50	
1966	6	12	18	0	0	984.40	
1966	6	13	7	0	0	986.40	
1966	6	13	18	0	0	981.30	
1966	6	14	9	0	0	984.10	
1966	6	14	18	0	0	980.90	
1966	6	15	9	0	0	984.10	
1966	6	15	18	0	0	980.50	
1966	6	16	7	0	0	982.90	
1966	6	16	18	0	0	980.00	
1966	6	17	0	0	0	982.60	
1966	6	17	10	0	0	986.90	
1966	6	18	3	0	0	985.70	
1966	6	19	0	0	0	990.10	
1966	6	20	0	0	0	981.40	
1966	6	20	17	0	0	979.60	
1966	6	21	0	0	0	985.00	
1966	6	21	7	0	0	985.60	
1966	6	21	18	0	0	980.90	
1966	6	22	18	0	0	978.20	
1966	6	23	0	0	0	984.40	
1966	6	24	0	0	0	989.40	
1966	6	25	0	0	0	996.80	
1966	6	25	9	0	0	997.60	
1966	6	25	18	0	0	994.80	
1966	6	26	8	0	0	997.40	
1966	6	26	17	0	0	994.10	
1966	6	27	6	0	0	996.20	
1966	6	27	18	0	0	990.10	
1966	6	28	6	0	0	991.80	
1966	6	28	18	0	0	986.90	
1966	6	29	16	0	0	985.40	
1966	6	30	0	0	0	989.20	
1966	6	30	9	0	0	990.60	
1966	6	30	18	0	0	988.00	
1966	7	1	7	0	0	990.80	
1966	7	1	18	0	0	985.40	
1966	7	2	17	0	0	980.50	
1966	7	2	20	0	0	988.40	
1966	7	3	0	0	0	987.40	
1966	7	3	18	0	0	983.60	
1966	7	4	7	0	0	987.20	
1966	7	4	18	0	0	981.70	
1966	7	5	0	0	0	985.30	
1966	7	6	0	0	0	988.50	
1966	7	6	18	0	0	986.80	
1966	7	7	0	0	0	989.30	
1966	7	7	18	0	0	988.90	
1966	7	8	0	0	0	991.80	
1966	7	8	7	0	0	992.50	
1966	7	8	18	0	0	988.00	
1966	7	9	7	0	0	991.30	
1966	7	9	18	0	0	986.10	
1966	7	10	7	0	0	988.40	
1966	7	10	18	0	0	981.60	
1966	7	11	18	0	0	983.30	
1966	7	12	0	0	0	986.80	
1966	7	12	8	0	0	987.20	
1966	7	12	18	0	0	983.30	
1966	7	13	18	0	0	981.60	
1966	7	13	23	0	0	988.40	
1966	7	14	15	0	0	982.60	
1966	7	15	0	0	0	988.10	
1966	7	15	9	0	0	988.80	
1966	7	15	18	0	0	986.80	
1966	7	16	8	0	0	988.50	
1966	7	16	17	0	0	985.80	
1966	7	17	0	0	0	987.40	
1966	7	17	18	0	0	984.00	
1966	7	18	18	0	0	982.10	
1966	7	19	0	0	0	986.00	
1966	7	20	0	0	0	989.20	
1966	7	20	7	0	0	989.60	
1966	7	20	18	0	0	985.30	
1966	7	21	16	0	0	985.70	
1966	7	22	0	0	0	987.40	
1966	7	22	8	0	0	987.60	
1966	7	22	18	0	0	984.40	
1966	7	23	7	0	0	985.80	
1966	7	23	18	0	0	981.70	
1966	7	24	0	0	0	983.30	
1966	7	24	17	0	0	979.20	
1966	7	26	6	0	0	984.20	
1966	7	26	18	0	0	978.00	
1966	7	27	0	0	0	982.00	
1966	7	28	0	0	0	989.80	
1966	7	28	18	0	0	985.00	
1966	7	29	7	0	0	986.50	
1966	7	29	18	0	0	982.80	
1966	7	30	0	0	0	986.00	
1966	7	31	0	0	0	990.60	
1966	7	31	8	0	0	991.40	
1966	7	31	18	0	0	985.80	
1966	8	1	9	0	0	986.80	
1966	8	1	17	0	0	981.00	
1966	8	2	9	0	0	985.30	
1966	8	2	18	0	0	981.60	
1966	8	3	9	0	0	985.60	
1966	8	3	18	0	0	979.00	
1966	8	4	0	0	0	980.40	
1966	8	4	10	0	0	984.80	
1966	8	5	0	0	0	985.80	
1966	8	5	23	0	0	989.30	
1966	8	6	0	0	0	988.60	
1966	8	6	18	0	0	981.00	
1966	8	7	9	0	0	982.80	
1966	8	7	18	0	0	978.20	
1966	8	8	6	0	0	980.90	
1966	8	9	0	0	0	986.40	
1966	8	9	9	0	0	987.40	
1966	8	9	18	0	0	983.70	
1966	8	11	9	0	0	988.50	
1966	8	11	18	0	0	984.50	
1966	8	12	9	0	0	988.10	
1966	8	12	18	0	0	984.10	
1966	8	13	18	0	0	983.30	
1966	8	14	0	0	0	988.50	
1966	8	14	9	0	0	990.00	
1966	8	14	18	0	0	984.50	
1966	8	15	16	0	0	987.30	
1966	8	16	0	0	0	991.30	
1966	8	16	18	0	0	988.00	
1966	8	17	0	0	0	989.80	
1966	8	17	16	0	0	984.00	
1966	8	18	9	0	0	989.60	
1966	8	18	18	0	0	986.40	
1966	8	19	9	0	0	989.30	
1966	8	19	18	0	0	985.40	
1966	8	20	9	0	0	987.00	
1966	8	20	18	0	0	982.10	
1966	8	23	16	0	0	980.00	
1966	8	24	0	0	0	984.60	
1966	8	24	9	0	0	986.00	
1966	8	24	18	0	0	983.40	
1966	8	25	0	0	0	985.30	
1966	8	25	18	0	0	978.80	
1966	8	27	0	0	0	977.70	
1966	8	28	0	0	0	982.00	
1966	8	28	9	0	0	983.20	
1966	8	28	18	0	0	981.40	
1966	8	29	18	0	0	980.40	
1966	8	30	0	0	0	984.60	
1966	8	30	18	0	0	981.60	
1966	8	31	0	0	0	986.00	
1966	9	1	0	0	0	988.90	
1966	9	1	9	0	0	989.20	
1966	9	1	18	0	0	984.90	
1966	9	2	3	0	0	986.10	
1966	9	3	0	0	0	990.60	
1966	9	3	9	0	0	992.20	
1966	9	3	18	0	0	989.30	
1966	9	4	9	0	0	989.80	
1966	9	4	18	0	0	985.80	
1966	9	5	9	0	0	992.00	
1966	9	5	17	0	0	989.40	
1966	9	6	9	0	0	992.20	
1966	9	6	18	0	0	988.40	
1966	9	7	10	0	0	991.40	
1966	9	7	18	0	0	987.60	
1966	9	8	9	0	0	990.10	
1966	9	8	18	0	0	986.50	
1966	9	9	10	0	0	988.10	
1966	9	9	18	0	0	984.40	
1966	9	10	9	0	0	987.60	
1966	9	10	18	0	0	984.40	
1966	9	11	10	0	0	987.40	
1966	9	11	18	0	0	982.80	
1966	9	12	9	0	0	987.00	
1966	9	12	18	0	0	984.00	
1966	9	13	3	0	0	986.00	
1966	9	14	0	0	0	990.00	
1966	9	14	10	0	0	990.90	
1966	9	14	18	0	0	988.10	
1966	9	15	18	0	0	986.90	
1966	9	16	0	0	0	990.10	
1966	9	16	10	0	0	991.40	
1966	9	16	18	0	0	989.00	
1966	9	17	0	0	0	990.60	
1966	9	17	18	0	0	983.80	
1966	9	18	7	0	0	985.00	
1966	9	18	17	0	0	981.80	
1966	9	19	0	0	0	984.80	
1966	9	20	0	0	0	989.20	
1966	9	20	9	0	0	991.30	
1966	9	20	17	0	0	988.90	
1966	9	21	10	0	0	992.40	
1966	9	21	18	0	0	989.00	
1966	9	22	10	0	0	989.80	
1966	9	22	18	0	0	984.20	
1966	9	23	10	0	0	985.70	
1966	9	23	16	0	0	982.90	
1966	9	24	9	0	0	988.60	
1966	9	24	18	0	0	985.20	
1966	9	25	8	0	0	987.00	
1966	9	25	18	0	0	983.00	
1966	9	26	9	0	0	985.70	
1966	9	26	15	0	0	981.80	
1966	9	27	0	0	0	985.20	
1966	9	27	15	0	0	980.80	
1966	9	28	0	0	0	981.60	
1966	9	28	17	0	0	977.70	
1966	9	29	15	0	0	978.60	
1966	9	30	0	0	0	981.40	
1966	9	30	9	0	0	982.00	
1966	9	30	18	0	0	977.80	
1966	10	1	0	0	0	978.40	
1966	10	1	18	0	0	976.00	
1966	10	3	0	0	0	974.10	
1966	10	3	19	0	0	968.10	
1966	10	4	3	0	0	967.40	
1966	10	5	0	0	0	976.10	
1966	10	6	0	0	0	985.30	
1966	10	6	9	0	0	987.30	
1966	10	6	17	0	0	984.90	
1966	10	7	0	0	0	985.70	
1966	10	7	18	0	0	980.80	
1966	10	8	0	0	0	980.90	
1966	10	8	17	0	0	978.40	
1966	10	9	3	0	0	980.50	
1966	10	9	10	0	0	983.80	
1966	10	10	9	0	0	984.60	
1966	10	10	16	0	0	981.80	
1966	10	11	6	0	0	980.60	
1966	10	11	21	0	0	983.00	
1966	10	12	10	0	0	984.40	
1966	10	12	17	0	0	981.40	
1966	10	13	9	0	0	982.10	
1966	10	14	0	0	0	977.60	
1966	10	14	6	0	0	974.60	
1966	10	15	15	0	0	973.70	
1966	10	16	0	0	0	976.80	
1966	10	17	0	0	0	982.80	
1966	10	17	11	0	0	983.70	
1966	10	18	0	0	0	979.80	
1966	10	18	15	0	0	976.00	
1966	10	19	3	0	0	977.40	
1966	10	19	11	0	0	980.80	
1966	10	20	6	0	0	979.40	
1966	10	21	0	0	0	982.10	
1966	10	22	0	0	0	989.30	
1966	10	22	9	0	0	991.00	
1966	10	22	16	0	0	988.80	
1966	10	23	0	0	0	989.40	
1966	10	24	0	0	0	984.40	
1966	10	25	0	0	0	978.20	
1966	10	26	0	0	0	972.40	
1966	10	27	0	0	0	983.70	
1966	10	27	16	0	0	979.60	
1966	10	28	13	0	0	981.00	
1966	10	28	23	0	0	984.40	
1966	10	29	3	0	0	984.10	
1966	10	29	22	0	0	988.40	
1966	10	30	8	0	0	988.60	
1966	10	30	15	0	0	986.90	
1966	10	31	15	0	0	988.10	
1966	11	1	0	0	0	990.00	
1966	11	2	0	0	0	978.40	
1966	11	2	15	0	0	976.10	
1966	11	3	6	0	0	976.40	
1966	11	4	0	0	0	981.60	
1966	11	5	0	0	0	969.60	
1966	11	5	18	0	0	963.40	
1966	11	6	0	0	0	964.40	
1966	11	7	0	0	0	974.10	
1966	11	7	21	0	0	980.50	
1966	11	8	0	0	0	979.80	
1966	11	8	18	0	0	974.00	
1966	11	9	0	0	0	977.40	
1966	11	10	0	0	0	988.90	
1966	11	10	22	0	0	992.90	
1966	11	11	9	0	0	993.30	
1966	11	11	14	0	0	990.50	
1966	11	12	9	0	0	991.30	
1966	11	12	21	0	0	989.00	
1966	11	13	10	0	0	991.00	
1966	11	13	16	0	0	989.30	
1966	11	14	4	0	0	989.00	
1966	11	15	0	0	0	994.00	
1966	11	15	2	0	0	993.80	
1966	11	15	11	0	0	996.40	
1966	11	16	0	0	0	996.00	
1966	11	17	0	0	0	987.80	
1966	11	17	12	0	0	981.80	
1966	11	18	0	0	0	982.40	
1966	11	18	14	0	0	980.90	
1966	11	19	6	0	0	981.00	
1966	11	20	0	0	0	985.20	
1966	11	20	8	0	0	985.00	
1966	11	21	0	0	0	990.00	
1966	11	21	16	0	0	987.30	
1966	11	22	9	0	0	989.20	
1966	11	22	15	0	0	986.80	
1966	11	23	6	0	0	987.40	
1966	11	24	0	0	0	994.00	
1966	11	24	10	0	0	996.20	
1966	11	24	15	0	0	993.80	
1966	11	25	15	0	0	994.20	
1966	11	26	0	0	0	996.20	
1966	11	26	3	0	0	996.10	
1966	11	27	0	0	0	1000.20	
1966	11	27	11	0	0	1000.60	
1966	11	27	15	0	0	999.00	
1966	11	28	0	0	0	999.30	
1966	11	29	0	0	0	989.30	
1966	11	29	6	0	0	987.80	
1966	11	29	11	0	0	990.90	
1966	11	30	0	0	0	990.10	
1966	12	1	0	0	0	983.00	
1966	12	2	0	0	0	972.40	
1966	12	2	6	0	0	969.20	
1966	12	3	0	0	0	982.80	
1966	12	3	12	0	0	985.40	
1966	12	4	1	0	0	983.40	
1966	12	4	21	0	0	993.00	
1966	12	5	0	0	0	992.60	
1966	12	5	15	0	0	990.90	
1966	12	6	0	0	0	991.80	
1966	12	7	0	0	0	984.60	
1966	12	7	21	0	0	989.60	
1966	12	8	6	0	0	988.60	
1966	12	9	0	0	0	991.30	
1966	12	9	15	0	0	989.70	
1966	12	10	0	0	0	993.40	
1966	12	11	0	0	0	988.10	
1966	12	11	11	0	0	988.40	
1966	12	11	15	0	0	985.80	
1966	12	12	0	0	0	985.20	
1966	12	12	15	0	0	977.60	
1966	12	14	0	0	0	984.60	
1966	12	15	0	0	0	991.40	
1966	12	15	10	0	0	991.60	
1966	12	15	15	0	0	989.40	
1966	12	16	6	0	0	989.20	
1966	12	17	0	0	0	994.00	
1966	12	18	0	0	0	999.40	
1966	12	18	10	0	0	1001.20	
1966	12	18	16	0	0	998.80	
1966	12	19	0	0	0	1000.40	
1966	12	20	0	0	0	996.00	
1966	12	21	0	0	0	988.00	
1966	12	21	6	0	0	986.80	
1966	12	22	0	0	0	992.10	
1966	12	22	2	0	0	992.00	
1966	12	22	10	0	0	994.20	
1966	12	23	11	0	0	994.00	
1966	12	23	15	0	0	992.50	
1966	12	24	9	0	0	994.00	
1966	12	24	15	0	0	992.90	
1966	12	25	12	0	0	994.10	
1966	12	25	18	0	0	991.80	
1966	12	26	0	0	0	992.40	
1966	12	27	0	0	0	988.10	
1966	12	27	12	0	0	985.00	
1966	12	28	0	0	0	989.20	
1966	12	29	0	0	0	992.50	
1966	12	29	3	0	0	992.40	
1966	12	30	0	0	0	997.30	
1966	12	30	12	0	0	998.90	
1966	12	31	12	0	0	998.90	
1966	12	31	18	0	0	996.90	
