SEF	1.0.0						
ID	Kyiv						
Name	Kyiv						
Lat	50.45						
Lon	30.5031						
Alt	183						
Source	UA-UHMI						
Link	https://doi.org/10.15407/uhmi.report.01						
Vbl	ta						
Stat	point						
Units	C						
Meta	Observer=NA						
Year	Month	Day	Hour	Minute	Period	Value	Meta
1856	1	1	4	58	0	-6.9	orig=-5.5R|orig.time=7:00AM|orig.date=1856-01-01
1856	1	1	9	58	0	-7.1	orig=-5.7R|orig.time=Noon|orig.date=1856-01-01
1856	1	1	11	58	0	-5.9	orig=-4.7R|orig.time=2:00PM|orig.date=1856-01-01
1856	1	1	18	58	0	-4.5	orig=-3.6R|orig.time=9:00PM|orig.date=1856-01-01
1856	1	2	4	58	0	-4	orig=-3.2R|orig.time=7:00AM|orig.date=1856-01-02
1856	1	2	9	58	0	-1.9	orig=-1.5R|orig.time=Noon|orig.date=1856-01-02
1856	1	2	11	58	0	-2.5	orig=-2R|orig.time=2:00PM|orig.date=1856-01-02
1856	1	2	18	58	0	-2.5	orig=-2R|orig.time=9:00PM|orig.date=1856-01-02
1856	1	3	4	58	0	-3.8	orig=-3R|orig.time=7:00AM|orig.date=1856-01-03
1856	1	3	9	58	0	-2.1	orig=-1.7R|orig.time=Noon|orig.date=1856-01-03
1856	1	3	11	58	0	-2.2	orig=-1.8R|orig.time=2:00PM|orig.date=1856-01-03
1856	1	3	18	58	0	-4	orig=-3.2R|orig.time=9:00PM|orig.date=1856-01-03
1856	1	4	4	58	0	-5.2	orig=-4.2R|orig.time=7:00AM|orig.date=1856-01-04
1856	1	4	9	58	0	-3.8	orig=-3R|orig.time=Noon|orig.date=1856-01-04
1856	1	4	11	58	0	-3.8	orig=-3R|orig.time=2:00PM|orig.date=1856-01-04
1856	1	4	18	58	0	-4	orig=-3.2R|orig.time=9:00PM|orig.date=1856-01-04
1856	1	5	4	58	0	-5.8	orig=-4.6R|orig.time=7:00AM|orig.date=1856-01-05
1856	1	5	9	58	0	-5.6	orig=-4.5R|orig.time=Noon|orig.date=1856-01-05
1856	1	5	11	58	0	-5.6	orig=-4.5R|orig.time=2:00PM|orig.date=1856-01-05
1856	1	5	18	58	0	-8	orig=-6.4R|orig.time=9:00PM|orig.date=1856-01-05
1856	1	6	4	58	0	-12	orig=-9.6R|orig.time=7:00AM|orig.date=1856-01-06
1856	1	6	9	58	0	-7.5	orig=-6R|orig.time=Noon|orig.date=1856-01-06
1856	1	6	11	58	0	-7.8	orig=-6.2R|orig.time=2:00PM|orig.date=1856-01-06
1856	1	6	18	58	0	-9.2	orig=-7.4R|orig.time=9:00PM|orig.date=1856-01-06
1856	1	7	4	58	0	-5	orig=-4R|orig.time=7:00AM|orig.date=1856-01-07
1856	1	7	9	58	0	-0.6	orig=-0.5R|orig.time=Noon|orig.date=1856-01-07
1856	1	7	11	58	0	-0.4	orig=-0.3R|orig.time=2:00PM|orig.date=1856-01-07
1856	1	7	18	58	0	-0.2	orig=-0.2R|orig.time=9:00PM|orig.date=1856-01-07
1856	1	8	4	58	0	0	orig=0R|orig.time=7:00AM|orig.date=1856-01-08
1856	1	8	9	58	0	2.5	orig=2R|orig.time=Noon|orig.date=1856-01-08
1856	1	8	11	58	0	0.8	orig=0.6R|orig.time=2:00PM|orig.date=1856-01-08
1856	1	8	18	58	0	2	orig=1.6R|orig.time=9:00PM|orig.date=1856-01-08
1856	1	9	4	58	0	0.6	orig=0.5R|orig.time=7:00AM|orig.date=1856-01-09
1856	1	9	9	58	0	3.1	orig=2.5R|orig.time=Noon|orig.date=1856-01-09
1856	1	9	11	58	0	3.1	orig=2.5R|orig.time=2:00PM|orig.date=1856-01-09
1856	1	9	18	58	0	2.5	orig=2R|orig.time=9:00PM|orig.date=1856-01-09
1856	1	10	4	58	0	1.9	orig=1.5R|orig.time=7:00AM|orig.date=1856-01-10
1856	1	10	9	58	0	2.9	orig=2.3R|orig.time=Noon|orig.date=1856-01-10
1856	1	10	11	58	0	2.5	orig=2R|orig.time=2:00PM|orig.date=1856-01-10
1856	1	10	18	58	0	1.6	orig=1.3R|orig.time=9:00PM|orig.date=1856-01-10
1856	1	11	4	58	0	0.6	orig=0.5R|orig.time=7:00AM|orig.date=1856-01-11
1856	1	11	9	58	0	3.8	orig=3R|orig.time=Noon|orig.date=1856-01-11
1856	1	11	11	58	0	3.5	orig=2.8R|orig.time=2:00PM|orig.date=1856-01-11
1856	1	11	18	58	0	2.5	orig=2R|orig.time=9:00PM|orig.date=1856-01-11
1856	1	12	4	58	0	1.9	orig=1.5R|orig.time=7:00AM|orig.date=1856-01-12
1856	1	12	9	58	0	0.6	orig=0.5R|orig.time=Noon|orig.date=1856-01-12
1856	1	12	11	58	0	0	orig=0R|orig.time=2:00PM|orig.date=1856-01-12
1856	1	12	18	58	0	-5	orig=-4R|orig.time=9:00PM|orig.date=1856-01-12
1856	1	13	4	58	0	-11.5	orig=-9.2R|orig.time=7:00AM|orig.date=1856-01-13
1856	1	13	9	58	0	-9.6	orig=-7.7R|orig.time=Noon|orig.date=1856-01-13
1856	1	13	11	58	0	-9	orig=-7.2R|orig.time=2:00PM|orig.date=1856-01-13
1856	1	13	18	58	0	-13.8	orig=-11R|orig.time=9:00PM|orig.date=1856-01-13
1856	1	14	4	58	0	-15.2	orig=-12.2R|orig.time=7:00AM|orig.date=1856-01-14
1856	1	14	9	58	0	-9.6	orig=-7.7R|orig.time=Noon|orig.date=1856-01-14
1856	1	14	11	58	0	-6.9	orig=-5.5R|orig.time=2:00PM|orig.date=1856-01-14
1856	1	14	18	58	0	-5	orig=-4R|orig.time=9:00PM|orig.date=1856-01-14
1856	1	15	4	58	0	1.9	orig=1.5R|orig.time=7:00AM|orig.date=1856-01-15
1856	1	15	9	58	0	0.4	orig=0.3R|orig.time=Noon|orig.date=1856-01-15
1856	1	15	11	58	0	0	orig=0R|orig.time=2:00PM|orig.date=1856-01-15
1856	1	15	18	58	0	-6.2	orig=-5R|orig.time=9:00PM|orig.date=1856-01-15
1856	1	16	4	58	0	-4.4	orig=-3.5R|orig.time=7:00AM|orig.date=1856-01-16
1856	1	16	9	58	0	-1.9	orig=-1.5R|orig.time=Noon|orig.date=1856-01-16
1856	1	16	11	58	0	-1.2	orig=-1R|orig.time=2:00PM|orig.date=1856-01-16
1856	1	16	18	58	0	-4.5	orig=-3.6R|orig.time=9:00PM|orig.date=1856-01-16
1856	1	17	4	58	0	-3.8	orig=-3R|orig.time=7:00AM|orig.date=1856-01-17
1856	1	17	9	58	0	0	orig=0R|orig.time=Noon|orig.date=1856-01-17
1856	1	17	11	58	0	2.1	orig=1.7R|orig.time=2:00PM|orig.date=1856-01-17
1856	1	17	18	58	0	0.5	orig=0.4R|orig.time=9:00PM|orig.date=1856-01-17
1856	1	18	4	58	0	-0.8	orig=-0.6R|orig.time=7:00AM|orig.date=1856-01-18
1856	1	18	9	58	0	0.6	orig=0.5R|orig.time=Noon|orig.date=1856-01-18
1856	1	18	11	58	0	1.2	orig=1R|orig.time=2:00PM|orig.date=1856-01-18
1856	1	18	18	58	0	-0.1	orig=-0.1R|orig.time=9:00PM|orig.date=1856-01-18
1856	1	19	4	58	0	-5.6	orig=-4.5R|orig.time=7:00AM|orig.date=1856-01-19
1856	1	19	9	58	0	-2.5	orig=-2R|orig.time=Noon|orig.date=1856-01-19
1856	1	19	11	58	0	-1.2	orig=-1R|orig.time=2:00PM|orig.date=1856-01-19
1856	1	19	18	58	0	-0.6	orig=-0.5R|orig.time=9:00PM|orig.date=1856-01-19
1856	1	20	4	58	0	1.2	orig=1R|orig.time=7:00AM|orig.date=1856-01-20
1856	1	20	9	58	0	3.1	orig=2.5R|orig.time=Noon|orig.date=1856-01-20
1856	1	20	11	58	0	5	orig=4R|orig.time=2:00PM|orig.date=1856-01-20
1856	1	20	18	58	0	0.1	orig=0.1R|orig.time=9:00PM|orig.date=1856-01-20
1856	1	21	4	58	0	-5	orig=-4R|orig.time=7:00AM|orig.date=1856-01-21
1856	1	21	9	58	0	-2.1	orig=-1.7R|orig.time=Noon|orig.date=1856-01-21
1856	1	21	11	58	0	-1.2	orig=-1R|orig.time=2:00PM|orig.date=1856-01-21
1856	1	21	18	58	0	0.6	orig=0.5R|orig.time=9:00PM|orig.date=1856-01-21
1856	1	22	4	58	0	1.2	orig=1R|orig.time=7:00AM|orig.date=1856-01-22
1856	1	22	9	58	0	2.5	orig=2R|orig.time=Noon|orig.date=1856-01-22
1856	1	22	11	58	0	3.5	orig=2.8R|orig.time=2:00PM|orig.date=1856-01-22
1856	1	22	18	58	0	1.9	orig=1.5R|orig.time=9:00PM|orig.date=1856-01-22
1856	1	23	4	58	0	0.6	orig=0.5R|orig.time=7:00AM|orig.date=1856-01-23
1856	1	23	9	58	0	1.2	orig=1R|orig.time=Noon|orig.date=1856-01-23
1856	1	23	11	58	0	1	orig=0.8R|orig.time=2:00PM|orig.date=1856-01-23
1856	1	23	18	58	0	0.9	orig=0.7R|orig.time=9:00PM|orig.date=1856-01-23
1856	1	24	4	58	0	0.6	orig=0.5R|orig.time=7:00AM|orig.date=1856-01-24
1856	1	24	9	58	0	1.8	orig=1.4R|orig.time=Noon|orig.date=1856-01-24
1856	1	24	11	58	0	2.4	orig=1.9R|orig.time=2:00PM|orig.date=1856-01-24
1856	1	24	18	58	0	1	orig=0.8R|orig.time=9:00PM|orig.date=1856-01-24
1856	1	25	4	58	0	1	orig=0.8R|orig.time=7:00AM|orig.date=1856-01-25
1856	1	25	9	58	0	1.8	orig=1.4R|orig.time=Noon|orig.date=1856-01-25
1856	1	25	11	58	0	2.1	orig=1.7R|orig.time=2:00PM|orig.date=1856-01-25
1856	1	25	18	58	0	-0.4	orig=-0.3R|orig.time=9:00PM|orig.date=1856-01-25
1856	1	26	4	58	0	0.6	orig=0.5R|orig.time=7:00AM|orig.date=1856-01-26
1856	1	26	9	58	0	2.8	orig=2.2R|orig.time=Noon|orig.date=1856-01-26
1856	1	26	11	58	0	2.8	orig=2.2R|orig.time=2:00PM|orig.date=1856-01-26
1856	1	26	18	58	0	2.8	orig=2.2R|orig.time=9:00PM|orig.date=1856-01-26
1856	1	27	4	58	0	2.2	orig=1.8R|orig.time=7:00AM|orig.date=1856-01-27
1856	1	27	9	58	0	4	orig=3.2R|orig.time=Noon|orig.date=1856-01-27
1856	1	27	11	58	0	3.6	orig=2.9R|orig.time=2:00PM|orig.date=1856-01-27
1856	1	27	18	58	0	2.4	orig=1.9R|orig.time=9:00PM|orig.date=1856-01-27
1856	1	28	4	58	0	0.9	orig=0.7R|orig.time=7:00AM|orig.date=1856-01-28
1856	1	28	9	58	0	2.2	orig=1.8R|orig.time=Noon|orig.date=1856-01-28
1856	1	28	11	58	0	2.2	orig=1.8R|orig.time=2:00PM|orig.date=1856-01-28
1856	1	28	18	58	0	-0.5	orig=-0.4R|orig.time=9:00PM|orig.date=1856-01-28
1856	1	29	4	58	0	-1	orig=-0.8R|orig.time=7:00AM|orig.date=1856-01-29
1856	1	29	9	58	0	-0.4	orig=-0.3R|orig.time=Noon|orig.date=1856-01-29
1856	1	29	11	58	0	0	orig=0R|orig.time=2:00PM|orig.date=1856-01-29
1856	1	29	18	58	0	-0.2	orig=-0.2R|orig.time=9:00PM|orig.date=1856-01-29
1856	1	30	4	58	0	-0.5	orig=-0.4R|orig.time=7:00AM|orig.date=1856-01-30
1856	1	30	9	58	0	1.2	orig=1R|orig.time=Noon|orig.date=1856-01-30
1856	1	30	11	58	0	1.2	orig=1R|orig.time=2:00PM|orig.date=1856-01-30
1856	1	30	18	58	0	-2.4	orig=-1.9R|orig.time=9:00PM|orig.date=1856-01-30
1856	1	31	4	58	0	-3	orig=-2.4R|orig.time=7:00AM|orig.date=1856-01-31
1856	1	31	9	58	0	-2.5	orig=-2R|orig.time=Noon|orig.date=1856-01-31
1856	1	31	11	58	0	-1.5	orig=-1.2R|orig.time=2:00PM|orig.date=1856-01-31
1856	1	31	18	58	0	-3.8	orig=-3R|orig.time=9:00PM|orig.date=1856-01-31
1856	2	1	4	58	0	-8.8	orig=-7R|orig.time=7:00AM|orig.date=1856-02-01
1856	2	1	9	58	0	-3	orig=-2.4R|orig.time=Noon|orig.date=1856-02-01
1856	2	1	11	58	0	-2.1	orig=-1.7R|orig.time=2:00PM|orig.date=1856-02-01
1856	2	1	18	58	0	-6	orig=-4.8R|orig.time=9:00PM|orig.date=1856-02-01
1856	2	2	4	58	0	-8.4	orig=-6.7R|orig.time=7:00AM|orig.date=1856-02-02
1856	2	2	9	58	0	-3.2	orig=-2.6R|orig.time=Noon|orig.date=1856-02-02
1856	2	2	11	58	0	-3.8	orig=-3R|orig.time=2:00PM|orig.date=1856-02-02
1856	2	2	18	58	0	-7.8	orig=-6.2R|orig.time=9:00PM|orig.date=1856-02-02
1856	2	3	4	58	0	-7.5	orig=-6R|orig.time=7:00AM|orig.date=1856-02-03
1856	2	3	9	58	0	-3.4	orig=-2.7R|orig.time=Noon|orig.date=1856-02-03
1856	2	3	11	58	0	-2	orig=-1.6R|orig.time=2:00PM|orig.date=1856-02-03
1856	2	3	18	58	0	-6	orig=-4.8R|orig.time=9:00PM|orig.date=1856-02-03
1856	2	4	4	58	0	-6.9	orig=-5.5R|orig.time=7:00AM|orig.date=1856-02-04
1856	2	4	9	58	0	-4.1	orig=-3.3R|orig.time=Noon|orig.date=1856-02-04
1856	2	4	11	58	0	-4.1	orig=-3.3R|orig.time=2:00PM|orig.date=1856-02-04
1856	2	4	18	58	0	-7.4	orig=-5.9R|orig.time=9:00PM|orig.date=1856-02-04
1856	2	5	4	58	0	-13.8	orig=-11R|orig.time=7:00AM|orig.date=1856-02-05
1856	2	5	9	58	0	-5.6	orig=-4.5R|orig.time=Noon|orig.date=1856-02-05
1856	2	5	11	58	0	-5.1	orig=-4.1R|orig.time=2:00PM|orig.date=1856-02-05
1856	2	5	18	58	0	-11.2	orig=-9R|orig.time=9:00PM|orig.date=1856-02-05
1856	2	6	4	58	0	-14.2	orig=-11.4R|orig.time=7:00AM|orig.date=1856-02-06
1856	2	6	9	58	0	-6.8	orig=-5.4R|orig.time=Noon|orig.date=1856-02-06
1856	2	6	11	58	0	-5.2	orig=-4.2R|orig.time=2:00PM|orig.date=1856-02-06
1856	2	6	18	58	0	-9.6	orig=-7.7R|orig.time=9:00PM|orig.date=1856-02-06
1856	2	7	4	58	0	-5.2	orig=-4.2R|orig.time=7:00AM|orig.date=1856-02-07
1856	2	7	9	58	0	1.2	orig=1R|orig.time=Noon|orig.date=1856-02-07
1856	2	7	11	58	0	2.5	orig=2R|orig.time=2:00PM|orig.date=1856-02-07
1856	2	7	18	58	0	-1.2	orig=-1R|orig.time=9:00PM|orig.date=1856-02-07
1856	2	8	4	58	0	0	orig=0R|orig.time=7:00AM|orig.date=1856-02-08
1856	2	8	9	58	0	3.5	orig=2.8R|orig.time=Noon|orig.date=1856-02-08
1856	2	8	11	58	0	1.5	orig=1.2R|orig.time=2:00PM|orig.date=1856-02-08
1856	2	8	18	58	0	2.1	orig=1.7R|orig.time=9:00PM|orig.date=1856-02-08
1856	2	9	4	58	0	1.4	orig=1.1R|orig.time=7:00AM|orig.date=1856-02-09
1856	2	9	9	58	0	2	orig=1.6R|orig.time=Noon|orig.date=1856-02-09
1856	2	9	11	58	0	2.5	orig=2R|orig.time=2:00PM|orig.date=1856-02-09
1856	2	9	18	58	0	-0.1	orig=-0.1R|orig.time=9:00PM|orig.date=1856-02-09
1856	2	10	4	58	0	-3.1	orig=-2.5R|orig.time=7:00AM|orig.date=1856-02-10
1856	2	10	9	58	0	2.1	orig=1.7R|orig.time=Noon|orig.date=1856-02-10
1856	2	10	11	58	0	1.6	orig=1.3R|orig.time=2:00PM|orig.date=1856-02-10
1856	2	10	18	58	0	2	orig=1.6R|orig.time=9:00PM|orig.date=1856-02-10
1856	2	11	4	58	0	1.9	orig=1.5R|orig.time=7:00AM|orig.date=1856-02-11
1856	2	11	9	58	0	4.9	orig=3.9R|orig.time=Noon|orig.date=1856-02-11
1856	2	11	11	58	0	5.5	orig=4.4R|orig.time=2:00PM|orig.date=1856-02-11
1856	2	11	18	58	0	1.4	orig=1.1R|orig.time=9:00PM|orig.date=1856-02-11
1856	2	12	4	58	0	0.6	orig=0.5R|orig.time=7:00AM|orig.date=1856-02-12
1856	2	12	9	58	0	2.4	orig=1.9R|orig.time=Noon|orig.date=1856-02-12
1856	2	12	11	58	0	2.8	orig=2.2R|orig.time=2:00PM|orig.date=1856-02-12
1856	2	12	18	58	0	0.2	orig=0.2R|orig.time=9:00PM|orig.date=1856-02-12
1856	2	13	4	58	0	-1.6	orig=-1.3R|orig.time=7:00AM|orig.date=1856-02-13
1856	2	13	9	58	0	0.2	orig=0.2R|orig.time=Noon|orig.date=1856-02-13
1856	2	13	11	58	0	2.2	orig=1.8R|orig.time=2:00PM|orig.date=1856-02-13
1856	2	13	18	58	0	0.4	orig=0.3R|orig.time=9:00PM|orig.date=1856-02-13
1856	2	14	4	58	0	-2.1	orig=-1.7R|orig.time=7:00AM|orig.date=1856-02-14
1856	2	14	9	58	0	-3.1	orig=-2.5R|orig.time=Noon|orig.date=1856-02-14
1856	2	14	11	58	0	-2	orig=-1.6R|orig.time=2:00PM|orig.date=1856-02-14
1856	2	14	18	58	0	-7.8	orig=-6.2R|orig.time=9:00PM|orig.date=1856-02-14
1856	2	15	4	58	0	-8.9	orig=-7.1R|orig.time=7:00AM|orig.date=1856-02-15
1856	2	15	9	58	0	-3.5	orig=-2.8R|orig.time=Noon|orig.date=1856-02-15
1856	2	15	11	58	0	-1.9	orig=-1.5R|orig.time=2:00PM|orig.date=1856-02-15
1856	2	15	18	58	0	-4.2	orig=-3.4R|orig.time=9:00PM|orig.date=1856-02-15
1856	2	16	4	58	0	-1.8	orig=-1.4R|orig.time=7:00AM|orig.date=1856-02-16
1856	2	16	9	58	0	2	orig=1.6R|orig.time=Noon|orig.date=1856-02-16
1856	2	16	11	58	0	3.4	orig=2.7R|orig.time=2:00PM|orig.date=1856-02-16
1856	2	16	18	58	0	-8.5	orig=-6.8R|orig.time=9:00PM|orig.date=1856-02-16
1856	2	17	4	58	0	-12.5	orig=-10R|orig.time=7:00AM|orig.date=1856-02-17
1856	2	17	9	58	0	-7	orig=-5.6R|orig.time=Noon|orig.date=1856-02-17
1856	2	17	11	58	0	-5.8	orig=-4.6R|orig.time=2:00PM|orig.date=1856-02-17
1856	2	17	18	58	0	-12.8	orig=-10.2R|orig.time=9:00PM|orig.date=1856-02-17
1856	2	18	4	58	0	-16.8	orig=-13.4R|orig.time=7:00AM|orig.date=1856-02-18
1856	2	18	9	58	0	-13	orig=-10.4R|orig.time=Noon|orig.date=1856-02-18
1856	2	18	11	58	0	-11	orig=-8.8R|orig.time=2:00PM|orig.date=1856-02-18
1856	2	18	18	58	0	-11.2	orig=-9R|orig.time=9:00PM|orig.date=1856-02-18
1856	2	19	4	58	0	-14.2	orig=-11.4R|orig.time=7:00AM|orig.date=1856-02-19
1856	2	19	9	58	0	-8.6	orig=-6.9R|orig.time=Noon|orig.date=1856-02-19
1856	2	19	11	58	0	-5.8	orig=-4.6R|orig.time=2:00PM|orig.date=1856-02-19
1856	2	19	18	58	0	-12.1	orig=-9.7R|orig.time=9:00PM|orig.date=1856-02-19
1856	2	20	4	58	0	-12.9	orig=-10.3R|orig.time=7:00AM|orig.date=1856-02-20
1856	2	20	9	58	0	-7.5	orig=-6R|orig.time=Noon|orig.date=1856-02-20
1856	2	20	11	58	0	-6.8	orig=-5.4R|orig.time=2:00PM|orig.date=1856-02-20
1856	2	20	18	58	0	-8.1	orig=-6.5R|orig.time=9:00PM|orig.date=1856-02-20
1856	2	21	4	58	0	-9.6	orig=-7.7R|orig.time=7:00AM|orig.date=1856-02-21
1856	2	21	9	58	0	-4.4	orig=-3.5R|orig.time=Noon|orig.date=1856-02-21
1856	2	21	11	58	0	-4.2	orig=-3.4R|orig.time=2:00PM|orig.date=1856-02-21
1856	2	21	18	58	0	-3.4	orig=-2.7R|orig.time=9:00PM|orig.date=1856-02-21
1856	2	22	4	58	0	-1.4	orig=-1.1R|orig.time=7:00AM|orig.date=1856-02-22
1856	2	22	9	58	0	3.1	orig=2.5R|orig.time=Noon|orig.date=1856-02-22
1856	2	22	11	58	0	3.8	orig=3R|orig.time=2:00PM|orig.date=1856-02-22
1856	2	22	18	58	0	1.1	orig=0.9R|orig.time=9:00PM|orig.date=1856-02-22
1856	2	23	4	58	0	0.3	orig=0.2R|orig.time=7:00AM|orig.date=1856-02-23
1856	2	23	9	58	0	0	orig=0R|orig.time=Noon|orig.date=1856-02-23
1856	2	23	11	58	0	-3.2	orig=-2.6R|orig.time=2:00PM|orig.date=1856-02-23
1856	2	23	18	58	0	-6.8	orig=-5.4R|orig.time=9:00PM|orig.date=1856-02-23
1856	2	24	4	58	0	-6.9	orig=-5.5R|orig.time=7:00AM|orig.date=1856-02-24
1856	2	24	9	58	0	-2.5	orig=-2R|orig.time=Noon|orig.date=1856-02-24
1856	2	24	11	58	0	-3.5	orig=-2.8R|orig.time=2:00PM|orig.date=1856-02-24
1856	2	24	18	58	0	-4	orig=-3.2R|orig.time=9:00PM|orig.date=1856-02-24
1856	2	25	4	58	0	-4.6	orig=-3.7R|orig.time=7:00AM|orig.date=1856-02-25
1856	2	25	9	58	0	-2.6	orig=-2.1R|orig.time=Noon|orig.date=1856-02-25
1856	2	25	11	58	0	-1.6	orig=-1.3R|orig.time=2:00PM|orig.date=1856-02-25
1856	2	25	18	58	0	-2.4	orig=-1.9R|orig.time=9:00PM|orig.date=1856-02-25
1856	2	26	4	58	0	-5.8	orig=-4.6R|orig.time=7:00AM|orig.date=1856-02-26
1856	2	26	9	58	0	-4.4	orig=-3.5R|orig.time=Noon|orig.date=1856-02-26
1856	2	26	11	58	0	-2.9	orig=-2.3R|orig.time=2:00PM|orig.date=1856-02-26
1856	2	26	18	58	0	-3.5	orig=-2.8R|orig.time=9:00PM|orig.date=1856-02-26
1856	2	27	4	58	0	-4.9	orig=-3.9R|orig.time=7:00AM|orig.date=1856-02-27
1856	2	27	9	58	0	0	orig=0R|orig.time=Noon|orig.date=1856-02-27
1856	2	27	11	58	0	0.1	orig=0.1R|orig.time=2:00PM|orig.date=1856-02-27
1856	2	27	18	58	0	-3.1	orig=-2.5R|orig.time=9:00PM|orig.date=1856-02-27
1856	2	28	4	58	0	-3.8	orig=-3R|orig.time=7:00AM|orig.date=1856-02-28
1856	2	28	9	58	0	0	orig=0R|orig.time=Noon|orig.date=1856-02-28
1856	2	28	11	58	0	0.5	orig=0.4R|orig.time=2:00PM|orig.date=1856-02-28
1856	2	28	18	58	0	-1.2	orig=-1R|orig.time=9:00PM|orig.date=1856-02-28
1856	2	29	4	58	0	-3.2	orig=-2.6R|orig.time=7:00AM|orig.date=1856-02-29
1856	2	29	9	58	0	1	orig=0.8R|orig.time=Noon|orig.date=1856-02-29
1856	2	29	11	58	0	2.1	orig=1.7R|orig.time=2:00PM|orig.date=1856-02-29
1856	2	29	18	58	0	0	orig=0R|orig.time=9:00PM|orig.date=1856-02-29
1856	3	1	4	58	0	-0.5	orig=-0.4R|orig.time=7:00AM|orig.date=1856-03-01
1856	3	1	9	58	0	0.9	orig=0.7R|orig.time=Noon|orig.date=1856-03-01
1856	3	1	11	58	0	0	orig=0R|orig.time=2:00PM|orig.date=1856-03-01
1856	3	1	18	58	0	-0.6	orig=-0.5R|orig.time=9:00PM|orig.date=1856-03-01
1856	3	2	4	58	0	-0.1	orig=-0.1R|orig.time=7:00AM|orig.date=1856-03-02
1856	3	2	9	58	0	3.5	orig=2.8R|orig.time=Noon|orig.date=1856-03-02
1856	3	2	11	58	0	2.4	orig=1.9R|orig.time=2:00PM|orig.date=1856-03-02
1856	3	2	18	58	0	1.4	orig=1.1R|orig.time=9:00PM|orig.date=1856-03-02
1856	3	3	4	58	0	0.8	orig=0.6R|orig.time=7:00AM|orig.date=1856-03-03
1856	3	3	9	58	0	1.1	orig=0.9R|orig.time=Noon|orig.date=1856-03-03
1856	3	3	11	58	0	1.9	orig=1.5R|orig.time=2:00PM|orig.date=1856-03-03
1856	3	3	18	58	0	-0.9	orig=-0.7R|orig.time=9:00PM|orig.date=1856-03-03
1856	3	4	4	58	0	-7.6	orig=-6.1R|orig.time=7:00AM|orig.date=1856-03-04
1856	3	4	9	58	0	-8.2	orig=-6.6R|orig.time=Noon|orig.date=1856-03-04
1856	3	4	11	58	0	-8.9	orig=-7.1R|orig.time=2:00PM|orig.date=1856-03-04
1856	3	4	18	58	0	-11	orig=-8.8R|orig.time=9:00PM|orig.date=1856-03-04
1856	3	5	4	58	0	-15.9	orig=-12.7R|orig.time=7:00AM|orig.date=1856-03-05
1856	3	5	9	58	0	-12	orig=-9.6R|orig.time=Noon|orig.date=1856-03-05
1856	3	5	11	58	0	-10.6	orig=-8.5R|orig.time=2:00PM|orig.date=1856-03-05
1856	3	5	18	58	0	-12.2	orig=-9.8R|orig.time=9:00PM|orig.date=1856-03-05
1856	3	6	4	58	0	-9.4	orig=-7.5R|orig.time=7:00AM|orig.date=1856-03-06
1856	3	6	9	58	0	0.2	orig=0.2R|orig.time=Noon|orig.date=1856-03-06
1856	3	6	11	58	0	3.5	orig=2.8R|orig.time=2:00PM|orig.date=1856-03-06
1856	3	6	18	58	0	-10.8	orig=-8.6R|orig.time=9:00PM|orig.date=1856-03-06
1856	3	7	4	58	0	-18.8	orig=-15R|orig.time=7:00AM|orig.date=1856-03-07
1856	3	7	9	58	0	-13.5	orig=-10.8R|orig.time=Noon|orig.date=1856-03-07
1856	3	7	11	58	0	-12.9	orig=-10.3R|orig.time=2:00PM|orig.date=1856-03-07
1856	3	7	18	58	0	-14.5	orig=-11.6R|orig.time=9:00PM|orig.date=1856-03-07
1856	3	8	4	58	0	-17.8	orig=-14.2R|orig.time=7:00AM|orig.date=1856-03-08
1856	3	8	9	58	0	-11.2	orig=-9R|orig.time=Noon|orig.date=1856-03-08
1856	3	8	11	58	0	-10	orig=-8R|orig.time=2:00PM|orig.date=1856-03-08
1856	3	8	18	58	0	-12.8	orig=-10.2R|orig.time=9:00PM|orig.date=1856-03-08
1856	3	9	4	58	0	-7.5	orig=-6R|orig.time=7:00AM|orig.date=1856-03-09
1856	3	9	9	58	0	-2.1	orig=-1.7R|orig.time=Noon|orig.date=1856-03-09
1856	3	9	11	58	0	1.9	orig=1.5R|orig.time=2:00PM|orig.date=1856-03-09
1856	3	9	18	58	0	-5.9	orig=-4.7R|orig.time=9:00PM|orig.date=1856-03-09
1856	3	10	4	58	0	-9.2	orig=-7.4R|orig.time=7:00AM|orig.date=1856-03-10
1856	3	10	9	58	0	1.1	orig=0.9R|orig.time=Noon|orig.date=1856-03-10
1856	3	10	11	58	0	2.1	orig=1.7R|orig.time=2:00PM|orig.date=1856-03-10
1856	3	10	18	58	0	-0.2	orig=-0.2R|orig.time=9:00PM|orig.date=1856-03-10
1856	3	11	4	58	0	-3.8	orig=-3R|orig.time=7:00AM|orig.date=1856-03-11
1856	3	11	9	58	0	-1.1	orig=-0.9R|orig.time=Noon|orig.date=1856-03-11
1856	3	11	11	58	0	0.9	orig=0.7R|orig.time=2:00PM|orig.date=1856-03-11
1856	3	11	18	58	0	-4.6	orig=-3.7R|orig.time=9:00PM|orig.date=1856-03-11
1856	3	12	4	58	0	-9	orig=-7.2R|orig.time=7:00AM|orig.date=1856-03-12
1856	3	12	9	58	0	-2.2	orig=-1.8R|orig.time=Noon|orig.date=1856-03-12
1856	3	12	11	58	0	0	orig=0R|orig.time=2:00PM|orig.date=1856-03-12
1856	3	12	18	58	0	-2.8	orig=-2.2R|orig.time=9:00PM|orig.date=1856-03-12
1856	3	13	4	58	0	-0.4	orig=-0.3R|orig.time=7:00AM|orig.date=1856-03-13
1856	3	13	9	58	0	-0.9	orig=-0.7R|orig.time=Noon|orig.date=1856-03-13
1856	3	13	11	58	0	-1	orig=-0.8R|orig.time=2:00PM|orig.date=1856-03-13
1856	3	13	18	58	0	-4.9	orig=-3.9R|orig.time=9:00PM|orig.date=1856-03-13
1856	3	14	4	58	0	-11.2	orig=-9R|orig.time=7:00AM|orig.date=1856-03-14
1856	3	14	9	58	0	-6.5	orig=-5.2R|orig.time=Noon|orig.date=1856-03-14
1856	3	14	11	58	0	-5.5	orig=-4.4R|orig.time=2:00PM|orig.date=1856-03-14
1856	3	14	18	58	0	-9.8	orig=-7.8R|orig.time=9:00PM|orig.date=1856-03-14
1856	3	15	4	58	0	-12.8	orig=-10.2R|orig.time=7:00AM|orig.date=1856-03-15
1856	3	15	9	58	0	-4.2	orig=-3.4R|orig.time=Noon|orig.date=1856-03-15
1856	3	15	11	58	0	-2.5	orig=-2R|orig.time=2:00PM|orig.date=1856-03-15
1856	3	15	18	58	0	-4.4	orig=-3.5R|orig.time=9:00PM|orig.date=1856-03-15
1856	3	16	4	58	0	-11.5	orig=-9.2R|orig.time=7:00AM|orig.date=1856-03-16
1856	3	16	9	58	0	-7.1	orig=-5.7R|orig.time=Noon|orig.date=1856-03-16
1856	3	16	11	58	0	-6.6	orig=-5.3R|orig.time=2:00PM|orig.date=1856-03-16
1856	3	16	18	58	0	-9.9	orig=-7.9R|orig.time=9:00PM|orig.date=1856-03-16
1856	3	17	4	58	0	-12	orig=-9.6R|orig.time=7:00AM|orig.date=1856-03-17
1856	3	17	9	58	0	-4.6	orig=-3.7R|orig.time=Noon|orig.date=1856-03-17
1856	3	17	11	58	0	-5.1	orig=-4.1R|orig.time=2:00PM|orig.date=1856-03-17
1856	3	17	18	58	0	-4	orig=-3.2R|orig.time=9:00PM|orig.date=1856-03-17
1856	3	18	4	58	0	-6	orig=-4.8R|orig.time=7:00AM|orig.date=1856-03-18
1856	3	18	9	58	0	-4.2	orig=-3.4R|orig.time=Noon|orig.date=1856-03-18
1856	3	18	11	58	0	-2.2	orig=-1.8R|orig.time=2:00PM|orig.date=1856-03-18
1856	3	18	18	58	0	-5.2	orig=-4.2R|orig.time=9:00PM|orig.date=1856-03-18
1856	3	19	4	58	0	-6.2	orig=-5R|orig.time=7:00AM|orig.date=1856-03-19
1856	3	19	9	58	0	0.1	orig=0.1R|orig.time=Noon|orig.date=1856-03-19
1856	3	19	11	58	0	1.9	orig=1.5R|orig.time=2:00PM|orig.date=1856-03-19
1856	3	19	18	58	0	-2	orig=-1.6R|orig.time=9:00PM|orig.date=1856-03-19
1856	3	20	4	58	0	-4.4	orig=-3.5R|orig.time=7:00AM|orig.date=1856-03-20
1856	3	20	9	58	0	1.9	orig=1.5R|orig.time=Noon|orig.date=1856-03-20
1856	3	20	11	58	0	3	orig=2.4R|orig.time=2:00PM|orig.date=1856-03-20
1856	3	20	18	58	0	0.1	orig=0.1R|orig.time=9:00PM|orig.date=1856-03-20
1856	3	21	4	58	0	-3.6	orig=-2.9R|orig.time=7:00AM|orig.date=1856-03-21
1856	3	21	9	58	0	4.1	orig=3.3R|orig.time=Noon|orig.date=1856-03-21
1856	3	21	11	58	0	5.2	orig=4.2R|orig.time=2:00PM|orig.date=1856-03-21
1856	3	21	18	58	0	0.8	orig=0.6R|orig.time=9:00PM|orig.date=1856-03-21
1856	3	22	4	58	0	-0.6	orig=-0.5R|orig.time=7:00AM|orig.date=1856-03-22
1856	3	22	9	58	0	5.8	orig=4.6R|orig.time=Noon|orig.date=1856-03-22
1856	3	22	11	58	0	6.2	orig=5R|orig.time=2:00PM|orig.date=1856-03-22
1856	3	22	18	58	0	2.4	orig=1.9R|orig.time=9:00PM|orig.date=1856-03-22
1856	3	23	4	58	0	1.5	orig=1.2R|orig.time=7:00AM|orig.date=1856-03-23
1856	3	23	9	58	0	9	orig=7.2R|orig.time=Noon|orig.date=1856-03-23
1856	3	23	11	58	0	9.2	orig=7.4R|orig.time=2:00PM|orig.date=1856-03-23
1856	3	23	18	58	0	3.8	orig=3R|orig.time=9:00PM|orig.date=1856-03-23
1856	3	24	4	58	0	0.8	orig=0.6R|orig.time=7:00AM|orig.date=1856-03-24
1856	3	24	9	58	0	2.1	orig=1.7R|orig.time=Noon|orig.date=1856-03-24
1856	3	24	11	58	0	0.8	orig=0.6R|orig.time=2:00PM|orig.date=1856-03-24
1856	3	24	18	58	0	-0.2	orig=-0.2R|orig.time=9:00PM|orig.date=1856-03-24
1856	3	25	4	58	0	-0.2	orig=-0.2R|orig.time=7:00AM|orig.date=1856-03-25
1856	3	25	9	58	0	3.1	orig=2.5R|orig.time=Noon|orig.date=1856-03-25
1856	3	25	11	58	0	3	orig=2.4R|orig.time=2:00PM|orig.date=1856-03-25
1856	3	25	18	58	0	1.1	orig=0.9R|orig.time=9:00PM|orig.date=1856-03-25
1856	3	26	4	58	0	-10.8	orig=-8.6R|orig.time=7:00AM|orig.date=1856-03-26
1856	3	26	9	58	0	-9.4	orig=-7.5R|orig.time=Noon|orig.date=1856-03-26
1856	3	26	11	58	0	-9	orig=-7.2R|orig.time=2:00PM|orig.date=1856-03-26
1856	3	26	18	58	0	-11.9	orig=-9.5R|orig.time=9:00PM|orig.date=1856-03-26
1856	3	27	4	58	0	-13.1	orig=-10.5R|orig.time=7:00AM|orig.date=1856-03-27
1856	3	27	9	58	0	-10	orig=-8R|orig.time=Noon|orig.date=1856-03-27
1856	3	27	11	58	0	-7.6	orig=-6.1R|orig.time=2:00PM|orig.date=1856-03-27
1856	3	27	18	58	0	-9.1	orig=-7.3R|orig.time=9:00PM|orig.date=1856-03-27
1856	3	28	4	58	0	-6.1	orig=-4.9R|orig.time=7:00AM|orig.date=1856-03-28
1856	3	28	9	58	0	0.2	orig=0.2R|orig.time=Noon|orig.date=1856-03-28
1856	3	28	11	58	0	1.8	orig=1.4R|orig.time=2:00PM|orig.date=1856-03-28
1856	3	28	18	58	0	-1.1	orig=-0.9R|orig.time=9:00PM|orig.date=1856-03-28
1856	3	29	4	58	0	-2.6	orig=-2.1R|orig.time=7:00AM|orig.date=1856-03-29
1856	3	29	9	58	0	2	orig=1.6R|orig.time=Noon|orig.date=1856-03-29
1856	3	29	11	58	0	3.2	orig=2.6R|orig.time=2:00PM|orig.date=1856-03-29
1856	3	29	18	58	0	0.4	orig=0.3R|orig.time=9:00PM|orig.date=1856-03-29
1856	3	30	4	58	0	-3.4	orig=-2.7R|orig.time=7:00AM|orig.date=1856-03-30
1856	3	30	9	58	0	-3.4	orig=-2.7R|orig.time=Noon|orig.date=1856-03-30
1856	3	30	11	58	0	-2	orig=-1.6R|orig.time=2:00PM|orig.date=1856-03-30
1856	3	30	18	58	0	-2.9	orig=-2.3R|orig.time=9:00PM|orig.date=1856-03-30
1856	3	31	4	58	0	-2.1	orig=-1.7R|orig.time=7:00AM|orig.date=1856-03-31
1856	3	31	9	58	0	3.6	orig=2.9R|orig.time=Noon|orig.date=1856-03-31
1856	3	31	11	58	0	2.8	orig=2.2R|orig.time=2:00PM|orig.date=1856-03-31
1856	3	31	18	58	0	-2.6	orig=-2.1R|orig.time=9:00PM|orig.date=1856-03-31
1856	4	1	4	58	0	-9	orig=-7.2R|orig.time=7:00AM|orig.date=1856-04-01
1856	4	1	9	58	0	-4.5	orig=-3.6R|orig.time=Noon|orig.date=1856-04-01
1856	4	1	11	58	0	-3.9	orig=-3.1R|orig.time=2:00PM|orig.date=1856-04-01
1856	4	1	18	58	0	-4.2	orig=-3.4R|orig.time=9:00PM|orig.date=1856-04-01
1856	4	2	4	58	0	-6	orig=-4.8R|orig.time=7:00AM|orig.date=1856-04-02
1856	4	2	9	58	0	-1	orig=-0.8R|orig.time=Noon|orig.date=1856-04-02
1856	4	2	11	58	0	-1.2	orig=-1R|orig.time=2:00PM|orig.date=1856-04-02
1856	4	2	18	58	0	-1.8	orig=-1.4R|orig.time=9:00PM|orig.date=1856-04-02
1856	4	3	4	58	0	-7.9	orig=-6.3R|orig.time=7:00AM|orig.date=1856-04-03
1856	4	3	9	58	0	-2.9	orig=-2.3R|orig.time=Noon|orig.date=1856-04-03
1856	4	3	11	58	0	-1.8	orig=-1.4R|orig.time=2:00PM|orig.date=1856-04-03
1856	4	3	18	58	0	-3.1	orig=-2.5R|orig.time=9:00PM|orig.date=1856-04-03
1856	4	4	4	58	0	-0.8	orig=-0.6R|orig.time=7:00AM|orig.date=1856-04-04
1856	4	4	9	58	0	5.6	orig=4.5R|orig.time=Noon|orig.date=1856-04-04
1856	4	4	11	58	0	7	orig=5.6R|orig.time=2:00PM|orig.date=1856-04-04
1856	4	4	18	58	0	3	orig=2.4R|orig.time=9:00PM|orig.date=1856-04-04
1856	4	5	4	58	0	4.2	orig=3.4R|orig.time=7:00AM|orig.date=1856-04-05
1856	4	5	9	58	0	10.5	orig=8.4R|orig.time=Noon|orig.date=1856-04-05
1856	4	5	11	58	0	13	orig=10.4R|orig.time=2:00PM|orig.date=1856-04-05
1856	4	5	18	58	0	7.5	orig=6R|orig.time=9:00PM|orig.date=1856-04-05
1856	4	6	4	58	0	7	orig=5.6R|orig.time=7:00AM|orig.date=1856-04-06
1856	4	6	9	58	0	14.2	orig=11.4R|orig.time=Noon|orig.date=1856-04-06
1856	4	6	11	58	0	16.1	orig=12.9R|orig.time=2:00PM|orig.date=1856-04-06
1856	4	6	18	58	0	8.6	orig=6.9R|orig.time=9:00PM|orig.date=1856-04-06
1856	4	7	4	58	0	8.6	orig=6.9R|orig.time=7:00AM|orig.date=1856-04-07
1856	4	7	9	58	0	16.1	orig=12.9R|orig.time=Noon|orig.date=1856-04-07
1856	4	7	11	58	0	15.8	orig=12.6R|orig.time=2:00PM|orig.date=1856-04-07
1856	4	7	18	58	0	9.4	orig=7.5R|orig.time=9:00PM|orig.date=1856-04-07
1856	4	8	4	58	0	5.5	orig=4.4R|orig.time=7:00AM|orig.date=1856-04-08
1856	4	8	9	58	0	11.6	orig=9.3R|orig.time=Noon|orig.date=1856-04-08
1856	4	8	11	58	0	10.2	orig=8.2R|orig.time=2:00PM|orig.date=1856-04-08
1856	4	8	18	58	0	6.5	orig=5.2R|orig.time=9:00PM|orig.date=1856-04-08
1856	4	9	4	58	0	4.4	orig=3.5R|orig.time=7:00AM|orig.date=1856-04-09
1856	4	9	9	58	0	5.4	orig=4.3R|orig.time=Noon|orig.date=1856-04-09
1856	4	9	11	58	0	6.6	orig=5.3R|orig.time=2:00PM|orig.date=1856-04-09
1856	4	9	18	58	0	5.2	orig=4.2R|orig.time=9:00PM|orig.date=1856-04-09
1856	4	10	4	58	0	3.9	orig=3.1R|orig.time=7:00AM|orig.date=1856-04-10
1856	4	10	9	58	0	5.9	orig=4.7R|orig.time=Noon|orig.date=1856-04-10
1856	4	10	11	58	0	6.9	orig=5.5R|orig.time=2:00PM|orig.date=1856-04-10
1856	4	10	18	58	0	5.6	orig=4.5R|orig.time=9:00PM|orig.date=1856-04-10
1856	4	11	4	58	0	5.2	orig=4.2R|orig.time=7:00AM|orig.date=1856-04-11
1856	4	11	9	58	0	6	orig=4.8R|orig.time=Noon|orig.date=1856-04-11
1856	4	11	11	58	0	6.8	orig=5.4R|orig.time=2:00PM|orig.date=1856-04-11
1856	4	11	18	58	0	8.1	orig=6.5R|orig.time=9:00PM|orig.date=1856-04-11
1856	4	12	4	58	0	5.4	orig=4.3R|orig.time=7:00AM|orig.date=1856-04-12
1856	4	12	9	58	0	6.8	orig=5.4R|orig.time=Noon|orig.date=1856-04-12
1856	4	12	11	58	0	9.2	orig=7.4R|orig.time=2:00PM|orig.date=1856-04-12
1856	4	12	18	58	0	7.5	orig=6R|orig.time=9:00PM|orig.date=1856-04-12
1856	4	13	4	58	0	7	orig=5.6R|orig.time=7:00AM|orig.date=1856-04-13
1856	4	13	9	58	0	14.9	orig=11.9R|orig.time=Noon|orig.date=1856-04-13
1856	4	13	11	58	0	15.9	orig=12.7R|orig.time=2:00PM|orig.date=1856-04-13
1856	4	13	18	58	0	11.5	orig=9.2R|orig.time=9:00PM|orig.date=1856-04-13
1856	4	14	4	58	0	10.6	orig=8.5R|orig.time=7:00AM|orig.date=1856-04-14
1856	4	14	9	58	0	19.8	orig=15.8R|orig.time=Noon|orig.date=1856-04-14
1856	4	14	11	58	0	20.8	orig=16.6R|orig.time=2:00PM|orig.date=1856-04-14
1856	4	14	18	58	0	14.2	orig=11.4R|orig.time=9:00PM|orig.date=1856-04-14
1856	4	15	4	58	0	7.6	orig=6.1R|orig.time=7:00AM|orig.date=1856-04-15
1856	4	15	9	58	0	7.9	orig=6.3R|orig.time=Noon|orig.date=1856-04-15
1856	4	15	11	58	0	9	orig=7.2R|orig.time=2:00PM|orig.date=1856-04-15
1856	4	15	18	58	0	6.6	orig=5.3R|orig.time=9:00PM|orig.date=1856-04-15
1856	4	16	4	58	0	1.6	orig=1.3R|orig.time=7:00AM|orig.date=1856-04-16
1856	4	16	9	58	0	5.8	orig=4.6R|orig.time=Noon|orig.date=1856-04-16
1856	4	16	11	58	0	6.4	orig=5.1R|orig.time=2:00PM|orig.date=1856-04-16
1856	4	16	18	58	0	5	orig=4R|orig.time=9:00PM|orig.date=1856-04-16
1856	4	17	4	58	0	2	orig=1.6R|orig.time=7:00AM|orig.date=1856-04-17
1856	4	17	9	58	0	5.2	orig=4.2R|orig.time=Noon|orig.date=1856-04-17
1856	4	17	11	58	0	6.5	orig=5.2R|orig.time=2:00PM|orig.date=1856-04-17
1856	4	17	18	58	0	5.1	orig=4.1R|orig.time=9:00PM|orig.date=1856-04-17
1856	4	18	4	58	0	3.5	orig=2.8R|orig.time=7:00AM|orig.date=1856-04-18
1856	4	18	9	58	0	11.1	orig=8.9R|orig.time=Noon|orig.date=1856-04-18
1856	4	18	11	58	0	12.9	orig=10.3R|orig.time=2:00PM|orig.date=1856-04-18
1856	4	18	18	58	0	9	orig=7.2R|orig.time=9:00PM|orig.date=1856-04-18
1856	4	19	4	58	0	8	orig=6.4R|orig.time=7:00AM|orig.date=1856-04-19
1856	4	19	9	58	0	13.8	orig=11R|orig.time=Noon|orig.date=1856-04-19
1856	4	19	11	58	0	11.6	orig=9.3R|orig.time=2:00PM|orig.date=1856-04-19
1856	4	19	18	58	0	2	orig=1.6R|orig.time=9:00PM|orig.date=1856-04-19
1856	4	20	4	58	0	-0.9	orig=-0.7R|orig.time=7:00AM|orig.date=1856-04-20
1856	4	20	9	58	0	1.8	orig=1.4R|orig.time=Noon|orig.date=1856-04-20
1856	4	20	11	58	0	3	orig=2.4R|orig.time=2:00PM|orig.date=1856-04-20
1856	4	20	18	58	0	1	orig=0.8R|orig.time=9:00PM|orig.date=1856-04-20
1856	4	21	4	58	0	-0.5	orig=-0.4R|orig.time=7:00AM|orig.date=1856-04-21
1856	4	21	9	58	0	3.5	orig=2.8R|orig.time=Noon|orig.date=1856-04-21
1856	4	21	11	58	0	5.4	orig=4.3R|orig.time=2:00PM|orig.date=1856-04-21
1856	4	21	18	58	0	-0.2	orig=-0.2R|orig.time=9:00PM|orig.date=1856-04-21
1856	4	22	4	58	0	-0.1	orig=-0.1R|orig.time=7:00AM|orig.date=1856-04-22
1856	4	22	9	58	0	7.1	orig=5.7R|orig.time=Noon|orig.date=1856-04-22
1856	4	22	11	58	0	9.8	orig=7.8R|orig.time=2:00PM|orig.date=1856-04-22
1856	4	22	18	58	0	6.8	orig=5.4R|orig.time=9:00PM|orig.date=1856-04-22
1856	4	23	4	58	0	5.9	orig=4.7R|orig.time=7:00AM|orig.date=1856-04-23
1856	4	23	9	58	0	9.1	orig=7.3R|orig.time=Noon|orig.date=1856-04-23
1856	4	23	11	58	0	11	orig=8.8R|orig.time=2:00PM|orig.date=1856-04-23
1856	4	23	18	58	0	8.4	orig=6.7R|orig.time=9:00PM|orig.date=1856-04-23
1856	4	24	4	58	0	10.2	orig=8.2R|orig.time=7:00AM|orig.date=1856-04-24
1856	4	24	9	58	0	15.4	orig=12.3R|orig.time=Noon|orig.date=1856-04-24
1856	4	24	11	58	0	16.1	orig=12.9R|orig.time=2:00PM|orig.date=1856-04-24
1856	4	24	18	58	0	11	orig=8.8R|orig.time=9:00PM|orig.date=1856-04-24
1856	4	25	4	58	0	9.5	orig=7.6R|orig.time=7:00AM|orig.date=1856-04-25
1856	4	25	9	58	0	18.4	orig=14.7R|orig.time=Noon|orig.date=1856-04-25
1856	4	25	11	58	0	19.2	orig=15.4R|orig.time=2:00PM|orig.date=1856-04-25
1856	4	25	18	58	0	14.2	orig=11.4R|orig.time=9:00PM|orig.date=1856-04-25
1856	4	26	4	58	0	15.4	orig=12.3R|orig.time=7:00AM|orig.date=1856-04-26
1856	4	26	9	58	0	21.1	orig=16.9R|orig.time=Noon|orig.date=1856-04-26
1856	4	26	11	58	0	22.4	orig=17.9R|orig.time=2:00PM|orig.date=1856-04-26
1856	4	26	18	58	0	14.6	orig=11.7R|orig.time=9:00PM|orig.date=1856-04-26
1856	4	27	4	58	0	14.9	orig=11.9R|orig.time=7:00AM|orig.date=1856-04-27
1856	4	27	9	58	0	22.2	orig=17.8R|orig.time=Noon|orig.date=1856-04-27
1856	4	27	11	58	0	23.4	orig=18.7R|orig.time=2:00PM|orig.date=1856-04-27
1856	4	27	18	58	0	17	orig=13.6R|orig.time=9:00PM|orig.date=1856-04-27
1856	4	28	4	58	0	15.5	orig=12.4R|orig.time=7:00AM|orig.date=1856-04-28
1856	4	28	9	58	0	21.5	orig=17.2R|orig.time=Noon|orig.date=1856-04-28
1856	4	28	11	58	0	22.1	orig=17.7R|orig.time=2:00PM|orig.date=1856-04-28
1856	4	28	18	58	0	15.5	orig=12.4R|orig.time=9:00PM|orig.date=1856-04-28
1856	4	29	4	58	0	15	orig=12R|orig.time=7:00AM|orig.date=1856-04-29
1856	4	29	9	58	0	19.4	orig=15.5R|orig.time=Noon|orig.date=1856-04-29
1856	4	29	11	58	0	20.5	orig=16.4R|orig.time=2:00PM|orig.date=1856-04-29
1856	4	29	18	58	0	15.1	orig=12.1R|orig.time=9:00PM|orig.date=1856-04-29
1856	4	30	4	58	0	13.1	orig=10.5R|orig.time=7:00AM|orig.date=1856-04-30
1856	4	30	9	58	0	19.2	orig=15.4R|orig.time=Noon|orig.date=1856-04-30
1856	4	30	11	58	0	20.9	orig=16.7R|orig.time=2:00PM|orig.date=1856-04-30
1856	4	30	18	58	0	14.5	orig=11.6R|orig.time=9:00PM|orig.date=1856-04-30
1856	5	1	4	58	0	16.5	orig=13.2R|orig.time=7:00AM|orig.date=1856-05-01
1856	5	1	9	58	0	19	orig=15.2R|orig.time=Noon|orig.date=1856-05-01
1856	5	1	11	58	0	20.5	orig=16.4R|orig.time=2:00PM|orig.date=1856-05-01
1856	5	1	18	58	0	21.2	orig=17R|orig.time=9:00PM|orig.date=1856-05-01
1856	5	2	4	58	0	12.6	orig=10.1R|orig.time=7:00AM|orig.date=1856-05-02
1856	5	2	9	58	0	20.5	orig=16.4R|orig.time=Noon|orig.date=1856-05-02
1856	5	2	11	58	0	21.4	orig=17.1R|orig.time=2:00PM|orig.date=1856-05-02
1856	5	2	18	58	0	13.8	orig=11R|orig.time=9:00PM|orig.date=1856-05-02
1856	5	3	4	58	0	13.8	orig=11R|orig.time=7:00AM|orig.date=1856-05-03
1856	5	3	9	58	0	18.4	orig=14.7R|orig.time=Noon|orig.date=1856-05-03
1856	5	3	11	58	0	19.6	orig=15.7R|orig.time=2:00PM|orig.date=1856-05-03
1856	5	3	18	58	0	12.6	orig=10.08R|orig.time=9:00PM|orig.date=1856-05-03
1856	5	4	4	58	0	14.2	orig=11.4R|orig.time=7:00AM|orig.date=1856-05-04
1856	5	4	9	58	0	18.1	orig=14.5R|orig.time=Noon|orig.date=1856-05-04
1856	5	4	11	58	0	19.5	orig=15.6R|orig.time=2:00PM|orig.date=1856-05-04
1856	5	4	18	58	0	12.5	orig=10R|orig.time=9:00PM|orig.date=1856-05-04
1856	5	5	4	58	0	10.5	orig=8.4R|orig.time=7:00AM|orig.date=1856-05-05
1856	5	5	9	58	0	15.4	orig=12.3R|orig.time=Noon|orig.date=1856-05-05
1856	5	5	11	58	0	15.5	orig=12.4R|orig.time=2:00PM|orig.date=1856-05-05
1856	5	5	18	58	0	13	orig=10.4R|orig.time=9:00PM|orig.date=1856-05-05
1856	5	6	4	58	0	9.2	orig=7.4R|orig.time=7:00AM|orig.date=1856-05-06
1856	5	6	9	58	0	11.4	orig=9.1R|orig.time=Noon|orig.date=1856-05-06
1856	5	6	11	58	0	12	orig=9.6R|orig.time=2:00PM|orig.date=1856-05-06
1856	5	6	18	58	0	6.9	orig=5.5R|orig.time=9:00PM|orig.date=1856-05-06
1856	5	7	4	58	0	7	orig=5.6R|orig.time=7:00AM|orig.date=1856-05-07
1856	5	7	9	58	0	11	orig=8.8R|orig.time=Noon|orig.date=1856-05-07
1856	5	7	11	58	0	12.2	orig=9.8R|orig.time=2:00PM|orig.date=1856-05-07
1856	5	7	18	58	0	7.9	orig=6.3R|orig.time=9:00PM|orig.date=1856-05-07
1856	5	8	4	58	0	12	orig=9.6R|orig.time=7:00AM|orig.date=1856-05-08
1856	5	8	9	58	0	16.4	orig=13.1R|orig.time=Noon|orig.date=1856-05-08
1856	5	8	11	58	0	17	orig=13.6R|orig.time=2:00PM|orig.date=1856-05-08
1856	5	8	18	58	0	12.2	orig=9.8R|orig.time=9:00PM|orig.date=1856-05-08
1856	5	9	4	58	0	11.4	orig=9.1R|orig.time=7:00AM|orig.date=1856-05-09
1856	5	9	9	58	0	16	orig=12.8R|orig.time=Noon|orig.date=1856-05-09
1856	5	9	11	58	0	17.4	orig=13.9R|orig.time=2:00PM|orig.date=1856-05-09
1856	5	9	18	58	0	13.4	orig=10.7R|orig.time=9:00PM|orig.date=1856-05-09
1856	5	10	4	58	0	14.8	orig=11.8R|orig.time=7:00AM|orig.date=1856-05-10
1856	5	10	9	58	0	14.5	orig=11.6R|orig.time=Noon|orig.date=1856-05-10
1856	5	10	11	58	0	15.2	orig=12.2R|orig.time=2:00PM|orig.date=1856-05-10
1856	5	10	18	58	0	12.2	orig=9.8R|orig.time=9:00PM|orig.date=1856-05-10
1856	5	11	4	58	0	13	orig=10.4R|orig.time=7:00AM|orig.date=1856-05-11
1856	5	11	9	58	0	15.5	orig=12.4R|orig.time=Noon|orig.date=1856-05-11
1856	5	11	11	58	0	17.4	orig=13.9R|orig.time=2:00PM|orig.date=1856-05-11
1856	5	11	18	58	0	11.9	orig=9.5R|orig.time=9:00PM|orig.date=1856-05-11
1856	5	12	4	58	0	10.6	orig=8.5R|orig.time=7:00AM|orig.date=1856-05-12
1856	5	12	9	58	0	16.4	orig=13.1R|orig.time=Noon|orig.date=1856-05-12
1856	5	12	11	58	0	18	orig=14.4R|orig.time=2:00PM|orig.date=1856-05-12
1856	5	12	18	58	0	12.8	orig=10.2R|orig.time=9:00PM|orig.date=1856-05-12
1856	5	13	4	58	0	15.8	orig=12.6R|orig.time=7:00AM|orig.date=1856-05-13
1856	5	13	9	58	0	18.9	orig=15.1R|orig.time=Noon|orig.date=1856-05-13
1856	5	13	11	58	0	20.2	orig=16.2R|orig.time=2:00PM|orig.date=1856-05-13
1856	5	13	18	58	0	16.1	orig=12.9R|orig.time=9:00PM|orig.date=1856-05-13
1856	5	14	4	58	0	17.8	orig=14.2R|orig.time=7:00AM|orig.date=1856-05-14
1856	5	14	9	58	0	21.6	orig=17.3R|orig.time=Noon|orig.date=1856-05-14
1856	5	14	11	58	0	22.1	orig=17.7R|orig.time=2:00PM|orig.date=1856-05-14
1856	5	14	18	58	0	17.6	orig=14.1R|orig.time=9:00PM|orig.date=1856-05-14
1856	5	15	4	58	0	15.6	orig=12.5R|orig.time=7:00AM|orig.date=1856-05-15
1856	5	15	9	58	0	23.2	orig=18.6R|orig.time=Noon|orig.date=1856-05-15
1856	5	15	11	58	0	19.4	orig=15.5R|orig.time=2:00PM|orig.date=1856-05-15
1856	5	15	18	58	0	17.5	orig=14R|orig.time=9:00PM|orig.date=1856-05-15
1856	5	16	4	58	0	13.1	orig=10.5R|orig.time=7:00AM|orig.date=1856-05-16
1856	5	16	9	58	0	20.2	orig=16.2R|orig.time=Noon|orig.date=1856-05-16
1856	5	16	11	58	0	22	orig=17.6R|orig.time=2:00PM|orig.date=1856-05-16
1856	5	16	18	58	0	18	orig=14.4R|orig.time=9:00PM|orig.date=1856-05-16
1856	5	17	4	58	0	17.6	orig=14.1R|orig.time=7:00AM|orig.date=1856-05-17
1856	5	17	9	58	0	23.4	orig=18.7R|orig.time=Noon|orig.date=1856-05-17
1856	5	17	11	58	0	24.4	orig=19.5R|orig.time=2:00PM|orig.date=1856-05-17
1856	5	17	18	58	0	19.5	orig=15.6R|orig.time=9:00PM|orig.date=1856-05-17
1856	5	18	4	58	0	19.6	orig=15.7R|orig.time=7:00AM|orig.date=1856-05-18
1856	5	18	9	58	0	20.2	orig=16.2R|orig.time=Noon|orig.date=1856-05-18
1856	5	18	11	58	0	22.4	orig=17.9R|orig.time=2:00PM|orig.date=1856-05-18
1856	5	18	18	58	0	16.6	orig=13.3R|orig.time=9:00PM|orig.date=1856-05-18
1856	5	19	4	58	0	12.4	orig=9.9R|orig.time=7:00AM|orig.date=1856-05-19
1856	5	19	9	58	0	16.6	orig=13.3R|orig.time=Noon|orig.date=1856-05-19
1856	5	19	11	58	0	17.1	orig=13.7R|orig.time=2:00PM|orig.date=1856-05-19
1856	5	19	18	58	0	16.6	orig=13.3R|orig.time=9:00PM|orig.date=1856-05-19
1856	5	20	4	58	0	12.4	orig=9.9R|orig.time=7:00AM|orig.date=1856-05-20
1856	5	20	9	58	0	12.5	orig=10R|orig.time=Noon|orig.date=1856-05-20
1856	5	20	11	58	0	13.6	orig=10.9R|orig.time=2:00PM|orig.date=1856-05-20
1856	5	20	18	58	0	13.5	orig=10.8R|orig.time=9:00PM|orig.date=1856-05-20
1856	5	21	4	58	0	11.1	orig=8.9R|orig.time=7:00AM|orig.date=1856-05-21
1856	5	21	9	58	0	15.5	orig=12.4R|orig.time=Noon|orig.date=1856-05-21
1856	5	21	11	58	0	15.6	orig=12.5R|orig.time=2:00PM|orig.date=1856-05-21
1856	5	21	18	58	0	12.4	orig=9.9R|orig.time=9:00PM|orig.date=1856-05-21
1856	5	22	4	58	0	10.6	orig=8.5R|orig.time=7:00AM|orig.date=1856-05-22
1856	5	22	9	58	0	15.6	orig=12.5R|orig.time=Noon|orig.date=1856-05-22
1856	5	22	11	58	0	16.9	orig=13.5R|orig.time=2:00PM|orig.date=1856-05-22
1856	5	22	18	58	0	12.1	orig=9.7R|orig.time=9:00PM|orig.date=1856-05-22
1856	5	23	4	58	0	14.4	orig=11.5R|orig.time=7:00AM|orig.date=1856-05-23
1856	5	23	9	58	0	18.1	orig=14.5R|orig.time=Noon|orig.date=1856-05-23
1856	5	23	11	58	0	21	orig=16.8R|orig.time=2:00PM|orig.date=1856-05-23
1856	5	23	18	58	0	16.5	orig=13.2R|orig.time=9:00PM|orig.date=1856-05-23
1856	5	24	4	58	0	22.1	orig=17.7R|orig.time=7:00AM|orig.date=1856-05-24
1856	5	24	9	58	0	22.2	orig=17.8R|orig.time=Noon|orig.date=1856-05-24
1856	5	24	11	58	0	20.5	orig=16.4R|orig.time=2:00PM|orig.date=1856-05-24
1856	5	24	18	58	0	15.9	orig=12.7R|orig.time=9:00PM|orig.date=1856-05-24
1856	5	25	4	58	0	17.2	orig=13.8R|orig.time=7:00AM|orig.date=1856-05-25
1856	5	25	9	58	0	21.8	orig=17.4R|orig.time=Noon|orig.date=1856-05-25
1856	5	25	11	58	0	23.8	orig=19R|orig.time=2:00PM|orig.date=1856-05-25
1856	5	25	18	58	0	16.8	orig=13.4R|orig.time=9:00PM|orig.date=1856-05-25
1856	5	26	4	58	0	14.4	orig=11.5R|orig.time=7:00AM|orig.date=1856-05-26
1856	5	26	9	58	0	21.5	orig=17.2R|orig.time=Noon|orig.date=1856-05-26
1856	5	26	11	58	0	19.8	orig=15.8R|orig.time=2:00PM|orig.date=1856-05-26
1856	5	26	18	58	0	14.2	orig=11.4R|orig.time=9:00PM|orig.date=1856-05-26
1856	5	27	4	58	0	13.5	orig=10.8R|orig.time=7:00AM|orig.date=1856-05-27
1856	5	27	9	58	0	15	orig=12R|orig.time=Noon|orig.date=1856-05-27
1856	5	27	11	58	0	15.6	orig=12.5R|orig.time=2:00PM|orig.date=1856-05-27
1856	5	27	18	58	0	14.5	orig=11.6R|orig.time=9:00PM|orig.date=1856-05-27
1856	5	28	4	58	0	17.2	orig=13.8R|orig.time=7:00AM|orig.date=1856-05-28
1856	5	28	9	58	0	22.2	orig=17.8R|orig.time=Noon|orig.date=1856-05-28
1856	5	28	11	58	0	22	orig=17.6R|orig.time=2:00PM|orig.date=1856-05-28
1856	5	28	18	58	0	15	orig=12R|orig.time=9:00PM|orig.date=1856-05-28
1856	5	29	4	58	0	21.8	orig=17.4R|orig.time=7:00AM|orig.date=1856-05-29
1856	5	29	9	58	0	25.6	orig=20.5R|orig.time=Noon|orig.date=1856-05-29
1856	5	29	11	58	0	26.4	orig=21.1R|orig.time=2:00PM|orig.date=1856-05-29
1856	5	29	18	58	0	20	orig=16R|orig.time=9:00PM|orig.date=1856-05-29
1856	5	30	4	58	0	24.8	orig=19.8R|orig.time=7:00AM|orig.date=1856-05-30
1856	5	30	9	58	0	27.8	orig=22.2R|orig.time=Noon|orig.date=1856-05-30
1856	5	30	11	58	0	27.6	orig=22.1R|orig.time=2:00PM|orig.date=1856-05-30
1856	5	30	18	58	0	21.9	orig=17.5R|orig.time=9:00PM|orig.date=1856-05-30
1856	5	31	4	58	0	25.9	orig=20.7R|orig.time=7:00AM|orig.date=1856-05-31
1856	5	31	9	58	0	22.1	orig=17.7R|orig.time=Noon|orig.date=1856-05-31
1856	5	31	11	58	0	20.8	orig=16.6R|orig.time=2:00PM|orig.date=1856-05-31
1856	5	31	18	58	0	16.8	orig=13.4R|orig.time=9:00PM|orig.date=1856-05-31
1856	6	1	4	58	0	14	orig=11.2R|orig.time=7:00AM|orig.date=1856-06-01
1856	6	1	9	58	0	14.2	orig=11.4R|orig.time=Noon|orig.date=1856-06-01
1856	6	1	11	58	0	15.1	orig=12.1R|orig.time=2:00PM|orig.date=1856-06-01
1856	6	1	18	58	0	12.8	orig=10.2R|orig.time=9:00PM|orig.date=1856-06-01
1856	6	2	4	58	0	16	orig=12.8R|orig.time=7:00AM|orig.date=1856-06-02
1856	6	2	9	58	0	19.2	orig=15.4R|orig.time=Noon|orig.date=1856-06-02
1856	6	2	11	58	0	16	orig=12.8R|orig.time=2:00PM|orig.date=1856-06-02
1856	6	2	18	58	0	16	orig=12.8R|orig.time=9:00PM|orig.date=1856-06-02
1856	6	3	4	58	0	16	orig=12.8R|orig.time=7:00AM|orig.date=1856-06-03
1856	6	3	9	58	0	24	orig=19.2R|orig.time=Noon|orig.date=1856-06-03
1856	6	3	11	58	0	25.4	orig=20.3R|orig.time=2:00PM|orig.date=1856-06-03
1856	6	3	18	58	0	20.2	orig=16.2R|orig.time=9:00PM|orig.date=1856-06-03
1856	6	4	4	58	0	21	orig=16.8R|orig.time=7:00AM|orig.date=1856-06-04
1856	6	4	9	58	0	24.9	orig=19.9R|orig.time=Noon|orig.date=1856-06-04
1856	6	4	11	58	0	25.2	orig=20.2R|orig.time=2:00PM|orig.date=1856-06-04
1856	6	4	18	58	0	20.6	orig=16.5R|orig.time=9:00PM|orig.date=1856-06-04
1856	6	5	4	58	0	17.1	orig=13.7R|orig.time=7:00AM|orig.date=1856-06-05
1856	6	5	9	58	0	20.9	orig=16.7R|orig.time=Noon|orig.date=1856-06-05
1856	6	5	11	58	0	19.8	orig=15.8R|orig.time=2:00PM|orig.date=1856-06-05
1856	6	5	18	58	0	16.4	orig=13.1R|orig.time=9:00PM|orig.date=1856-06-05
1856	6	6	4	58	0	22	orig=17.6R|orig.time=7:00AM|orig.date=1856-06-06
1856	6	6	9	58	0	19.6	orig=15.7R|orig.time=Noon|orig.date=1856-06-06
1856	6	6	11	58	0	24.2	orig=19.4R|orig.time=2:00PM|orig.date=1856-06-06
1856	6	6	18	58	0	18.8	orig=15R|orig.time=9:00PM|orig.date=1856-06-06
1856	6	7	4	58	0	14.8	orig=11.8R|orig.time=7:00AM|orig.date=1856-06-07
1856	6	7	9	58	0	17.5	orig=14R|orig.time=Noon|orig.date=1856-06-07
1856	6	7	11	58	0	19.4	orig=15.5R|orig.time=2:00PM|orig.date=1856-06-07
1856	6	7	18	58	0	19.2	orig=15.4R|orig.time=9:00PM|orig.date=1856-06-07
1856	6	8	4	58	0	12.9	orig=10.3R|orig.time=7:00AM|orig.date=1856-06-08
1856	6	8	9	58	0	13.5	orig=10.8R|orig.time=Noon|orig.date=1856-06-08
1856	6	8	11	58	0	14.6	orig=11.7R|orig.time=2:00PM|orig.date=1856-06-08
1856	6	8	18	58	0	12.9	orig=10.3R|orig.time=9:00PM|orig.date=1856-06-08
1856	6	9	4	58	0	14.5	orig=11.6R|orig.time=7:00AM|orig.date=1856-06-09
1856	6	9	9	58	0	17	orig=13.6R|orig.time=Noon|orig.date=1856-06-09
1856	6	9	11	58	0	17.2	orig=13.8R|orig.time=2:00PM|orig.date=1856-06-09
1856	6	9	18	58	0	15.1	orig=12.1R|orig.time=9:00PM|orig.date=1856-06-09
1856	6	10	4	58	0	16.9	orig=13.5R|orig.time=7:00AM|orig.date=1856-06-10
1856	6	10	9	58	0	21	orig=16.8R|orig.time=Noon|orig.date=1856-06-10
1856	6	10	11	58	0	22	orig=17.6R|orig.time=2:00PM|orig.date=1856-06-10
1856	6	10	18	58	0	17	orig=13.6R|orig.time=9:00PM|orig.date=1856-06-10
1856	6	11	4	58	0	21	orig=16.8R|orig.time=7:00AM|orig.date=1856-06-11
1856	6	11	9	58	0	22	orig=17.6R|orig.time=Noon|orig.date=1856-06-11
1856	6	11	11	58	0	23	orig=18.4R|orig.time=2:00PM|orig.date=1856-06-11
1856	6	11	18	58	0	19.2	orig=15.4R|orig.time=9:00PM|orig.date=1856-06-11
1856	6	12	4	58	0	15.5	orig=12.4R|orig.time=7:00AM|orig.date=1856-06-12
1856	6	12	9	58	0	21	orig=16.8R|orig.time=Noon|orig.date=1856-06-12
1856	6	12	11	58	0	21.5	orig=17.2R|orig.time=2:00PM|orig.date=1856-06-12
1856	6	12	18	58	0	16.9	orig=13.5R|orig.time=9:00PM|orig.date=1856-06-12
1856	6	13	4	58	0	16.8	orig=13.4R|orig.time=7:00AM|orig.date=1856-06-13
1856	6	13	9	58	0	20.6	orig=16.5R|orig.time=Noon|orig.date=1856-06-13
1856	6	13	11	58	0	21.6	orig=17.3R|orig.time=2:00PM|orig.date=1856-06-13
1856	6	13	18	58	0	19.2	orig=15.4R|orig.time=9:00PM|orig.date=1856-06-13
1856	6	14	4	58	0	24	orig=19.2R|orig.time=7:00AM|orig.date=1856-06-14
1856	6	14	9	58	0	26.2	orig=21R|orig.time=Noon|orig.date=1856-06-14
1856	6	14	11	58	0	27	orig=21.6R|orig.time=2:00PM|orig.date=1856-06-14
1856	6	14	18	58	0	19.9	orig=15.9R|orig.time=9:00PM|orig.date=1856-06-14
1856	6	15	4	58	0	22	orig=17.6R|orig.time=7:00AM|orig.date=1856-06-15
1856	6	15	9	58	0	26.9	orig=21.5R|orig.time=Noon|orig.date=1856-06-15
1856	6	15	11	58	0	28	orig=22.4R|orig.time=2:00PM|orig.date=1856-06-15
1856	6	15	18	58	0	21.5	orig=17.2R|orig.time=9:00PM|orig.date=1856-06-15
1856	6	16	4	58	0	24.6	orig=19.7R|orig.time=7:00AM|orig.date=1856-06-16
1856	6	16	9	58	0	29	orig=23.2R|orig.time=Noon|orig.date=1856-06-16
1856	6	16	11	58	0	28	orig=22.4R|orig.time=2:00PM|orig.date=1856-06-16
1856	6	16	18	58	0	23.6	orig=18.9R|orig.time=9:00PM|orig.date=1856-06-16
1856	6	17	4	58	0	21.9	orig=17.5R|orig.time=7:00AM|orig.date=1856-06-17
1856	6	17	9	58	0	28.5	orig=22.8R|orig.time=Noon|orig.date=1856-06-17
1856	6	17	11	58	0	29.8	orig=23.8R|orig.time=2:00PM|orig.date=1856-06-17
1856	6	17	18	58	0	23.5	orig=18.8R|orig.time=9:00PM|orig.date=1856-06-17
1856	6	18	4	58	0	24.2	orig=19.4R|orig.time=7:00AM|orig.date=1856-06-18
1856	6	18	9	58	0	27.5	orig=22R|orig.time=Noon|orig.date=1856-06-18
1856	6	18	11	58	0	28.6	orig=22.9R|orig.time=2:00PM|orig.date=1856-06-18
1856	6	18	18	58	0	24.2	orig=19.4R|orig.time=9:00PM|orig.date=1856-06-18
1856	6	19	4	58	0	25.6	orig=20.5R|orig.time=7:00AM|orig.date=1856-06-19
1856	6	19	9	58	0	26.1	orig=20.9R|orig.time=Noon|orig.date=1856-06-19
1856	6	19	11	58	0	27.5	orig=22R|orig.time=2:00PM|orig.date=1856-06-19
1856	6	19	18	58	0	21.5	orig=17.2R|orig.time=9:00PM|orig.date=1856-06-19
1856	6	20	4	58	0	25.8	orig=20.6R|orig.time=7:00AM|orig.date=1856-06-20
1856	6	20	9	58	0	30.5	orig=24.4R|orig.time=Noon|orig.date=1856-06-20
1856	6	20	11	58	0	28.5	orig=22.8R|orig.time=2:00PM|orig.date=1856-06-20
1856	6	20	18	58	0	21	orig=16.8R|orig.time=9:00PM|orig.date=1856-06-20
1856	6	21	4	58	0	24.9	orig=19.9R|orig.time=7:00AM|orig.date=1856-06-21
1856	6	21	9	58	0	28.8	orig=23.08R|orig.time=Noon|orig.date=1856-06-21
1856	6	21	11	58	0	22.5	orig=18R|orig.time=2:00PM|orig.date=1856-06-21
1856	6	21	18	58	0	23	orig=18.4R|orig.time=9:00PM|orig.date=1856-06-21
1856	6	22	4	58	0	21.2	orig=17R|orig.time=7:00AM|orig.date=1856-06-22
1856	6	22	9	58	0	27	orig=21.6R|orig.time=Noon|orig.date=1856-06-22
1856	6	22	11	58	0	20.9	orig=16.7R|orig.time=2:00PM|orig.date=1856-06-22
1856	6	22	18	58	0	19.6	orig=15.7R|orig.time=9:00PM|orig.date=1856-06-22
1856	6	23	4	58	0	21	orig=16.8R|orig.time=7:00AM|orig.date=1856-06-23
1856	6	23	9	58	0	28.1	orig=22.5R|orig.time=Noon|orig.date=1856-06-23
1856	6	23	11	58	0	27.6	orig=22.1R|orig.time=2:00PM|orig.date=1856-06-23
1856	6	23	18	58	0	19.8	orig=15.8R|orig.time=9:00PM|orig.date=1856-06-23
1856	6	24	4	58	0	20.2	orig=16.2R|orig.time=7:00AM|orig.date=1856-06-24
1856	6	24	9	58	0	24.2	orig=19.4R|orig.time=Noon|orig.date=1856-06-24
1856	6	24	11	58	0	24.1	orig=19.3R|orig.time=2:00PM|orig.date=1856-06-24
1856	6	24	18	58	0	25	orig=20R|orig.time=9:00PM|orig.date=1856-06-24
1856	6	25	4	58	0	13.5	orig=10.8R|orig.time=7:00AM|orig.date=1856-06-25
1856	6	25	9	58	0	14.4	orig=11.5R|orig.time=Noon|orig.date=1856-06-25
1856	6	25	11	58	0	15.8	orig=12.6R|orig.time=2:00PM|orig.date=1856-06-25
1856	6	25	18	58	0	14.4	orig=11.5R|orig.time=9:00PM|orig.date=1856-06-25
1856	6	26	4	58	0	14.2	orig=11.4R|orig.time=7:00AM|orig.date=1856-06-26
1856	6	26	9	58	0	20	orig=16R|orig.time=Noon|orig.date=1856-06-26
1856	6	26	11	58	0	21.6	orig=17.3R|orig.time=2:00PM|orig.date=1856-06-26
1856	6	26	18	58	0	18	orig=14.4R|orig.time=9:00PM|orig.date=1856-06-26
1856	6	27	4	58	0	20.6	orig=16.5R|orig.time=7:00AM|orig.date=1856-06-27
1856	6	27	9	58	0	22.2	orig=17.8R|orig.time=Noon|orig.date=1856-06-27
1856	6	27	11	58	0	23	orig=18.4R|orig.time=2:00PM|orig.date=1856-06-27
1856	6	27	18	58	0	19.4	orig=15.5R|orig.time=9:00PM|orig.date=1856-06-27
1856	6	28	4	58	0	17.6	orig=14.1R|orig.time=7:00AM|orig.date=1856-06-28
1856	6	28	9	58	0	21.1	orig=16.9R|orig.time=Noon|orig.date=1856-06-28
1856	6	28	11	58	0	22.5	orig=18R|orig.time=2:00PM|orig.date=1856-06-28
1856	6	28	18	58	0	20.1	orig=16.1R|orig.time=9:00PM|orig.date=1856-06-28
1856	6	29	4	58	0	25.5	orig=20.4R|orig.time=7:00AM|orig.date=1856-06-29
1856	6	29	9	58	0	28	orig=22.4R|orig.time=Noon|orig.date=1856-06-29
1856	6	29	11	58	0	28.4	orig=22.7R|orig.time=2:00PM|orig.date=1856-06-29
1856	6	29	18	58	0	22.2	orig=17.8R|orig.time=9:00PM|orig.date=1856-06-29
1856	6	30	4	58	0	16.1	orig=12.9R|orig.time=7:00AM|orig.date=1856-06-30
1856	6	30	9	58	0	19	orig=15.2R|orig.time=Noon|orig.date=1856-06-30
1856	6	30	11	58	0	19.9	orig=15.9R|orig.time=2:00PM|orig.date=1856-06-30
1856	6	30	18	58	0	14.8	orig=11.8R|orig.time=9:00PM|orig.date=1856-06-30
1856	7	1	4	58	0	21.6	orig=17.3R|orig.time=7:00AM|orig.date=1856-07-01
1856	7	1	9	58	0	24.5	orig=19.6R|orig.time=Noon|orig.date=1856-07-01
1856	7	1	11	58	0	27	orig=21.6R|orig.time=2:00PM|orig.date=1856-07-01
1856	7	1	18	58	0	17.2	orig=13.8R|orig.time=9:00PM|orig.date=1856-07-01
1856	7	2	4	58	0	14.6	orig=11.7R|orig.time=7:00AM|orig.date=1856-07-02
1856	7	2	9	58	0	18.8	orig=15R|orig.time=Noon|orig.date=1856-07-02
1856	7	2	11	58	0	20	orig=16R|orig.time=2:00PM|orig.date=1856-07-02
1856	7	2	18	58	0	24.5	orig=19.6R|orig.time=9:00PM|orig.date=1856-07-02
1856	7	3	4	58	0	12	orig=9.6R|orig.time=7:00AM|orig.date=1856-07-03
1856	7	3	9	58	0	20	orig=16R|orig.time=Noon|orig.date=1856-07-03
1856	7	3	11	58	0	19.1	orig=15.3R|orig.time=2:00PM|orig.date=1856-07-03
1856	7	3	18	58	0	11.2	orig=9R|orig.time=9:00PM|orig.date=1856-07-03
1856	7	4	4	58	0	13.4	orig=10.7R|orig.time=7:00AM|orig.date=1856-07-04
1856	7	4	9	58	0	18.9	orig=15.1R|orig.time=Noon|orig.date=1856-07-04
1856	7	4	11	58	0	19.5	orig=15.6R|orig.time=2:00PM|orig.date=1856-07-04
1856	7	4	18	58	0	14.4	orig=11.5R|orig.time=9:00PM|orig.date=1856-07-04
1856	7	5	4	58	0	16.2	orig=13R|orig.time=7:00AM|orig.date=1856-07-05
1856	7	5	9	58	0	17.9	orig=14.3R|orig.time=Noon|orig.date=1856-07-05
1856	7	5	11	58	0	21	orig=16.8R|orig.time=2:00PM|orig.date=1856-07-05
1856	7	5	18	58	0	15.5	orig=12.4R|orig.time=9:00PM|orig.date=1856-07-05
1856	7	6	4	58	0	15.9	orig=12.7R|orig.time=7:00AM|orig.date=1856-07-06
1856	7	6	9	58	0	23	orig=18.4R|orig.time=Noon|orig.date=1856-07-06
1856	7	6	11	58	0	22.1	orig=17.7R|orig.time=2:00PM|orig.date=1856-07-06
1856	7	6	18	58	0	17.5	orig=14R|orig.time=9:00PM|orig.date=1856-07-06
1856	7	7	4	58	0	17.2	orig=13.8R|orig.time=7:00AM|orig.date=1856-07-07
1856	7	7	9	58	0	22.5	orig=18R|orig.time=Noon|orig.date=1856-07-07
1856	7	7	11	58	0	24.5	orig=19.6R|orig.time=2:00PM|orig.date=1856-07-07
1856	7	7	18	58	0	17.1	orig=13.7R|orig.time=9:00PM|orig.date=1856-07-07
1856	7	8	4	58	0	20.2	orig=16.2R|orig.time=7:00AM|orig.date=1856-07-08
1856	7	8	9	58	0	25.1	orig=20.1R|orig.time=Noon|orig.date=1856-07-08
1856	7	8	11	58	0	25.6	orig=20.5R|orig.time=2:00PM|orig.date=1856-07-08
1856	7	8	18	58	0	21.5	orig=17.2R|orig.time=9:00PM|orig.date=1856-07-08
1856	7	9	4	58	0	20.5	orig=16.4R|orig.time=7:00AM|orig.date=1856-07-09
1856	7	9	9	58	0	25.9	orig=20.7R|orig.time=Noon|orig.date=1856-07-09
1856	7	9	11	58	0	27.5	orig=22R|orig.time=2:00PM|orig.date=1856-07-09
1856	7	9	18	58	0	22	orig=17.6R|orig.time=9:00PM|orig.date=1856-07-09
1856	7	10	4	58	0	21.6	orig=17.3R|orig.time=7:00AM|orig.date=1856-07-10
1856	7	10	9	58	0	25.2	orig=20.2R|orig.time=Noon|orig.date=1856-07-10
1856	7	10	11	58	0	25.5	orig=20.4R|orig.time=2:00PM|orig.date=1856-07-10
1856	7	10	18	58	0	17.5	orig=14R|orig.time=9:00PM|orig.date=1856-07-10
1856	7	11	4	58	0	18.1	orig=14.5R|orig.time=7:00AM|orig.date=1856-07-11
1856	7	11	9	58	0	23.6	orig=18.9R|orig.time=Noon|orig.date=1856-07-11
1856	7	11	11	58	0	23.2	orig=18.6R|orig.time=2:00PM|orig.date=1856-07-11
1856	7	11	18	58	0	17.9	orig=14.3R|orig.time=9:00PM|orig.date=1856-07-11
1856	7	12	4	58	0	17.8	orig=14.2R|orig.time=7:00AM|orig.date=1856-07-12
1856	7	12	9	58	0	21.9	orig=17.5R|orig.time=Noon|orig.date=1856-07-12
1856	7	12	11	58	0	21.1	orig=16.9R|orig.time=2:00PM|orig.date=1856-07-12
1856	7	12	18	58	0	17.8	orig=14.2R|orig.time=9:00PM|orig.date=1856-07-12
1856	7	13	4	58	0	17.1	orig=13.7R|orig.time=7:00AM|orig.date=1856-07-13
1856	7	13	9	58	0	21	orig=16.8R|orig.time=Noon|orig.date=1856-07-13
1856	7	13	11	58	0	22	orig=17.6R|orig.time=2:00PM|orig.date=1856-07-13
1856	7	13	18	58	0	17.4	orig=13.9R|orig.time=9:00PM|orig.date=1856-07-13
1856	7	14	4	58	0	18.4	orig=14.7R|orig.time=7:00AM|orig.date=1856-07-14
1856	7	14	9	58	0	22.2	orig=17.8R|orig.time=Noon|orig.date=1856-07-14
1856	7	14	11	58	0	23.2	orig=18.6R|orig.time=2:00PM|orig.date=1856-07-14
1856	7	14	18	58	0	18	orig=14.4R|orig.time=9:00PM|orig.date=1856-07-14
1856	7	15	4	58	0	16.2	orig=13R|orig.time=7:00AM|orig.date=1856-07-15
1856	7	15	9	58	0	23.6	orig=18.9R|orig.time=Noon|orig.date=1856-07-15
1856	7	15	11	58	0	25.1	orig=20.1R|orig.time=2:00PM|orig.date=1856-07-15
1856	7	15	18	58	0	21.5	orig=17.2R|orig.time=9:00PM|orig.date=1856-07-15
1856	7	16	4	58	0	18.2	orig=14.6R|orig.time=7:00AM|orig.date=1856-07-16
1856	7	16	9	58	0	22.9	orig=18.3R|orig.time=Noon|orig.date=1856-07-16
1856	7	16	11	58	0	25.4	orig=20.3R|orig.time=2:00PM|orig.date=1856-07-16
1856	7	16	18	58	0	19.4	orig=15.5R|orig.time=9:00PM|orig.date=1856-07-16
1856	7	17	4	58	0	17.9	orig=14.3R|orig.time=7:00AM|orig.date=1856-07-17
1856	7	17	9	58	0	21.9	orig=17.5R|orig.time=Noon|orig.date=1856-07-17
1856	7	17	11	58	0	22.2	orig=17.8R|orig.time=2:00PM|orig.date=1856-07-17
1856	7	17	18	58	0	19.6	orig=15.7R|orig.time=9:00PM|orig.date=1856-07-17
1856	7	18	4	58	0	19.5	orig=15.6R|orig.time=7:00AM|orig.date=1856-07-18
1856	7	18	9	58	0	24.4	orig=19.5R|orig.time=Noon|orig.date=1856-07-18
1856	7	18	11	58	0	22	orig=17.6R|orig.time=2:00PM|orig.date=1856-07-18
1856	7	18	18	58	0	19	orig=15.2R|orig.time=9:00PM|orig.date=1856-07-18
1856	7	19	4	58	0	20.1	orig=16.1R|orig.time=7:00AM|orig.date=1856-07-19
1856	7	19	9	58	0	24.9	orig=19.9R|orig.time=Noon|orig.date=1856-07-19
1856	7	19	11	58	0	24.5	orig=19.6R|orig.time=2:00PM|orig.date=1856-07-19
1856	7	19	18	58	0	17.6	orig=14.1R|orig.time=9:00PM|orig.date=1856-07-19
1856	7	20	4	58	0	18	orig=14.4R|orig.time=7:00AM|orig.date=1856-07-20
1856	7	20	9	58	0	23.6	orig=18.9R|orig.time=Noon|orig.date=1856-07-20
1856	7	20	11	58	0	24.4	orig=19.5R|orig.time=2:00PM|orig.date=1856-07-20
1856	7	20	18	58	0	20.1	orig=16.1R|orig.time=9:00PM|orig.date=1856-07-20
1856	7	21	4	58	0	16	orig=12.8R|orig.time=7:00AM|orig.date=1856-07-21
1856	7	21	9	58	0	18.5	orig=14.8R|orig.time=Noon|orig.date=1856-07-21
1856	7	21	11	58	0	19.2	orig=15.4R|orig.time=2:00PM|orig.date=1856-07-21
1856	7	21	18	58	0	15.8	orig=12.6R|orig.time=9:00PM|orig.date=1856-07-21
1856	7	22	4	58	0	15.9	orig=12.7R|orig.time=7:00AM|orig.date=1856-07-22
1856	7	22	9	58	0	20.2	orig=16.2R|orig.time=Noon|orig.date=1856-07-22
1856	7	22	11	58	0	19.9	orig=15.9R|orig.time=2:00PM|orig.date=1856-07-22
1856	7	22	18	58	0	14.2	orig=11.4R|orig.time=9:00PM|orig.date=1856-07-22
1856	7	23	4	58	0	14.2	orig=11.4R|orig.time=7:00AM|orig.date=1856-07-23
1856	7	23	9	58	0	18.6	orig=14.9R|orig.time=Noon|orig.date=1856-07-23
1856	7	23	11	58	0	20.2	orig=16.2R|orig.time=2:00PM|orig.date=1856-07-23
1856	7	23	18	58	0	15.9	orig=12.7R|orig.time=9:00PM|orig.date=1856-07-23
1856	7	24	4	58	0	18.1	orig=14.5R|orig.time=7:00AM|orig.date=1856-07-24
1856	7	24	9	58	0	21.1	orig=16.9R|orig.time=Noon|orig.date=1856-07-24
1856	7	24	11	58	0	23.1	orig=18.5R|orig.time=2:00PM|orig.date=1856-07-24
1856	7	24	18	58	0	19	orig=15.2R|orig.time=9:00PM|orig.date=1856-07-24
1856	7	25	4	58	0	20.6	orig=16.5R|orig.time=7:00AM|orig.date=1856-07-25
1856	7	25	9	58	0	23.1	orig=18.5R|orig.time=Noon|orig.date=1856-07-25
1856	7	25	11	58	0	24.2	orig=19.4R|orig.time=2:00PM|orig.date=1856-07-25
1856	7	25	18	58	0	20.1	orig=16.1R|orig.time=9:00PM|orig.date=1856-07-25
1856	7	26	4	58	0	19.5	orig=15.6R|orig.time=7:00AM|orig.date=1856-07-26
1856	7	26	9	58	0	24.4	orig=19.5R|orig.time=Noon|orig.date=1856-07-26
1856	7	26	11	58	0	24.8	orig=19.8R|orig.time=2:00PM|orig.date=1856-07-26
1856	7	26	18	58	0	20.6	orig=16.5R|orig.time=9:00PM|orig.date=1856-07-26
1856	7	27	4	58	0	20.6	orig=16.5R|orig.time=7:00AM|orig.date=1856-07-27
1856	7	27	9	58	0	24.5	orig=19.6R|orig.time=Noon|orig.date=1856-07-27
1856	7	27	11	58	0	23.5	orig=18.8R|orig.time=2:00PM|orig.date=1856-07-27
1856	7	27	18	58	0	18.2	orig=14.6R|orig.time=9:00PM|orig.date=1856-07-27
1856	7	28	4	58	0	17.8	orig=14.2R|orig.time=7:00AM|orig.date=1856-07-28
1856	7	28	9	58	0	23.2	orig=18.6R|orig.time=Noon|orig.date=1856-07-28
1856	7	28	11	58	0	20.8	orig=16.6R|orig.time=2:00PM|orig.date=1856-07-28
1856	7	28	18	58	0	18.8	orig=15R|orig.time=9:00PM|orig.date=1856-07-28
1856	7	29	4	58	0	17.1	orig=13.7R|orig.time=7:00AM|orig.date=1856-07-29
1856	7	29	9	58	0	21.1	orig=16.9R|orig.time=Noon|orig.date=1856-07-29
1856	7	29	11	58	0	20.5	orig=16.4R|orig.time=2:00PM|orig.date=1856-07-29
1856	7	29	18	58	0	18.4	orig=14.7R|orig.time=9:00PM|orig.date=1856-07-29
1856	7	30	4	58	0	18.5	orig=14.8R|orig.time=7:00AM|orig.date=1856-07-30
1856	7	30	9	58	0	21.6	orig=17.3R|orig.time=Noon|orig.date=1856-07-30
1856	7	30	11	58	0	22.1	orig=17.7R|orig.time=2:00PM|orig.date=1856-07-30
1856	7	30	18	58	0	19.9	orig=15.9R|orig.time=9:00PM|orig.date=1856-07-30
1856	7	31	4	58	0	17.8	orig=14.2R|orig.time=7:00AM|orig.date=1856-07-31
1856	7	31	9	58	0	22.9	orig=18.3R|orig.time=Noon|orig.date=1856-07-31
1856	7	31	11	58	0	23.2	orig=18.6R|orig.time=2:00PM|orig.date=1856-07-31
1856	7	31	18	58	0	18	orig=14.4R|orig.time=9:00PM|orig.date=1856-07-31
1856	8	1	4	58	0	19.5	orig=15.6R|orig.time=7:00AM|orig.date=1856-08-01
1856	8	1	9	58	0	24.2	orig=19.4R|orig.time=Noon|orig.date=1856-08-01
1856	8	1	11	58	0	24.2	orig=19.4R|orig.time=2:00PM|orig.date=1856-08-01
1856	8	1	18	58	0	18.2	orig=14.6R|orig.time=9:00PM|orig.date=1856-08-01
1856	8	2	4	58	0	16.5	orig=13.2R|orig.time=7:00AM|orig.date=1856-08-02
1856	8	2	9	58	0	22.4	orig=17.9R|orig.time=Noon|orig.date=1856-08-02
1856	8	2	11	58	0	23.2	orig=18.6R|orig.time=2:00PM|orig.date=1856-08-02
1856	8	2	18	58	0	18.2	orig=14.6R|orig.time=9:00PM|orig.date=1856-08-02
1856	8	3	4	58	0	16.5	orig=13.2R|orig.time=7:00AM|orig.date=1856-08-03
1856	8	3	9	58	0	23.6	orig=18.9R|orig.time=Noon|orig.date=1856-08-03
1856	8	3	11	58	0	25.6	orig=20.5R|orig.time=2:00PM|orig.date=1856-08-03
1856	8	3	18	58	0	20.6	orig=16.5R|orig.time=9:00PM|orig.date=1856-08-03
1856	8	4	4	58	0	17.4	orig=13.9R|orig.time=7:00AM|orig.date=1856-08-04
1856	8	4	9	58	0	20.9	orig=16.7R|orig.time=Noon|orig.date=1856-08-04
1856	8	4	11	58	0	21.8	orig=17.4R|orig.time=2:00PM|orig.date=1856-08-04
1856	8	4	18	58	0	17.8	orig=14.2R|orig.time=9:00PM|orig.date=1856-08-04
1856	8	5	4	58	0	15.5	orig=12.4R|orig.time=7:00AM|orig.date=1856-08-05
1856	8	5	9	58	0	19.6	orig=15.7R|orig.time=Noon|orig.date=1856-08-05
1856	8	5	11	58	0	21.1	orig=16.9R|orig.time=2:00PM|orig.date=1856-08-05
1856	8	5	18	58	0	18.1	orig=14.5R|orig.time=9:00PM|orig.date=1856-08-05
1856	8	6	4	58	0	13.6	orig=10.9R|orig.time=7:00AM|orig.date=1856-08-06
1856	8	6	9	58	0	18.5	orig=14.8R|orig.time=Noon|orig.date=1856-08-06
1856	8	6	11	58	0	18.9	orig=15.1R|orig.time=2:00PM|orig.date=1856-08-06
1856	8	6	18	58	0	13.8	orig=11R|orig.time=9:00PM|orig.date=1856-08-06
1856	8	7	4	58	0	13	orig=10.4R|orig.time=7:00AM|orig.date=1856-08-07
1856	8	7	9	58	0	13.5	orig=10.8R|orig.time=Noon|orig.date=1856-08-07
1856	8	7	11	58	0	13.5	orig=10.8R|orig.time=2:00PM|orig.date=1856-08-07
1856	8	7	18	58	0	13.2	orig=10.6R|orig.time=9:00PM|orig.date=1856-08-07
1856	8	8	4	58	0	14.5	orig=11.6R|orig.time=7:00AM|orig.date=1856-08-08
1856	8	8	9	58	0	19.8	orig=15.8R|orig.time=Noon|orig.date=1856-08-08
1856	8	8	11	58	0	19.9	orig=15.9R|orig.time=2:00PM|orig.date=1856-08-08
1856	8	8	18	58	0	15.4	orig=12.3R|orig.time=9:00PM|orig.date=1856-08-08
1856	8	9	4	58	0	18	orig=14.4R|orig.time=7:00AM|orig.date=1856-08-09
1856	8	9	9	58	0	23.2	orig=18.6R|orig.time=Noon|orig.date=1856-08-09
1856	8	9	11	58	0	24.4	orig=19.5R|orig.time=2:00PM|orig.date=1856-08-09
1856	8	9	18	58	0	16.6	orig=13.3R|orig.time=9:00PM|orig.date=1856-08-09
1856	8	10	4	58	0	15.8	orig=12.6R|orig.time=7:00AM|orig.date=1856-08-10
1856	8	10	9	58	0	18.2	orig=14.6R|orig.time=Noon|orig.date=1856-08-10
1856	8	10	11	58	0	19.8	orig=15.8R|orig.time=2:00PM|orig.date=1856-08-10
1856	8	10	18	58	0	16	orig=12.8R|orig.time=9:00PM|orig.date=1856-08-10
1856	8	11	4	58	0	13	orig=10.4R|orig.time=7:00AM|orig.date=1856-08-11
1856	8	11	9	58	0	17.6	orig=14.1R|orig.time=Noon|orig.date=1856-08-11
1856	8	11	11	58	0	18.1	orig=14.5R|orig.time=2:00PM|orig.date=1856-08-11
1856	8	11	18	58	0	13.8	orig=11R|orig.time=9:00PM|orig.date=1856-08-11
1856	8	12	4	58	0	11.2	orig=9R|orig.time=7:00AM|orig.date=1856-08-12
1856	8	12	9	58	0	15.6	orig=12.5R|orig.time=Noon|orig.date=1856-08-12
1856	8	12	11	58	0	15	orig=12R|orig.time=2:00PM|orig.date=1856-08-12
1856	8	12	18	58	0	11.9	orig=9.5R|orig.time=9:00PM|orig.date=1856-08-12
1856	8	13	4	58	0	10.6	orig=8.5R|orig.time=7:00AM|orig.date=1856-08-13
1856	8	13	9	58	0	15.5	orig=12.4R|orig.time=Noon|orig.date=1856-08-13
1856	8	13	11	58	0	16	orig=12.8R|orig.time=2:00PM|orig.date=1856-08-13
1856	8	13	18	58	0	13.2	orig=10.6R|orig.time=9:00PM|orig.date=1856-08-13
1856	8	14	4	58	0	13.9	orig=11.1R|orig.time=7:00AM|orig.date=1856-08-14
1856	8	14	9	58	0	16.9	orig=13.5R|orig.time=Noon|orig.date=1856-08-14
1856	8	14	11	58	0	17.6	orig=14.1R|orig.time=2:00PM|orig.date=1856-08-14
1856	8	14	18	58	0	14.4	orig=11.5R|orig.time=9:00PM|orig.date=1856-08-14
1856	8	15	4	58	0	15.8	orig=12.6R|orig.time=7:00AM|orig.date=1856-08-15
1856	8	15	9	58	0	19.4	orig=15.5R|orig.time=Noon|orig.date=1856-08-15
1856	8	15	11	58	0	19.4	orig=15.5R|orig.time=2:00PM|orig.date=1856-08-15
1856	8	15	18	58	0	15.8	orig=12.6R|orig.time=9:00PM|orig.date=1856-08-15
1856	8	16	4	58	0	14.5	orig=11.6R|orig.time=7:00AM|orig.date=1856-08-16
1856	8	16	9	58	0	18.9	orig=15.1R|orig.time=Noon|orig.date=1856-08-16
1856	8	16	11	58	0	20.6	orig=16.5R|orig.time=2:00PM|orig.date=1856-08-16
1856	8	16	18	58	0	16.4	orig=13.1R|orig.time=9:00PM|orig.date=1856-08-16
1856	8	17	4	58	0	16	orig=12.8R|orig.time=7:00AM|orig.date=1856-08-17
1856	8	17	9	58	0	20.9	orig=16.7R|orig.time=Noon|orig.date=1856-08-17
1856	8	17	11	58	0	21.4	orig=17.1R|orig.time=2:00PM|orig.date=1856-08-17
1856	8	17	18	58	0	16.2	orig=13R|orig.time=9:00PM|orig.date=1856-08-17
1856	8	18	4	58	0	17.4	orig=13.9R|orig.time=7:00AM|orig.date=1856-08-18
1856	8	18	9	58	0	22.1	orig=17.7R|orig.time=Noon|orig.date=1856-08-18
1856	8	18	11	58	0	22.2	orig=17.8R|orig.time=2:00PM|orig.date=1856-08-18
1856	8	18	18	58	0	15.2	orig=12.2R|orig.time=9:00PM|orig.date=1856-08-18
1856	8	19	4	58	0	15.8	orig=12.6R|orig.time=7:00AM|orig.date=1856-08-19
1856	8	19	9	58	0	20.5	orig=16.4R|orig.time=Noon|orig.date=1856-08-19
1856	8	19	11	58	0	22.8	orig=18.2R|orig.time=2:00PM|orig.date=1856-08-19
1856	8	19	18	58	0	19.9	orig=15.9R|orig.time=9:00PM|orig.date=1856-08-19
1856	8	20	4	58	0	19.9	orig=15.9R|orig.time=7:00AM|orig.date=1856-08-20
1856	8	20	9	58	0	15.1	orig=12.1R|orig.time=Noon|orig.date=1856-08-20
1856	8	20	11	58	0	24.2	orig=19.4R|orig.time=2:00PM|orig.date=1856-08-20
1856	8	20	18	58	0	18	orig=14.4R|orig.time=9:00PM|orig.date=1856-08-20
1856	8	21	4	58	0	18	orig=14.4R|orig.time=7:00AM|orig.date=1856-08-21
1856	8	21	9	58	0	17.5	orig=14R|orig.time=Noon|orig.date=1856-08-21
1856	8	21	11	58	0	18.1	orig=14.5R|orig.time=2:00PM|orig.date=1856-08-21
1856	8	21	18	58	0	15.8	orig=12.6R|orig.time=9:00PM|orig.date=1856-08-21
1856	8	22	4	58	0	15.5	orig=12.4R|orig.time=7:00AM|orig.date=1856-08-22
1856	8	22	9	58	0	19.5	orig=15.6R|orig.time=Noon|orig.date=1856-08-22
1856	8	22	11	58	0	22.4	orig=17.9R|orig.time=2:00PM|orig.date=1856-08-22
1856	8	22	18	58	0	18.6	orig=14.9R|orig.time=9:00PM|orig.date=1856-08-22
1856	8	23	4	58	0	21.1	orig=16.9R|orig.time=7:00AM|orig.date=1856-08-23
1856	8	23	9	58	0	25.9	orig=20.7R|orig.time=Noon|orig.date=1856-08-23
1856	8	23	11	58	0	26	orig=20.8R|orig.time=2:00PM|orig.date=1856-08-23
1856	8	23	18	58	0	17.1	orig=13.7R|orig.time=9:00PM|orig.date=1856-08-23
1856	8	24	4	58	0	16.9	orig=13.5R|orig.time=7:00AM|orig.date=1856-08-24
1856	8	24	9	58	0	23	orig=18.4R|orig.time=Noon|orig.date=1856-08-24
1856	8	24	11	58	0	23.1	orig=18.5R|orig.time=2:00PM|orig.date=1856-08-24
1856	8	24	18	58	0	14	orig=11.2R|orig.time=9:00PM|orig.date=1856-08-24
1856	8	25	4	58	0	11.5	orig=9.2R|orig.time=7:00AM|orig.date=1856-08-25
1856	8	25	9	58	0	17.1	orig=13.7R|orig.time=Noon|orig.date=1856-08-25
1856	8	25	11	58	0	18.2	orig=14.6R|orig.time=2:00PM|orig.date=1856-08-25
1856	8	25	18	58	0	14	orig=11.2R|orig.time=9:00PM|orig.date=1856-08-25
1856	8	26	4	58	0	14.4	orig=11.5R|orig.time=7:00AM|orig.date=1856-08-26
1856	8	26	9	58	0	18	orig=14.4R|orig.time=Noon|orig.date=1856-08-26
1856	8	26	11	58	0	18.4	orig=14.7R|orig.time=2:00PM|orig.date=1856-08-26
1856	8	26	18	58	0	15.2	orig=12.2R|orig.time=9:00PM|orig.date=1856-08-26
1856	8	27	4	58	0	14.1	orig=11.3R|orig.time=7:00AM|orig.date=1856-08-27
1856	8	27	9	58	0	20.8	orig=16.6R|orig.time=Noon|orig.date=1856-08-27
1856	8	27	11	58	0	20.1	orig=16.1R|orig.time=2:00PM|orig.date=1856-08-27
1856	8	27	18	58	0	16.1	orig=12.9R|orig.time=9:00PM|orig.date=1856-08-27
1856	8	28	4	58	0	18	orig=14.4R|orig.time=7:00AM|orig.date=1856-08-28
1856	8	28	9	58	0	21.5	orig=17.2R|orig.time=Noon|orig.date=1856-08-28
1856	8	28	11	58	0	23.1	orig=18.5R|orig.time=2:00PM|orig.date=1856-08-28
1856	8	28	18	58	0	16.8	orig=13.4R|orig.time=9:00PM|orig.date=1856-08-28
1856	8	29	4	58	0	14.8	orig=11.8R|orig.time=7:00AM|orig.date=1856-08-29
1856	8	29	9	58	0	14.8	orig=11.8R|orig.time=Noon|orig.date=1856-08-29
1856	8	29	11	58	0	14	orig=11.2R|orig.time=2:00PM|orig.date=1856-08-29
1856	8	29	18	58	0	13.4	orig=10.7R|orig.time=9:00PM|orig.date=1856-08-29
1856	8	30	4	58	0	14.4	orig=11.5R|orig.time=7:00AM|orig.date=1856-08-30
1856	8	30	9	58	0	18	orig=14.4R|orig.time=Noon|orig.date=1856-08-30
1856	8	30	11	58	0	16.4	orig=13.1R|orig.time=2:00PM|orig.date=1856-08-30
1856	8	30	18	58	0	11.9	orig=9.5R|orig.time=9:00PM|orig.date=1856-08-30
1856	8	31	4	58	0	8.9	orig=7.1R|orig.time=7:00AM|orig.date=1856-08-31
1856	8	31	9	58	0	13.5	orig=10.8R|orig.time=Noon|orig.date=1856-08-31
1856	8	31	11	58	0	14.4	orig=11.5R|orig.time=2:00PM|orig.date=1856-08-31
1856	8	31	18	58	0	8.9	orig=7.1R|orig.time=9:00PM|orig.date=1856-08-31
1856	9	1	4	58	0	12.5	orig=10R|orig.time=7:00AM|orig.date=1856-09-01
1856	9	1	9	58	0	17	orig=13.6R|orig.time=Noon|orig.date=1856-09-01
1856	9	1	11	58	0	18.4	orig=14.7R|orig.time=2:00PM|orig.date=1856-09-01
1856	9	1	18	58	0	13.6	orig=10.9R|orig.time=9:00PM|orig.date=1856-09-01
1856	9	2	4	58	0	14.6	orig=11.7R|orig.time=7:00AM|orig.date=1856-09-02
1856	9	2	9	58	0	19.9	orig=15.9R|orig.time=Noon|orig.date=1856-09-02
1856	9	2	11	58	0	21.5	orig=17.2R|orig.time=2:00PM|orig.date=1856-09-02
1856	9	2	18	58	0	16.5	orig=13.2R|orig.time=9:00PM|orig.date=1856-09-02
1856	9	3	4	58	0	15.1	orig=12.1R|orig.time=7:00AM|orig.date=1856-09-03
1856	9	3	9	58	0	21	orig=16.8R|orig.time=Noon|orig.date=1856-09-03
1856	9	3	11	58	0	23.1	orig=18.5R|orig.time=2:00PM|orig.date=1856-09-03
1856	9	3	18	58	0	14.9	orig=11.9R|orig.time=9:00PM|orig.date=1856-09-03
1856	9	4	4	58	0	16.9	orig=13.5R|orig.time=7:00AM|orig.date=1856-09-04
1856	9	4	9	58	0	23.1	orig=18.5R|orig.time=Noon|orig.date=1856-09-04
1856	9	4	11	58	0	24.4	orig=19.5R|orig.time=2:00PM|orig.date=1856-09-04
1856	9	4	18	58	0	19.6	orig=15.7R|orig.time=9:00PM|orig.date=1856-09-04
1856	9	5	4	58	0	17.2	orig=13.8R|orig.time=7:00AM|orig.date=1856-09-05
1856	9	5	9	58	0	24.2	orig=19.4R|orig.time=Noon|orig.date=1856-09-05
1856	9	5	11	58	0	25.8	orig=20.6R|orig.time=2:00PM|orig.date=1856-09-05
1856	9	5	18	58	0	20.5	orig=16.4R|orig.time=9:00PM|orig.date=1856-09-05
1856	9	6	4	58	0	16.6	orig=13.3R|orig.time=7:00AM|orig.date=1856-09-06
1856	9	6	9	58	0	16.9	orig=13.5R|orig.time=Noon|orig.date=1856-09-06
1856	9	6	11	58	0	17.8	orig=14.2R|orig.time=2:00PM|orig.date=1856-09-06
1856	9	6	18	58	0	15.6	orig=12.5R|orig.time=9:00PM|orig.date=1856-09-06
1856	9	7	4	58	0	13.8	orig=11R|orig.time=7:00AM|orig.date=1856-09-07
1856	9	7	9	58	0	15.5	orig=12.4R|orig.time=Noon|orig.date=1856-09-07
1856	9	7	11	58	0	14.8	orig=11.8R|orig.time=2:00PM|orig.date=1856-09-07
1856	9	7	18	58	0	12.8	orig=10.2R|orig.time=9:00PM|orig.date=1856-09-07
1856	9	8	4	58	0	11.8	orig=9.4R|orig.time=7:00AM|orig.date=1856-09-08
1856	9	8	9	58	0	17.4	orig=13.9R|orig.time=Noon|orig.date=1856-09-08
1856	9	8	11	58	0	19	orig=15.2R|orig.time=2:00PM|orig.date=1856-09-08
1856	9	8	18	58	0	15.2	orig=12.2R|orig.time=9:00PM|orig.date=1856-09-08
1856	9	9	4	58	0	14.1	orig=11.3R|orig.time=7:00AM|orig.date=1856-09-09
1856	9	9	9	58	0	19.4	orig=15.5R|orig.time=Noon|orig.date=1856-09-09
1856	9	9	11	58	0	20.5	orig=16.4R|orig.time=2:00PM|orig.date=1856-09-09
1856	9	9	18	58	0	17	orig=13.6R|orig.time=9:00PM|orig.date=1856-09-09
1856	9	10	4	58	0	12	orig=9.6R|orig.time=7:00AM|orig.date=1856-09-10
1856	9	10	9	58	0	14.5	orig=11.6R|orig.time=Noon|orig.date=1856-09-10
1856	9	10	11	58	0	15.2	orig=12.2R|orig.time=2:00PM|orig.date=1856-09-10
1856	9	10	18	58	0	8.5	orig=6.8R|orig.time=9:00PM|orig.date=1856-09-10
1856	9	11	4	58	0	6.8	orig=5.4R|orig.time=7:00AM|orig.date=1856-09-11
1856	9	11	9	58	0	9.4	orig=7.5R|orig.time=Noon|orig.date=1856-09-11
1856	9	11	11	58	0	9.6	orig=7.7R|orig.time=2:00PM|orig.date=1856-09-11
1856	9	11	18	58	0	8.2	orig=6.6R|orig.time=9:00PM|orig.date=1856-09-11
1856	9	12	4	58	0	7	orig=5.6R|orig.time=7:00AM|orig.date=1856-09-12
1856	9	12	9	58	0	9.6	orig=7.7R|orig.time=Noon|orig.date=1856-09-12
1856	9	12	11	58	0	9.4	orig=7.5R|orig.time=2:00PM|orig.date=1856-09-12
1856	9	12	18	58	0	6.6	orig=5.3R|orig.time=9:00PM|orig.date=1856-09-12
1856	9	13	4	58	0	4.8	orig=3.8R|orig.time=7:00AM|orig.date=1856-09-13
1856	9	13	9	58	0	11.8	orig=9.4R|orig.time=Noon|orig.date=1856-09-13
1856	9	13	11	58	0	8.9	orig=7.1R|orig.time=2:00PM|orig.date=1856-09-13
1856	9	13	18	58	0	5.8	orig=4.6R|orig.time=9:00PM|orig.date=1856-09-13
1856	9	14	4	58	0	5.8	orig=4.6R|orig.time=7:00AM|orig.date=1856-09-14
1856	9	14	9	58	0	12.1	orig=9.7R|orig.time=Noon|orig.date=1856-09-14
1856	9	14	11	58	0	13.4	orig=10.7R|orig.time=2:00PM|orig.date=1856-09-14
1856	9	14	18	58	0	10.6	orig=8.5R|orig.time=9:00PM|orig.date=1856-09-14
1856	9	15	4	58	0	8.9	orig=7.1R|orig.time=7:00AM|orig.date=1856-09-15
1856	9	15	9	58	0	15	orig=12R|orig.time=Noon|orig.date=1856-09-15
1856	9	15	11	58	0	14.5	orig=11.6R|orig.time=2:00PM|orig.date=1856-09-15
1856	9	15	18	58	0	12	orig=9.6R|orig.time=9:00PM|orig.date=1856-09-15
1856	9	16	4	58	0	10.6	orig=8.5R|orig.time=7:00AM|orig.date=1856-09-16
1856	9	16	9	58	0	14.9	orig=11.9R|orig.time=Noon|orig.date=1856-09-16
1856	9	16	11	58	0	17.4	orig=13.9R|orig.time=2:00PM|orig.date=1856-09-16
1856	9	16	18	58	0	11.9	orig=9.5R|orig.time=9:00PM|orig.date=1856-09-16
1856	9	17	4	58	0	11.2	orig=9R|orig.time=7:00AM|orig.date=1856-09-17
1856	9	17	9	58	0	13.5	orig=10.8R|orig.time=Noon|orig.date=1856-09-17
1856	9	17	11	58	0	14	orig=11.2R|orig.time=2:00PM|orig.date=1856-09-17
1856	9	17	18	58	0	8.1	orig=6.5R|orig.time=9:00PM|orig.date=1856-09-17
1856	9	18	4	58	0	8.4	orig=6.7R|orig.time=7:00AM|orig.date=1856-09-18
1856	9	18	9	58	0	13.9	orig=11.1R|orig.time=Noon|orig.date=1856-09-18
1856	9	18	11	58	0	15.8	orig=12.6R|orig.time=2:00PM|orig.date=1856-09-18
1856	9	18	18	58	0	13	orig=10.4R|orig.time=9:00PM|orig.date=1856-09-18
1856	9	19	4	58	0	12.6	orig=10.1R|orig.time=7:00AM|orig.date=1856-09-19
1856	9	19	9	58	0	17.8	orig=14.2R|orig.time=Noon|orig.date=1856-09-19
1856	9	19	11	58	0	17.4	orig=13.9R|orig.time=2:00PM|orig.date=1856-09-19
1856	9	19	18	58	0	15.6	orig=12.5R|orig.time=9:00PM|orig.date=1856-09-19
1856	9	20	4	58	0	15	orig=12R|orig.time=7:00AM|orig.date=1856-09-20
1856	9	20	9	58	0	19	orig=15.2R|orig.time=Noon|orig.date=1856-09-20
1856	9	20	11	58	0	22.5	orig=18R|orig.time=2:00PM|orig.date=1856-09-20
1856	9	20	18	58	0	13.1	orig=10.5R|orig.time=9:00PM|orig.date=1856-09-20
1856	9	21	4	58	0	12.9	orig=10.3R|orig.time=7:00AM|orig.date=1856-09-21
1856	9	21	9	58	0	15.6	orig=12.5R|orig.time=Noon|orig.date=1856-09-21
1856	9	21	11	58	0	17.9	orig=14.3R|orig.time=2:00PM|orig.date=1856-09-21
1856	9	21	18	58	0	9.5	orig=7.6R|orig.time=9:00PM|orig.date=1856-09-21
1856	9	22	4	58	0	8.1	orig=6.5R|orig.time=7:00AM|orig.date=1856-09-22
1856	9	22	9	58	0	8.6	orig=6.9R|orig.time=Noon|orig.date=1856-09-22
1856	9	22	11	58	0	8.6	orig=6.9R|orig.time=2:00PM|orig.date=1856-09-22
1856	9	22	18	58	0	8.6	orig=6.9R|orig.time=9:00PM|orig.date=1856-09-22
1856	9	23	4	58	0	9.4	orig=7.5R|orig.time=7:00AM|orig.date=1856-09-23
1856	9	23	9	58	0	10.6	orig=8.5R|orig.time=Noon|orig.date=1856-09-23
1856	9	23	11	58	0	10.8	orig=8.6R|orig.time=2:00PM|orig.date=1856-09-23
1856	9	23	18	58	0	10.5	orig=8.4R|orig.time=9:00PM|orig.date=1856-09-23
1856	9	24	4	58	0	8.4	orig=6.7R|orig.time=7:00AM|orig.date=1856-09-24
1856	9	24	9	58	0	9.5	orig=7.6R|orig.time=Noon|orig.date=1856-09-24
1856	9	24	11	58	0	10.8	orig=8.6R|orig.time=2:00PM|orig.date=1856-09-24
1856	9	24	18	58	0	8.6	orig=6.9R|orig.time=9:00PM|orig.date=1856-09-24
1856	9	25	4	58	0	10	orig=8R|orig.time=7:00AM|orig.date=1856-09-25
1856	9	25	9	58	0	16.5	orig=13.2R|orig.time=Noon|orig.date=1856-09-25
1856	9	25	11	58	0	18.4	orig=14.7R|orig.time=2:00PM|orig.date=1856-09-25
1856	9	25	18	58	0	13	orig=10.4R|orig.time=9:00PM|orig.date=1856-09-25
1856	9	26	4	58	0	10.8	orig=8.6R|orig.time=7:00AM|orig.date=1856-09-26
1856	9	26	9	58	0	18	orig=14.4R|orig.time=Noon|orig.date=1856-09-26
1856	9	26	11	58	0	20.8	orig=16.6R|orig.time=2:00PM|orig.date=1856-09-26
1856	9	26	18	58	0	15.9	orig=12.7R|orig.time=9:00PM|orig.date=1856-09-26
1856	9	27	4	58	0	14.4	orig=11.5R|orig.time=7:00AM|orig.date=1856-09-27
1856	9	27	9	58	0	18.6	orig=14.9R|orig.time=Noon|orig.date=1856-09-27
1856	9	27	11	58	0	18.8	orig=15R|orig.time=2:00PM|orig.date=1856-09-27
1856	9	27	18	58	0	15.2	orig=12.2R|orig.time=9:00PM|orig.date=1856-09-27
1856	9	28	4	58	0	15	orig=12R|orig.time=7:00AM|orig.date=1856-09-28
1856	9	28	9	58	0	17.8	orig=14.2R|orig.time=Noon|orig.date=1856-09-28
1856	9	28	11	58	0	20.8	orig=16.6R|orig.time=2:00PM|orig.date=1856-09-28
1856	9	28	18	58	0	17.1	orig=13.7R|orig.time=9:00PM|orig.date=1856-09-28
1856	9	29	4	58	0	15.8	orig=12.6R|orig.time=7:00AM|orig.date=1856-09-29
1856	9	29	9	58	0	22	orig=17.6R|orig.time=Noon|orig.date=1856-09-29
1856	9	29	11	58	0	23.4	orig=18.7R|orig.time=2:00PM|orig.date=1856-09-29
1856	9	29	18	58	0	19.6	orig=15.7R|orig.time=9:00PM|orig.date=1856-09-29
1856	9	30	4	58	0	16.1	orig=12.9R|orig.time=7:00AM|orig.date=1856-09-30
1856	9	30	9	58	0	22.5	orig=18R|orig.time=Noon|orig.date=1856-09-30
1856	9	30	11	58	0	25.2	orig=20.2R|orig.time=2:00PM|orig.date=1856-09-30
1856	9	30	18	58	0	19.4	orig=15.5R|orig.time=9:00PM|orig.date=1856-09-30
1856	10	1	4	58	0	14.6	orig=11.7R|orig.time=7:00AM|orig.date=1856-10-01
1856	10	1	9	58	0	24.1	orig=19.3R|orig.time=Noon|orig.date=1856-10-01
1856	10	1	11	58	0	25.2	orig=20.2R|orig.time=2:00PM|orig.date=1856-10-01
1856	10	1	18	58	0	19.4	orig=15.5R|orig.time=9:00PM|orig.date=1856-10-01
1856	10	2	4	58	0	17.4	orig=13.9R|orig.time=7:00AM|orig.date=1856-10-02
1856	10	2	9	58	0	25.2	orig=20.2R|orig.time=Noon|orig.date=1856-10-02
1856	10	2	11	58	0	27	orig=21.6R|orig.time=2:00PM|orig.date=1856-10-02
1856	10	2	18	58	0	20.9	orig=16.7R|orig.time=9:00PM|orig.date=1856-10-02
1856	10	3	4	58	0	18	orig=14.4R|orig.time=7:00AM|orig.date=1856-10-03
1856	10	3	9	58	0	25.4	orig=20.3R|orig.time=Noon|orig.date=1856-10-03
1856	10	3	11	58	0	26.2	orig=21R|orig.time=2:00PM|orig.date=1856-10-03
1856	10	3	18	58	0	19.6	orig=15.7R|orig.time=9:00PM|orig.date=1856-10-03
1856	10	4	4	58	0	16.1	orig=12.9R|orig.time=7:00AM|orig.date=1856-10-04
1856	10	4	9	58	0	18.4	orig=14.7R|orig.time=Noon|orig.date=1856-10-04
1856	10	4	11	58	0	19.2	orig=15.4R|orig.time=2:00PM|orig.date=1856-10-04
1856	10	4	18	58	0	11.8	orig=9.4R|orig.time=9:00PM|orig.date=1856-10-04
1856	10	5	4	58	0	12	orig=9.6R|orig.time=7:00AM|orig.date=1856-10-05
1856	10	5	9	58	0	15	orig=12R|orig.time=Noon|orig.date=1856-10-05
1856	10	5	11	58	0	15.2	orig=12.2R|orig.time=2:00PM|orig.date=1856-10-05
1856	10	5	18	58	0	9.2	orig=7.4R|orig.time=9:00PM|orig.date=1856-10-05
1856	10	6	4	58	0	10.9	orig=8.7R|orig.time=7:00AM|orig.date=1856-10-06
1856	10	6	9	58	0	15.9	orig=12.7R|orig.time=Noon|orig.date=1856-10-06
1856	10	6	11	58	0	17.1	orig=13.7R|orig.time=2:00PM|orig.date=1856-10-06
1856	10	6	18	58	0	12.2	orig=9.8R|orig.time=9:00PM|orig.date=1856-10-06
1856	10	7	4	58	0	10.2	orig=8.2R|orig.time=7:00AM|orig.date=1856-10-07
1856	10	7	9	58	0	18	orig=14.4R|orig.time=Noon|orig.date=1856-10-07
1856	10	7	11	58	0	18.5	orig=14.8R|orig.time=2:00PM|orig.date=1856-10-07
1856	10	7	18	58	0	12.2	orig=9.8R|orig.time=9:00PM|orig.date=1856-10-07
1856	10	8	4	58	0	4.8	orig=3.8R|orig.time=7:00AM|orig.date=1856-10-08
1856	10	8	9	58	0	6.5	orig=5.2R|orig.time=Noon|orig.date=1856-10-08
1856	10	8	11	58	0	6.6	orig=5.3R|orig.time=2:00PM|orig.date=1856-10-08
1856	10	8	18	58	0	3	orig=2.4R|orig.time=9:00PM|orig.date=1856-10-08
1856	10	9	4	58	0	0.8	orig=0.6R|orig.time=7:00AM|orig.date=1856-10-09
1856	10	9	9	58	0	7	orig=5.6R|orig.time=Noon|orig.date=1856-10-09
1856	10	9	11	58	0	8.8	orig=7R|orig.time=2:00PM|orig.date=1856-10-09
1856	10	9	18	58	0	8.1	orig=6.5R|orig.time=9:00PM|orig.date=1856-10-09
1856	10	10	4	58	0	8.9	orig=7.1R|orig.time=7:00AM|orig.date=1856-10-10
1856	10	10	9	58	0	9.4	orig=7.5R|orig.time=Noon|orig.date=1856-10-10
1856	10	10	11	58	0	8.4	orig=6.7R|orig.time=2:00PM|orig.date=1856-10-10
1856	10	10	18	58	0	2.9	orig=2.3R|orig.time=9:00PM|orig.date=1856-10-10
1856	10	11	4	58	0	-0.9	orig=-0.7R|orig.time=7:00AM|orig.date=1856-10-11
1856	10	11	9	58	0	4.5	orig=3.6R|orig.time=Noon|orig.date=1856-10-11
1856	10	11	11	58	0	5.6	orig=4.5R|orig.time=2:00PM|orig.date=1856-10-11
1856	10	11	18	58	0	2.1	orig=1.7R|orig.time=9:00PM|orig.date=1856-10-11
1856	10	12	4	58	0	-0.4	orig=-0.3R|orig.time=7:00AM|orig.date=1856-10-12
1856	10	12	9	58	0	9	orig=7.2R|orig.time=Noon|orig.date=1856-10-12
1856	10	12	11	58	0	10.6	orig=8.5R|orig.time=2:00PM|orig.date=1856-10-12
1856	10	12	18	58	0	5.9	orig=4.7R|orig.time=9:00PM|orig.date=1856-10-12
1856	10	13	4	58	0	4.4	orig=3.5R|orig.time=7:00AM|orig.date=1856-10-13
1856	10	13	9	58	0	11.6	orig=9.3R|orig.time=Noon|orig.date=1856-10-13
1856	10	13	11	58	0	12.9	orig=10.3R|orig.time=2:00PM|orig.date=1856-10-13
1856	10	13	18	58	0	6.6	orig=5.3R|orig.time=9:00PM|orig.date=1856-10-13
1856	10	14	4	58	0	5.5	orig=4.4R|orig.time=7:00AM|orig.date=1856-10-14
1856	10	14	9	58	0	12.5	orig=10R|orig.time=Noon|orig.date=1856-10-14
1856	10	14	11	58	0	13.4	orig=10.7R|orig.time=2:00PM|orig.date=1856-10-14
1856	10	14	18	58	0	7.8	orig=6.2R|orig.time=9:00PM|orig.date=1856-10-14
1856	10	15	4	58	0	2.5	orig=2R|orig.time=7:00AM|orig.date=1856-10-15
1856	10	15	9	58	0	9	orig=7.2R|orig.time=Noon|orig.date=1856-10-15
1856	10	15	11	58	0	10	orig=8R|orig.time=2:00PM|orig.date=1856-10-15
1856	10	15	18	58	0	3.1	orig=2.5R|orig.time=9:00PM|orig.date=1856-10-15
1856	10	16	4	58	0	-0.2	orig=-0.2R|orig.time=7:00AM|orig.date=1856-10-16
1856	10	16	9	58	0	5.6	orig=4.5R|orig.time=Noon|orig.date=1856-10-16
1856	10	16	11	58	0	7.1	orig=5.7R|orig.time=2:00PM|orig.date=1856-10-16
1856	10	16	18	58	0	2.2	orig=1.8R|orig.time=9:00PM|orig.date=1856-10-16
1856	10	17	4	58	0	-0.1	orig=-0.1R|orig.time=7:00AM|orig.date=1856-10-17
1856	10	17	9	58	0	8.1	orig=6.5R|orig.time=Noon|orig.date=1856-10-17
1856	10	17	11	58	0	10	orig=8R|orig.time=2:00PM|orig.date=1856-10-17
1856	10	17	18	58	0	4.4	orig=3.5R|orig.time=9:00PM|orig.date=1856-10-17
1856	10	18	4	58	0	2.5	orig=2R|orig.time=7:00AM|orig.date=1856-10-18
1856	10	18	9	58	0	9.5	orig=7.6R|orig.time=Noon|orig.date=1856-10-18
1856	10	18	11	58	0	11.6	orig=9.3R|orig.time=2:00PM|orig.date=1856-10-18
1856	10	18	18	58	0	6.2	orig=5R|orig.time=9:00PM|orig.date=1856-10-18
1856	10	19	4	58	0	4.4	orig=3.5R|orig.time=7:00AM|orig.date=1856-10-19
1856	10	19	9	58	0	10.9	orig=8.7R|orig.time=Noon|orig.date=1856-10-19
1856	10	19	11	58	0	12.2	orig=9.8R|orig.time=2:00PM|orig.date=1856-10-19
1856	10	19	18	58	0	6	orig=4.8R|orig.time=9:00PM|orig.date=1856-10-19
1856	10	20	4	58	0	4	orig=3.2R|orig.time=7:00AM|orig.date=1856-10-20
1856	10	20	9	58	0	6.9	orig=5.5R|orig.time=Noon|orig.date=1856-10-20
1856	10	20	11	58	0	7	orig=5.6R|orig.time=2:00PM|orig.date=1856-10-20
1856	10	20	18	58	0	2.4	orig=1.9R|orig.time=9:00PM|orig.date=1856-10-20
1856	10	21	4	58	0	-0.8	orig=-0.6R|orig.time=7:00AM|orig.date=1856-10-21
1856	10	21	9	58	0	4.2	orig=3.4R|orig.time=Noon|orig.date=1856-10-21
1856	10	21	11	58	0	5.2	orig=4.2R|orig.time=2:00PM|orig.date=1856-10-21
1856	10	21	18	58	0	1	orig=0.8R|orig.time=9:00PM|orig.date=1856-10-21
1856	10	22	4	58	0	0.4	orig=0.3R|orig.time=7:00AM|orig.date=1856-10-22
1856	10	22	9	58	0	5.9	orig=4.7R|orig.time=Noon|orig.date=1856-10-22
1856	10	22	11	58	0	6.5	orig=5.2R|orig.time=2:00PM|orig.date=1856-10-22
1856	10	22	18	58	0	2.2	orig=1.8R|orig.time=9:00PM|orig.date=1856-10-22
1856	10	23	4	58	0	0.5	orig=0.4R|orig.time=7:00AM|orig.date=1856-10-23
1856	10	23	9	58	0	8	orig=6.4R|orig.time=Noon|orig.date=1856-10-23
1856	10	23	11	58	0	9.6	orig=7.7R|orig.time=2:00PM|orig.date=1856-10-23
1856	10	23	18	58	0	5.5	orig=4.4R|orig.time=9:00PM|orig.date=1856-10-23
1856	10	24	4	58	0	6.2	orig=5R|orig.time=7:00AM|orig.date=1856-10-24
1856	10	24	9	58	0	9.5	orig=7.6R|orig.time=Noon|orig.date=1856-10-24
1856	10	24	11	58	0	9.8	orig=7.8R|orig.time=2:00PM|orig.date=1856-10-24
1856	10	24	18	58	0	6.4	orig=5.1R|orig.time=9:00PM|orig.date=1856-10-24
1856	10	25	4	58	0	-1.4	orig=-1.1R|orig.time=7:00AM|orig.date=1856-10-25
1856	10	25	9	58	0	3.4	orig=2.7R|orig.time=Noon|orig.date=1856-10-25
1856	10	25	11	58	0	4.6	orig=3.7R|orig.time=2:00PM|orig.date=1856-10-25
1856	10	25	18	58	0	0.4	orig=0.3R|orig.time=9:00PM|orig.date=1856-10-25
1856	10	26	4	58	0	-2.1	orig=-1.7R|orig.time=7:00AM|orig.date=1856-10-26
1856	10	26	9	58	0	-1.9	orig=-1.5R|orig.time=Noon|orig.date=1856-10-26
1856	10	26	11	58	0	-1.2	orig=-1R|orig.time=2:00PM|orig.date=1856-10-26
1856	10	26	18	58	0	-4.8	orig=-3.8R|orig.time=9:00PM|orig.date=1856-10-26
1856	10	27	4	58	0	-6.9	orig=-5.5R|orig.time=7:00AM|orig.date=1856-10-27
1856	10	27	9	58	0	2	orig=1.6R|orig.time=Noon|orig.date=1856-10-27
1856	10	27	11	58	0	4.8	orig=3.8R|orig.time=2:00PM|orig.date=1856-10-27
1856	10	27	18	58	0	4.4	orig=3.5R|orig.time=9:00PM|orig.date=1856-10-27
1856	10	28	4	58	0	6.9	orig=5.5R|orig.time=7:00AM|orig.date=1856-10-28
1856	10	28	9	58	0	9.6	orig=7.7R|orig.time=Noon|orig.date=1856-10-28
1856	10	28	11	58	0	9.2	orig=7.4R|orig.time=2:00PM|orig.date=1856-10-28
1856	10	28	18	58	0	8.6	orig=6.9R|orig.time=9:00PM|orig.date=1856-10-28
1856	10	29	4	58	0	8.1	orig=6.5R|orig.time=7:00AM|orig.date=1856-10-29
1856	10	29	9	58	0	9.5	orig=7.6R|orig.time=Noon|orig.date=1856-10-29
1856	10	29	11	58	0	9.1	orig=7.3R|orig.time=2:00PM|orig.date=1856-10-29
1856	10	29	18	58	0	7.4	orig=5.9R|orig.time=9:00PM|orig.date=1856-10-29
1856	10	30	4	58	0	8.2	orig=6.6R|orig.time=7:00AM|orig.date=1856-10-30
1856	10	30	9	58	0	8	orig=6.4R|orig.time=Noon|orig.date=1856-10-30
1856	10	30	11	58	0	7.9	orig=6.3R|orig.time=2:00PM|orig.date=1856-10-30
1856	10	30	18	58	0	1	orig=0.8R|orig.time=9:00PM|orig.date=1856-10-30
1856	10	31	4	58	0	-4	orig=-3.2R|orig.time=7:00AM|orig.date=1856-10-31
1856	10	31	9	58	0	-0.2	orig=-0.2R|orig.time=Noon|orig.date=1856-10-31
1856	10	31	11	58	0	0.6	orig=0.5R|orig.time=2:00PM|orig.date=1856-10-31
1856	10	31	18	58	0	-2	orig=-1.6R|orig.time=9:00PM|orig.date=1856-10-31
1856	11	1	4	58	0	-4.1	orig=-3.3R|orig.time=7:00AM|orig.date=1856-11-01
1856	11	1	9	58	0	2.4	orig=1.9R|orig.time=Noon|orig.date=1856-11-01
1856	11	1	11	58	0	3.2	orig=2.6R|orig.time=2:00PM|orig.date=1856-11-01
1856	11	1	18	58	0	-0.5	orig=-0.4R|orig.time=9:00PM|orig.date=1856-11-01
1856	11	2	4	58	0	-4.6	orig=-3.7R|orig.time=7:00AM|orig.date=1856-11-02
1856	11	2	9	58	0	4	orig=3.2R|orig.time=Noon|orig.date=1856-11-02
1856	11	2	11	58	0	5.4	orig=4.3R|orig.time=2:00PM|orig.date=1856-11-02
1856	11	2	18	58	0	0	orig=0R|orig.time=9:00PM|orig.date=1856-11-02
1856	11	3	4	58	0	-2	orig=-1.6R|orig.time=7:00AM|orig.date=1856-11-03
1856	11	3	9	58	0	6.1	orig=4.9R|orig.time=Noon|orig.date=1856-11-03
1856	11	3	11	58	0	7	orig=5.6R|orig.time=2:00PM|orig.date=1856-11-03
1856	11	3	18	58	0	1.6	orig=1.3R|orig.time=9:00PM|orig.date=1856-11-03
1856	11	4	4	58	0	-1.1	orig=-0.9R|orig.time=7:00AM|orig.date=1856-11-04
1856	11	4	9	58	0	6.4	orig=5.1R|orig.time=Noon|orig.date=1856-11-04
1856	11	4	11	58	0	6.5	orig=5.2R|orig.time=2:00PM|orig.date=1856-11-04
1856	11	4	18	58	0	3.1	orig=2.5R|orig.time=9:00PM|orig.date=1856-11-04
1856	11	5	4	58	0	1.1	orig=0.9R|orig.time=7:00AM|orig.date=1856-11-05
1856	11	5	9	58	0	7.5	orig=6R|orig.time=Noon|orig.date=1856-11-05
1856	11	5	11	58	0	6.9	orig=5.5R|orig.time=2:00PM|orig.date=1856-11-05
1856	11	5	18	58	0	1.2	orig=1R|orig.time=9:00PM|orig.date=1856-11-05
1856	11	6	4	58	0	-0.6	orig=-0.5R|orig.time=7:00AM|orig.date=1856-11-06
1856	11	6	9	58	0	0.6	orig=0.5R|orig.time=Noon|orig.date=1856-11-06
1856	11	6	11	58	0	-0.4	orig=-0.3R|orig.time=2:00PM|orig.date=1856-11-06
1856	11	6	18	58	0	-1.5	orig=-1.2R|orig.time=9:00PM|orig.date=1856-11-06
1856	11	7	4	58	0	-4	orig=-3.2R|orig.time=7:00AM|orig.date=1856-11-07
1856	11	7	9	58	0	-3.5	orig=-2.8R|orig.time=Noon|orig.date=1856-11-07
1856	11	7	11	58	0	-3.5	orig=-2.8R|orig.time=2:00PM|orig.date=1856-11-07
1856	11	7	18	58	0	-3.9	orig=-3.1R|orig.time=9:00PM|orig.date=1856-11-07
1856	11	8	4	58	0	-2.8	orig=-2.2R|orig.time=7:00AM|orig.date=1856-11-08
1856	11	8	9	58	0	1.1	orig=0.9R|orig.time=Noon|orig.date=1856-11-08
1856	11	8	11	58	0	0.9	orig=0.7R|orig.time=2:00PM|orig.date=1856-11-08
1856	11	8	18	58	0	-0.8	orig=-0.6R|orig.time=9:00PM|orig.date=1856-11-08
1856	11	9	4	58	0	-2.5	orig=-2R|orig.time=7:00AM|orig.date=1856-11-09
1856	11	9	9	58	0	-0.1	orig=-0.1R|orig.time=Noon|orig.date=1856-11-09
1856	11	9	11	58	0	0.2	orig=0.2R|orig.time=2:00PM|orig.date=1856-11-09
1856	11	9	18	58	0	-0.2	orig=-0.2R|orig.time=9:00PM|orig.date=1856-11-09
1856	11	10	4	58	0	-3	orig=-2.4R|orig.time=7:00AM|orig.date=1856-11-10
1856	11	10	9	58	0	-4	orig=-3.2R|orig.time=Noon|orig.date=1856-11-10
1856	11	10	11	58	0	-3.5	orig=-2.8R|orig.time=2:00PM|orig.date=1856-11-10
1856	11	10	18	58	0	-4.5	orig=-3.6R|orig.time=9:00PM|orig.date=1856-11-10
1856	11	11	4	58	0	-4.9	orig=-3.9R|orig.time=7:00AM|orig.date=1856-11-11
1856	11	11	9	58	0	-0.8	orig=-0.6R|orig.time=Noon|orig.date=1856-11-11
1856	11	11	11	58	0	0.5	orig=0.4R|orig.time=2:00PM|orig.date=1856-11-11
1856	11	11	18	58	0	0.5	orig=0.4R|orig.time=9:00PM|orig.date=1856-11-11
1856	11	12	4	58	0	5	orig=4R|orig.time=7:00AM|orig.date=1856-11-12
1856	11	12	9	58	0	8.1	orig=6.5R|orig.time=Noon|orig.date=1856-11-12
1856	11	12	11	58	0	8.8	orig=7R|orig.time=2:00PM|orig.date=1856-11-12
1856	11	12	18	58	0	9	orig=7.2R|orig.time=9:00PM|orig.date=1856-11-12
1856	11	13	4	58	0	9.5	orig=7.6R|orig.time=7:00AM|orig.date=1856-11-13
1856	11	13	9	58	0	12.5	orig=10R|orig.time=Noon|orig.date=1856-11-13
1856	11	13	11	58	0	13.4	orig=10.7R|orig.time=2:00PM|orig.date=1856-11-13
1856	11	13	18	58	0	10.4	orig=8.3R|orig.time=9:00PM|orig.date=1856-11-13
1856	11	14	4	58	0	5.6	orig=4.5R|orig.time=7:00AM|orig.date=1856-11-14
1856	11	14	9	58	0	5.8	orig=4.6R|orig.time=Noon|orig.date=1856-11-14
1856	11	14	11	58	0	7.1	orig=5.7R|orig.time=2:00PM|orig.date=1856-11-14
1856	11	14	18	58	0	3.2	orig=2.6R|orig.time=9:00PM|orig.date=1856-11-14
1856	11	15	4	58	0	-1.1	orig=-0.9R|orig.time=7:00AM|orig.date=1856-11-15
1856	11	15	9	58	0	4.6	orig=3.7R|orig.time=Noon|orig.date=1856-11-15
1856	11	15	11	58	0	6.2	orig=5R|orig.time=2:00PM|orig.date=1856-11-15
1856	11	15	18	58	0	2.8	orig=2.2R|orig.time=9:00PM|orig.date=1856-11-15
1856	11	16	4	58	0	-2.1	orig=-1.7R|orig.time=7:00AM|orig.date=1856-11-16
1856	11	16	9	58	0	3.4	orig=2.7R|orig.time=Noon|orig.date=1856-11-16
1856	11	16	11	58	0	3.4	orig=2.7R|orig.time=2:00PM|orig.date=1856-11-16
1856	11	16	18	58	0	-0.8	orig=-0.6R|orig.time=9:00PM|orig.date=1856-11-16
1856	11	17	4	58	0	-2.9	orig=-2.3R|orig.time=7:00AM|orig.date=1856-11-17
1856	11	17	9	58	0	1.2	orig=1R|orig.time=Noon|orig.date=1856-11-17
1856	11	17	11	58	0	1.1	orig=0.9R|orig.time=2:00PM|orig.date=1856-11-17
1856	11	17	18	58	0	-3.2	orig=-2.6R|orig.time=9:00PM|orig.date=1856-11-17
1856	11	18	4	58	0	-3.1	orig=-2.5R|orig.time=7:00AM|orig.date=1856-11-18
1856	11	18	9	58	0	2.2	orig=1.8R|orig.time=Noon|orig.date=1856-11-18
1856	11	18	11	58	0	3.2	orig=2.6R|orig.time=2:00PM|orig.date=1856-11-18
1856	11	18	18	58	0	-0.7	orig=-0.54R|orig.time=9:00PM|orig.date=1856-11-18
1856	11	19	4	58	0	-1.5	orig=-1.2R|orig.time=7:00AM|orig.date=1856-11-19
1856	11	19	9	58	0	-1.8	orig=-1.4R|orig.time=Noon|orig.date=1856-11-19
1856	11	19	11	58	0	-2.4	orig=-1.9R|orig.time=2:00PM|orig.date=1856-11-19
1856	11	19	18	58	0	-6.6	orig=-5.3R|orig.time=9:00PM|orig.date=1856-11-19
1856	11	20	4	58	0	-10.9	orig=-8.7R|orig.time=7:00AM|orig.date=1856-11-20
1856	11	20	9	58	0	-4	orig=-3.2R|orig.time=Noon|orig.date=1856-11-20
1856	11	20	11	58	0	-2.1	orig=-1.7R|orig.time=2:00PM|orig.date=1856-11-20
1856	11	20	18	58	0	-4.6	orig=-3.7R|orig.time=9:00PM|orig.date=1856-11-20
1856	11	21	4	58	0	-7.4	orig=-5.9R|orig.time=7:00AM|orig.date=1856-11-21
1856	11	21	9	58	0	-2.9	orig=-2.3R|orig.time=Noon|orig.date=1856-11-21
1856	11	21	11	58	0	-3	orig=-2.4R|orig.time=2:00PM|orig.date=1856-11-21
1856	11	21	18	58	0	-4	orig=-3.2R|orig.time=9:00PM|orig.date=1856-11-21
1856	11	22	4	58	0	-5.5	orig=-4.4R|orig.time=7:00AM|orig.date=1856-11-22
1856	11	22	9	58	0	-2.8	orig=-2.2R|orig.time=Noon|orig.date=1856-11-22
1856	11	22	11	58	0	-1.5	orig=-1.2R|orig.time=2:00PM|orig.date=1856-11-22
1856	11	22	18	58	0	-8.8	orig=-7R|orig.time=9:00PM|orig.date=1856-11-22
1856	11	23	4	58	0	-9.2	orig=-7.4R|orig.time=7:00AM|orig.date=1856-11-23
1856	11	23	9	58	0	-2.9	orig=-2.3R|orig.time=Noon|orig.date=1856-11-23
1856	11	23	11	58	0	-2	orig=-1.6R|orig.time=2:00PM|orig.date=1856-11-23
1856	11	23	18	58	0	-1.2	orig=-1R|orig.time=9:00PM|orig.date=1856-11-23
1856	11	24	4	58	0	-1.2	orig=-1R|orig.time=7:00AM|orig.date=1856-11-24
1856	11	24	9	58	0	1.6	orig=1.3R|orig.time=Noon|orig.date=1856-11-24
1856	11	24	11	58	0	1	orig=0.8R|orig.time=2:00PM|orig.date=1856-11-24
1856	11	24	18	58	0	-3.8	orig=-3R|orig.time=9:00PM|orig.date=1856-11-24
1856	11	25	4	58	0	-1.9	orig=-1.5R|orig.time=7:00AM|orig.date=1856-11-25
1856	11	25	9	58	0	3	orig=2.4R|orig.time=Noon|orig.date=1856-11-25
1856	11	25	11	58	0	2.5	orig=2R|orig.time=2:00PM|orig.date=1856-11-25
1856	11	25	18	58	0	-1.4	orig=-1.1R|orig.time=9:00PM|orig.date=1856-11-25
1856	11	26	4	58	0	-8.1	orig=-6.5R|orig.time=7:00AM|orig.date=1856-11-26
1856	11	26	9	58	0	-5.5	orig=-4.4R|orig.time=Noon|orig.date=1856-11-26
1856	11	26	11	58	0	-5.4	orig=-4.3R|orig.time=2:00PM|orig.date=1856-11-26
1856	11	26	18	58	0	-10.1	orig=-8.1R|orig.time=9:00PM|orig.date=1856-11-26
1856	11	27	4	58	0	-8.5	orig=-6.8R|orig.time=7:00AM|orig.date=1856-11-27
1856	11	27	9	58	0	-5.8	orig=-4.6R|orig.time=Noon|orig.date=1856-11-27
1856	11	27	11	58	0	-4.5	orig=-3.6R|orig.time=2:00PM|orig.date=1856-11-27
1856	11	27	18	58	0	-5.4	orig=-4.3R|orig.time=9:00PM|orig.date=1856-11-27
1856	11	28	4	58	0	-8.8	orig=-7R|orig.time=7:00AM|orig.date=1856-11-28
1856	11	28	9	58	0	-5.9	orig=-4.7R|orig.time=Noon|orig.date=1856-11-28
1856	11	28	11	58	0	-6.2	orig=-5R|orig.time=2:00PM|orig.date=1856-11-28
1856	11	28	18	58	0	-8	orig=-6.4R|orig.time=9:00PM|orig.date=1856-11-28
1856	11	29	4	58	0	-8.1	orig=-6.5R|orig.time=7:00AM|orig.date=1856-11-29
1856	11	29	9	58	0	-5.4	orig=-4.3R|orig.time=Noon|orig.date=1856-11-29
1856	11	29	11	58	0	-5.1	orig=-4.1R|orig.time=2:00PM|orig.date=1856-11-29
1856	11	29	18	58	0	-7.6	orig=-6.1R|orig.time=9:00PM|orig.date=1856-11-29
1856	11	30	4	58	0	-6.2	orig=-5R|orig.time=7:00AM|orig.date=1856-11-30
1856	11	30	9	58	0	-3.1	orig=-2.5R|orig.time=Noon|orig.date=1856-11-30
1856	11	30	11	58	0	-3.1	orig=-2.5R|orig.time=2:00PM|orig.date=1856-11-30
1856	11	30	18	58	0	-5.2	orig=-4.2R|orig.time=9:00PM|orig.date=1856-11-30
1856	12	1	4	58	0	0.4	orig=0.3R|orig.time=7:00AM|orig.date=1856-12-01
1856	12	1	9	58	0	1.8	orig=1.4R|orig.time=Noon|orig.date=1856-12-01
1856	12	1	11	58	0	2.2	orig=1.8R|orig.time=2:00PM|orig.date=1856-12-01
1856	12	1	18	58	0	2.9	orig=2.3R|orig.time=9:00PM|orig.date=1856-12-01
1856	12	2	4	58	0	0.5	orig=0.4R|orig.time=7:00AM|orig.date=1856-12-02
1856	12	2	9	58	0	1.2	orig=1R|orig.time=Noon|orig.date=1856-12-02
1856	12	2	11	58	0	1.1	orig=0.9R|orig.time=2:00PM|orig.date=1856-12-02
1856	12	2	18	58	0	-2.1	orig=-1.7R|orig.time=9:00PM|orig.date=1856-12-02
1856	12	3	4	58	0	-6.4	orig=-5.1R|orig.time=7:00AM|orig.date=1856-12-03
1856	12	3	9	58	0	-4.4	orig=-3.5R|orig.time=Noon|orig.date=1856-12-03
1856	12	3	11	58	0	-5.6	orig=-4.5R|orig.time=2:00PM|orig.date=1856-12-03
1856	12	3	18	58	0	-8.8	orig=-7R|orig.time=9:00PM|orig.date=1856-12-03
1856	12	4	4	58	0	-9.8	orig=-7.8R|orig.time=7:00AM|orig.date=1856-12-04
1856	12	4	9	58	0	-9.4	orig=-7.5R|orig.time=Noon|orig.date=1856-12-04
1856	12	4	11	58	0	-9.2	orig=-7.4R|orig.time=2:00PM|orig.date=1856-12-04
1856	12	4	18	58	0	-9	orig=-7.2R|orig.time=9:00PM|orig.date=1856-12-04
1856	12	5	4	58	0	-14.4	orig=-11.5R|orig.time=7:00AM|orig.date=1856-12-05
1856	12	5	9	58	0	-10.4	orig=-8.3R|orig.time=Noon|orig.date=1856-12-05
1856	12	5	11	58	0	-8.2	orig=-6.6R|orig.time=2:00PM|orig.date=1856-12-05
1856	12	5	18	58	0	-7.9	orig=-6.3R|orig.time=9:00PM|orig.date=1856-12-05
1856	12	6	4	58	0	-5.5	orig=-4.4R|orig.time=7:00AM|orig.date=1856-12-06
1856	12	6	9	58	0	-2.5	orig=-2R|orig.time=Noon|orig.date=1856-12-06
1856	12	6	11	58	0	-1.8	orig=-1.4R|orig.time=2:00PM|orig.date=1856-12-06
1856	12	6	18	58	0	-3.1	orig=-2.5R|orig.time=9:00PM|orig.date=1856-12-06
1856	12	7	4	58	0	2.1	orig=1.7R|orig.time=7:00AM|orig.date=1856-12-07
1856	12	7	9	58	0	3.8	orig=3R|orig.time=Noon|orig.date=1856-12-07
1856	12	7	11	58	0	3.9	orig=3.1R|orig.time=2:00PM|orig.date=1856-12-07
1856	12	7	18	58	0	4	orig=3.2R|orig.time=9:00PM|orig.date=1856-12-07
1856	12	8	4	58	0	5.1	orig=4.1R|orig.time=7:00AM|orig.date=1856-12-08
1856	12	8	9	58	0	9	orig=7.2R|orig.time=Noon|orig.date=1856-12-08
1856	12	8	11	58	0	8.4	orig=6.7R|orig.time=2:00PM|orig.date=1856-12-08
1856	12	8	18	58	0	5.8	orig=4.6R|orig.time=9:00PM|orig.date=1856-12-08
1856	12	9	4	58	0	3.4	orig=2.7R|orig.time=7:00AM|orig.date=1856-12-09
1856	12	9	9	58	0	7.8	orig=6.2R|orig.time=Noon|orig.date=1856-12-09
1856	12	9	11	58	0	8.6	orig=6.9R|orig.time=2:00PM|orig.date=1856-12-09
1856	12	9	18	58	0	3.9	orig=3.1R|orig.time=9:00PM|orig.date=1856-12-09
1856	12	10	4	58	0	2.8	orig=2.2R|orig.time=7:00AM|orig.date=1856-12-10
1856	12	10	9	58	0	5.6	orig=4.5R|orig.time=Noon|orig.date=1856-12-10
1856	12	10	11	58	0	6	orig=4.8R|orig.time=2:00PM|orig.date=1856-12-10
1856	12	10	18	58	0	2.4	orig=1.9R|orig.time=9:00PM|orig.date=1856-12-10
1856	12	11	4	58	0	2.1	orig=1.7R|orig.time=7:00AM|orig.date=1856-12-11
1856	12	11	9	58	0	5.2	orig=4.2R|orig.time=Noon|orig.date=1856-12-11
1856	12	11	11	58	0	5.6	orig=4.5R|orig.time=2:00PM|orig.date=1856-12-11
1856	12	11	18	58	0	1.2	orig=1R|orig.time=9:00PM|orig.date=1856-12-11
1856	12	12	4	58	0	-1.2	orig=-1R|orig.time=7:00AM|orig.date=1856-12-12
1856	12	12	9	58	0	0.5	orig=0.4R|orig.time=Noon|orig.date=1856-12-12
1856	12	12	11	58	0	0.8	orig=0.6R|orig.time=2:00PM|orig.date=1856-12-12
1856	12	12	18	58	0	-0.5	orig=-0.4R|orig.time=9:00PM|orig.date=1856-12-12
1856	12	13	4	58	0	-0.2	orig=-0.2R|orig.time=7:00AM|orig.date=1856-12-13
1856	12	13	9	58	0	1	orig=0.8R|orig.time=Noon|orig.date=1856-12-13
1856	12	13	11	58	0	1.2	orig=1R|orig.time=2:00PM|orig.date=1856-12-13
1856	12	13	18	58	0	0.8	orig=0.6R|orig.time=9:00PM|orig.date=1856-12-13
1856	12	14	4	58	0	0.9	orig=0.7R|orig.time=7:00AM|orig.date=1856-12-14
1856	12	14	9	58	0	3.1	orig=2.5R|orig.time=Noon|orig.date=1856-12-14
1856	12	14	11	58	0	1.9	orig=1.5R|orig.time=2:00PM|orig.date=1856-12-14
1856	12	14	18	58	0	0.6	orig=0.5R|orig.time=9:00PM|orig.date=1856-12-14
1856	12	15	4	58	0	3.8	orig=3R|orig.time=7:00AM|orig.date=1856-12-15
1856	12	15	9	58	0	4.9	orig=3.9R|orig.time=Noon|orig.date=1856-12-15
1856	12	15	11	58	0	5.5	orig=4.4R|orig.time=2:00PM|orig.date=1856-12-15
1856	12	15	18	58	0	2.8	orig=2.2R|orig.time=9:00PM|orig.date=1856-12-15
1856	12	16	4	58	0	0.5	orig=0.4R|orig.time=7:00AM|orig.date=1856-12-16
1856	12	16	9	58	0	3.4	orig=2.7R|orig.time=Noon|orig.date=1856-12-16
1856	12	16	11	58	0	2.8	orig=2.2R|orig.time=2:00PM|orig.date=1856-12-16
1856	12	16	18	58	0	-1.8	orig=-1.4R|orig.time=9:00PM|orig.date=1856-12-16
1856	12	17	4	58	0	-5.8	orig=-4.6R|orig.time=7:00AM|orig.date=1856-12-17
1856	12	17	9	58	0	-0.5	orig=-0.4R|orig.time=Noon|orig.date=1856-12-17
1856	12	17	11	58	0	-0.9	orig=-0.7R|orig.time=2:00PM|orig.date=1856-12-17
1856	12	17	18	58	0	-3.6	orig=-2.9R|orig.time=9:00PM|orig.date=1856-12-17
1856	12	18	4	58	0	-4.4	orig=-3.5R|orig.time=7:00AM|orig.date=1856-12-18
1856	12	18	9	58	0	0.5	orig=0.4R|orig.time=Noon|orig.date=1856-12-18
1856	12	18	11	58	0	1.4	orig=1.1R|orig.time=2:00PM|orig.date=1856-12-18
1856	12	18	18	58	0	0.4	orig=0.3R|orig.time=9:00PM|orig.date=1856-12-18
1856	12	19	4	58	0	-0.6	orig=-0.5R|orig.time=7:00AM|orig.date=1856-12-19
1856	12	19	9	58	0	0.5	orig=0.4R|orig.time=Noon|orig.date=1856-12-19
1856	12	19	11	58	0	0.5	orig=0.4R|orig.time=2:00PM|orig.date=1856-12-19
1856	12	19	18	58	0	-0.2	orig=-0.2R|orig.time=9:00PM|orig.date=1856-12-19
1856	12	20	4	58	0	-1	orig=-0.8R|orig.time=7:00AM|orig.date=1856-12-20
1856	12	20	9	58	0	0.8	orig=0.6R|orig.time=Noon|orig.date=1856-12-20
1856	12	20	11	58	0	0.9	orig=0.7R|orig.time=2:00PM|orig.date=1856-12-20
1856	12	20	18	58	0	2.5	orig=2R|orig.time=9:00PM|orig.date=1856-12-20
1856	12	21	4	58	0	2.1	orig=1.7R|orig.time=7:00AM|orig.date=1856-12-21
1856	12	21	9	58	0	3.6	orig=2.9R|orig.time=Noon|orig.date=1856-12-21
1856	12	21	11	58	0	4.2	orig=3.4R|orig.time=2:00PM|orig.date=1856-12-21
1856	12	21	18	58	0	0.5	orig=0.4R|orig.time=9:00PM|orig.date=1856-12-21
1856	12	22	4	58	0	0.1	orig=0.1R|orig.time=7:00AM|orig.date=1856-12-22
1856	12	22	9	58	0	1.4	orig=1.1R|orig.time=Noon|orig.date=1856-12-22
1856	12	22	11	58	0	1.9	orig=1.5R|orig.time=2:00PM|orig.date=1856-12-22
1856	12	22	18	58	0	3	orig=2.4R|orig.time=9:00PM|orig.date=1856-12-22
1856	12	23	4	58	0	3.5	orig=2.8R|orig.time=7:00AM|orig.date=1856-12-23
1856	12	23	9	58	0	2.8	orig=2.2R|orig.time=Noon|orig.date=1856-12-23
1856	12	23	11	58	0	2.5	orig=2R|orig.time=2:00PM|orig.date=1856-12-23
1856	12	23	18	58	0	0.2	orig=0.2R|orig.time=9:00PM|orig.date=1856-12-23
1856	12	24	4	58	0	-4.4	orig=-3.5R|orig.time=7:00AM|orig.date=1856-12-24
1856	12	24	9	58	0	-3.8	orig=-3R|orig.time=Noon|orig.date=1856-12-24
1856	12	24	11	58	0	-2.9	orig=-2.3R|orig.time=2:00PM|orig.date=1856-12-24
1856	12	24	18	58	0	-3.2	orig=-2.6R|orig.time=9:00PM|orig.date=1856-12-24
1856	12	25	4	58	0	-3	orig=-2.4R|orig.time=7:00AM|orig.date=1856-12-25
1856	12	25	9	58	0	-0.9	orig=-0.7R|orig.time=Noon|orig.date=1856-12-25
1856	12	25	11	58	0	-0.5	orig=-0.4R|orig.time=2:00PM|orig.date=1856-12-25
1856	12	25	18	58	0	1.8	orig=1.4R|orig.time=9:00PM|orig.date=1856-12-25
1856	12	26	4	58	0	1.4	orig=1.1R|orig.time=7:00AM|orig.date=1856-12-26
1856	12	26	9	58	0	4	orig=3.2R|orig.time=Noon|orig.date=1856-12-26
1856	12	26	11	58	0	5.9	orig=4.7R|orig.time=2:00PM|orig.date=1856-12-26
1856	12	26	18	58	0	5.6	orig=4.5R|orig.time=9:00PM|orig.date=1856-12-26
1856	12	27	4	58	0	5	orig=4R|orig.time=7:00AM|orig.date=1856-12-27
1856	12	27	9	58	0	7.2	orig=5.8R|orig.time=Noon|orig.date=1856-12-27
1856	12	27	11	58	0	8.5	orig=6.8R|orig.time=2:00PM|orig.date=1856-12-27
1856	12	27	18	58	0	4.4	orig=3.5R|orig.time=9:00PM|orig.date=1856-12-27
1856	12	28	4	58	0	4.5	orig=3.6R|orig.time=7:00AM|orig.date=1856-12-28
1856	12	28	9	58	0	7	orig=5.6R|orig.time=Noon|orig.date=1856-12-28
1856	12	28	11	58	0	7.6	orig=6.1R|orig.time=2:00PM|orig.date=1856-12-28
1856	12	28	18	58	0	2.6	orig=2.1R|orig.time=9:00PM|orig.date=1856-12-28
1856	12	29	4	58	0	0.4	orig=0.3R|orig.time=7:00AM|orig.date=1856-12-29
1856	12	29	9	58	0	-0.2	orig=-0.2R|orig.time=Noon|orig.date=1856-12-29
1856	12	29	11	58	0	0.8	orig=0.6R|orig.time=2:00PM|orig.date=1856-12-29
1856	12	29	18	58	0	-3.5	orig=-2.8R|orig.time=9:00PM|orig.date=1856-12-29
1856	12	30	4	58	0	-1.2	orig=-1R|orig.time=7:00AM|orig.date=1856-12-30
1856	12	30	9	58	0	0.5	orig=0.4R|orig.time=Noon|orig.date=1856-12-30
1856	12	30	11	58	0	0.8	orig=0.6R|orig.time=2:00PM|orig.date=1856-12-30
1856	12	30	18	58	0	-1.5	orig=-1.2R|orig.time=9:00PM|orig.date=1856-12-30
1856	12	31	4	58	0	-1.4	orig=-1.1R|orig.time=7:00AM|orig.date=1856-12-31
1856	12	31	9	58	0	-0.2	orig=-0.2R|orig.time=Noon|orig.date=1856-12-31
1856	12	31	11	58	0	-0.6	orig=-0.5R|orig.time=2:00PM|orig.date=1856-12-31
1856	12	31	18	58	0	-1.6	orig=-1.3R|orig.time=9:00PM|orig.date=1856-12-31
1857	1	1	4	58	0	-0.8	orig=-0.6R|orig.time=7:00AM|orig.date=1857-01-01
1857	1	1	9	58	0	0	orig=0R|orig.time=Noon|orig.date=1857-01-01
1857	1	1	11	58	0	0.5	orig=0.4R|orig.time=2:00PM|orig.date=1857-01-01
1857	1	1	18	58	0	-1.2	orig=-1R|orig.time=9:00PM|orig.date=1857-01-01
1857	1	2	4	58	0	1	orig=0.8R|orig.time=7:00AM|orig.date=1857-01-02
1857	1	2	9	58	0	1.9	orig=1.5R|orig.time=Noon|orig.date=1857-01-02
1857	1	2	11	58	0	1.6	orig=1.3R|orig.time=2:00PM|orig.date=1857-01-02
1857	1	2	18	58	0	1.5	orig=1.2R|orig.time=9:00PM|orig.date=1857-01-02
1857	1	3	4	58	0	0.1	orig=0.1R|orig.time=7:00AM|orig.date=1857-01-03
1857	1	3	9	58	0	1.4	orig=1.1R|orig.time=Noon|orig.date=1857-01-03
1857	1	3	11	58	0	0.2	orig=0.2R|orig.time=2:00PM|orig.date=1857-01-03
1857	1	3	18	58	0	-1.5	orig=-1.2R|orig.time=9:00PM|orig.date=1857-01-03
1857	1	4	4	58	0	-2.5	orig=-2R|orig.time=7:00AM|orig.date=1857-01-04
1857	1	4	9	58	0	-0.1	orig=-0.1R|orig.time=Noon|orig.date=1857-01-04
1857	1	4	11	58	0	0.6	orig=0.5R|orig.time=2:00PM|orig.date=1857-01-04
1857	1	4	18	58	0	-0.4	orig=-0.3R|orig.time=9:00PM|orig.date=1857-01-04
1857	1	5	4	58	0	-1.6	orig=-1.3R|orig.time=7:00AM|orig.date=1857-01-05
1857	1	5	9	58	0	0.4	orig=0.3R|orig.time=Noon|orig.date=1857-01-05
1857	1	5	11	58	0	0.8	orig=0.6R|orig.time=2:00PM|orig.date=1857-01-05
1857	1	5	18	58	0	0	orig=0R|orig.time=9:00PM|orig.date=1857-01-05
1857	1	6	4	58	0	-3	orig=-2.4R|orig.time=7:00AM|orig.date=1857-01-06
1857	1	6	9	58	0	-4.4	orig=-3.5R|orig.time=Noon|orig.date=1857-01-06
1857	1	6	11	58	0	-5.2	orig=-4.2R|orig.time=2:00PM|orig.date=1857-01-06
1857	1	6	18	58	0	-12.1	orig=-9.7R|orig.time=9:00PM|orig.date=1857-01-06
1857	1	7	4	58	0	-18	orig=-14.4R|orig.time=7:00AM|orig.date=1857-01-07
1857	1	7	9	58	0	-15.4	orig=-12.3R|orig.time=Noon|orig.date=1857-01-07
1857	1	7	11	58	0	-14	orig=-11.2R|orig.time=2:00PM|orig.date=1857-01-07
1857	1	7	18	58	0	-16.2	orig=-13R|orig.time=9:00PM|orig.date=1857-01-07
1857	1	8	4	58	0	-15.4	orig=-12.3R|orig.time=7:00AM|orig.date=1857-01-08
1857	1	8	9	58	0	-13.8	orig=-11R|orig.time=Noon|orig.date=1857-01-08
1857	1	8	11	58	0	-13	orig=-10.4R|orig.time=2:00PM|orig.date=1857-01-08
1857	1	8	18	58	0	-13	orig=-10.4R|orig.time=9:00PM|orig.date=1857-01-08
1857	1	9	4	58	0	-12.2	orig=-9.8R|orig.time=7:00AM|orig.date=1857-01-09
1857	1	9	9	58	0	-7.1	orig=-5.7R|orig.time=Noon|orig.date=1857-01-09
1857	1	9	11	58	0	-6.2	orig=-5R|orig.time=2:00PM|orig.date=1857-01-09
1857	1	9	18	58	0	-14.2	orig=-11.4R|orig.time=9:00PM|orig.date=1857-01-09
1857	1	10	4	58	0	-18.2	orig=-14.6R|orig.time=7:00AM|orig.date=1857-01-10
1857	1	10	9	58	0	-13.5	orig=-10.8R|orig.time=Noon|orig.date=1857-01-10
1857	1	10	11	58	0	-10.6	orig=-8.5R|orig.time=2:00PM|orig.date=1857-01-10
1857	1	10	18	58	0	-8.6	orig=-6.9R|orig.time=9:00PM|orig.date=1857-01-10
1857	1	11	4	58	0	-7.6	orig=-6.1R|orig.time=7:00AM|orig.date=1857-01-11
1857	1	11	9	58	0	-5	orig=-4R|orig.time=Noon|orig.date=1857-01-11
1857	1	11	11	58	0	-5.6	orig=-4.5R|orig.time=2:00PM|orig.date=1857-01-11
1857	1	11	18	58	0	-12.4	orig=-9.9R|orig.time=9:00PM|orig.date=1857-01-11
1857	1	12	4	58	0	-6.8	orig=-5.4R|orig.time=7:00AM|orig.date=1857-01-12
1857	1	12	9	58	0	-4.4	orig=-3.5R|orig.time=Noon|orig.date=1857-01-12
1857	1	12	11	58	0	-4	orig=-3.2R|orig.time=2:00PM|orig.date=1857-01-12
1857	1	12	18	58	0	-2.9	orig=-2.3R|orig.time=9:00PM|orig.date=1857-01-12
1857	1	13	4	58	0	-0.4	orig=-0.3R|orig.time=7:00AM|orig.date=1857-01-13
1857	1	13	9	58	0	1.2	orig=1R|orig.time=Noon|orig.date=1857-01-13
1857	1	13	11	58	0	-1.2	orig=-1R|orig.time=2:00PM|orig.date=1857-01-13
1857	1	13	18	58	0	-3.8	orig=-3R|orig.time=9:00PM|orig.date=1857-01-13
1857	1	14	4	58	0	0	orig=0R|orig.time=7:00AM|orig.date=1857-01-14
1857	1	14	9	58	0	0.8	orig=0.6R|orig.time=Noon|orig.date=1857-01-14
1857	1	14	11	58	0	0.8	orig=0.6R|orig.time=2:00PM|orig.date=1857-01-14
1857	1	14	18	58	0	0.1	orig=0.1R|orig.time=9:00PM|orig.date=1857-01-14
1857	1	15	4	58	0	-1.9	orig=-1.5R|orig.time=7:00AM|orig.date=1857-01-15
1857	1	15	9	58	0	-0.6	orig=-0.5R|orig.time=Noon|orig.date=1857-01-15
1857	1	15	11	58	0	-0.6	orig=-0.5R|orig.time=2:00PM|orig.date=1857-01-15
1857	1	15	18	58	0	-3	orig=-2.4R|orig.time=9:00PM|orig.date=1857-01-15
1857	1	16	4	58	0	-3.1	orig=-2.5R|orig.time=7:00AM|orig.date=1857-01-16
1857	1	16	9	58	0	-1.2	orig=-1R|orig.time=Noon|orig.date=1857-01-16
1857	1	16	11	58	0	-0.6	orig=-0.5R|orig.time=2:00PM|orig.date=1857-01-16
1857	1	16	18	58	0	-4.4	orig=-3.5R|orig.time=9:00PM|orig.date=1857-01-16
1857	1	17	4	58	0	-3.8	orig=-3R|orig.time=7:00AM|orig.date=1857-01-17
1857	1	17	9	58	0	-2.9	orig=-2.3R|orig.time=Noon|orig.date=1857-01-17
1857	1	17	11	58	0	-2.9	orig=-2.3R|orig.time=2:00PM|orig.date=1857-01-17
1857	1	17	18	58	0	-4.4	orig=-3.5R|orig.time=9:00PM|orig.date=1857-01-17
1857	1	18	4	58	0	-4.2	orig=-3.4R|orig.time=7:00AM|orig.date=1857-01-18
1857	1	18	9	58	0	-3.8	orig=-3R|orig.time=Noon|orig.date=1857-01-18
1857	1	18	11	58	0	-3.8	orig=-3R|orig.time=2:00PM|orig.date=1857-01-18
1857	1	18	18	58	0	-3.5	orig=-2.8R|orig.time=9:00PM|orig.date=1857-01-18
1857	1	19	4	58	0	-4.2	orig=-3.4R|orig.time=7:00AM|orig.date=1857-01-19
1857	1	19	9	58	0	-5	orig=-4R|orig.time=Noon|orig.date=1857-01-19
1857	1	19	11	58	0	-4.5	orig=-3.6R|orig.time=2:00PM|orig.date=1857-01-19
1857	1	19	18	58	0	-7.1	orig=-5.7R|orig.time=9:00PM|orig.date=1857-01-19
1857	1	20	4	58	0	-7	orig=-5.6R|orig.time=7:00AM|orig.date=1857-01-20
1857	1	20	9	58	0	-2.5	orig=-2R|orig.time=Noon|orig.date=1857-01-20
1857	1	20	11	58	0	-1.2	orig=-1R|orig.time=2:00PM|orig.date=1857-01-20
1857	1	20	18	58	0	-1.9	orig=-1.5R|orig.time=9:00PM|orig.date=1857-01-20
1857	1	21	4	58	0	-1.4	orig=-1.1R|orig.time=7:00AM|orig.date=1857-01-21
1857	1	21	9	58	0	1	orig=0.8R|orig.time=Noon|orig.date=1857-01-21
1857	1	21	11	58	0	1	orig=0.8R|orig.time=2:00PM|orig.date=1857-01-21
1857	1	21	18	58	0	-1	orig=-0.8R|orig.time=9:00PM|orig.date=1857-01-21
1857	1	22	4	58	0	-1.8	orig=-1.4R|orig.time=7:00AM|orig.date=1857-01-22
1857	1	22	9	58	0	0	orig=0R|orig.time=Noon|orig.date=1857-01-22
1857	1	22	11	58	0	0.6	orig=0.5R|orig.time=2:00PM|orig.date=1857-01-22
1857	1	22	18	58	0	2.2	orig=1.8R|orig.time=9:00PM|orig.date=1857-01-22
1857	1	23	4	58	0	-2.2	orig=-1.8R|orig.time=7:00AM|orig.date=1857-01-23
1857	1	23	9	58	0	1.2	orig=1R|orig.time=Noon|orig.date=1857-01-23
1857	1	23	11	58	0	0.9	orig=0.7R|orig.time=2:00PM|orig.date=1857-01-23
1857	1	23	18	58	0	1.1	orig=0.9R|orig.time=9:00PM|orig.date=1857-01-23
1857	1	24	4	58	0	-1.5	orig=-1.2R|orig.time=7:00AM|orig.date=1857-01-24
1857	1	24	9	58	0	0	orig=0R|orig.time=Noon|orig.date=1857-01-24
1857	1	24	11	58	0	0.4	orig=0.3R|orig.time=2:00PM|orig.date=1857-01-24
1857	1	24	18	58	0	0.6	orig=0.5R|orig.time=9:00PM|orig.date=1857-01-24
1857	1	25	4	58	0	1.2	orig=1R|orig.time=7:00AM|orig.date=1857-01-25
1857	1	25	9	58	0	1.9	orig=1.5R|orig.time=Noon|orig.date=1857-01-25
1857	1	25	11	58	0	1.8	orig=1.4R|orig.time=2:00PM|orig.date=1857-01-25
1857	1	25	18	58	0	0.9	orig=0.7R|orig.time=9:00PM|orig.date=1857-01-25
1857	1	26	4	58	0	-0.2	orig=-0.2R|orig.time=7:00AM|orig.date=1857-01-26
1857	1	26	9	58	0	0.9	orig=0.7R|orig.time=Noon|orig.date=1857-01-26
1857	1	26	11	58	0	1.2	orig=1R|orig.time=2:00PM|orig.date=1857-01-26
1857	1	26	18	58	0	0.5	orig=0.4R|orig.time=9:00PM|orig.date=1857-01-26
1857	1	27	4	58	0	0.8	orig=0.6R|orig.time=7:00AM|orig.date=1857-01-27
1857	1	27	9	58	0	2.1	orig=1.7R|orig.time=Noon|orig.date=1857-01-27
1857	1	27	11	58	0	3.2	orig=2.6R|orig.time=2:00PM|orig.date=1857-01-27
1857	1	27	18	58	0	0.2	orig=0.2R|orig.time=9:00PM|orig.date=1857-01-27
1857	1	28	4	58	0	-0.2	orig=-0.2R|orig.time=7:00AM|orig.date=1857-01-28
1857	1	28	9	58	0	1.2	orig=1R|orig.time=Noon|orig.date=1857-01-28
1857	1	28	11	58	0	2	orig=1.6R|orig.time=2:00PM|orig.date=1857-01-28
1857	1	28	18	58	0	-0.5	orig=-0.4R|orig.time=9:00PM|orig.date=1857-01-28
1857	1	29	4	58	0	-1.8	orig=-1.4R|orig.time=7:00AM|orig.date=1857-01-29
1857	1	29	9	58	0	-0.9	orig=-0.7R|orig.time=Noon|orig.date=1857-01-29
1857	1	29	11	58	0	-0.5	orig=-0.4R|orig.time=2:00PM|orig.date=1857-01-29
1857	1	29	18	58	0	-3.1	orig=-2.5R|orig.time=9:00PM|orig.date=1857-01-29
1857	1	30	4	58	0	-5.1	orig=-4.1R|orig.time=7:00AM|orig.date=1857-01-30
1857	1	30	9	58	0	-3.8	orig=-3R|orig.time=Noon|orig.date=1857-01-30
1857	1	30	11	58	0	-3.5	orig=-2.8R|orig.time=2:00PM|orig.date=1857-01-30
1857	1	30	18	58	0	-4.6	orig=-3.7R|orig.time=9:00PM|orig.date=1857-01-30
1857	1	31	4	58	0	-5.1	orig=-4.1R|orig.time=7:00AM|orig.date=1857-01-31
1857	1	31	9	58	0	-2	orig=-1.6R|orig.time=Noon|orig.date=1857-01-31
1857	1	31	11	58	0	-2.5	orig=-2R|orig.time=2:00PM|orig.date=1857-01-31
1857	1	31	18	58	0	-4.2	orig=-3.4R|orig.time=9:00PM|orig.date=1857-01-31
1857	2	1	4	58	0	-6.6	orig=-5.3R|orig.time=7:00AM|orig.date=1857-02-01
1857	2	1	9	58	0	-4.5	orig=-3.6R|orig.time=Noon|orig.date=1857-02-01
1857	2	1	11	58	0	-5.5	orig=-4.4R|orig.time=2:00PM|orig.date=1857-02-01
1857	2	1	18	58	0	-8.4	orig=-6.7R|orig.time=9:00PM|orig.date=1857-02-01
1857	2	2	4	58	0	-9	orig=-7.2R|orig.time=7:00AM|orig.date=1857-02-02
1857	2	2	9	58	0	-5.9	orig=-4.7R|orig.time=Noon|orig.date=1857-02-02
1857	2	2	11	58	0	-6.6	orig=-5.3R|orig.time=2:00PM|orig.date=1857-02-02
1857	2	2	18	58	0	-9.8	orig=-7.8R|orig.time=9:00PM|orig.date=1857-02-02
1857	2	3	4	58	0	-10.5	orig=-8.4R|orig.time=7:00AM|orig.date=1857-02-03
1857	2	3	9	58	0	-7.4	orig=-5.9R|orig.time=Noon|orig.date=1857-02-03
1857	2	3	11	58	0	-5.5	orig=-4.4R|orig.time=2:00PM|orig.date=1857-02-03
1857	2	3	18	58	0	-8.8	orig=-7R|orig.time=9:00PM|orig.date=1857-02-03
1857	2	4	4	58	0	-11	orig=-8.8R|orig.time=7:00AM|orig.date=1857-02-04
1857	2	4	9	58	0	-9.2	orig=-7.4R|orig.time=Noon|orig.date=1857-02-04
1857	2	4	11	58	0	-7.5	orig=-6R|orig.time=2:00PM|orig.date=1857-02-04
1857	2	4	18	58	0	-14.4	orig=-11.5R|orig.time=9:00PM|orig.date=1857-02-04
1857	2	5	4	58	0	-17.2	orig=-13.8R|orig.time=7:00AM|orig.date=1857-02-05
1857	2	5	9	58	0	-13.1	orig=-10.5R|orig.time=Noon|orig.date=1857-02-05
1857	2	5	11	58	0	-13.8	orig=-11R|orig.time=2:00PM|orig.date=1857-02-05
1857	2	5	18	58	0	-17.2	orig=-13.8R|orig.time=9:00PM|orig.date=1857-02-05
1857	2	6	4	58	0	-17	orig=-13.6R|orig.time=7:00AM|orig.date=1857-02-06
1857	2	6	9	58	0	-16.5	orig=-13.2R|orig.time=Noon|orig.date=1857-02-06
1857	2	6	11	58	0	-14.6	orig=-11.7R|orig.time=2:00PM|orig.date=1857-02-06
1857	2	6	18	58	0	-19.4	orig=-15.5R|orig.time=9:00PM|orig.date=1857-02-06
1857	2	7	4	58	0	-19.9	orig=-15.9R|orig.time=7:00AM|orig.date=1857-02-07
1857	2	7	9	58	0	-13.5	orig=-10.8R|orig.time=Noon|orig.date=1857-02-07
1857	2	7	11	58	0	-11.2	orig=-9R|orig.time=2:00PM|orig.date=1857-02-07
1857	2	7	18	58	0	-13.5	orig=-10.8R|orig.time=9:00PM|orig.date=1857-02-07
1857	2	8	4	58	0	-15.1	orig=-12.1R|orig.time=7:00AM|orig.date=1857-02-08
1857	2	8	9	58	0	-4.4	orig=-3.5R|orig.time=Noon|orig.date=1857-02-08
1857	2	8	11	58	0	-5.5	orig=-4.4R|orig.time=2:00PM|orig.date=1857-02-08
1857	2	8	18	58	0	-11.9	orig=-9.5R|orig.time=9:00PM|orig.date=1857-02-08
1857	2	9	4	58	0	-14	orig=-11.2R|orig.time=7:00AM|orig.date=1857-02-09
1857	2	9	9	58	0	-6.2	orig=-5R|orig.time=Noon|orig.date=1857-02-09
1857	2	9	11	58	0	-3.1	orig=-2.5R|orig.time=2:00PM|orig.date=1857-02-09
1857	2	9	18	58	0	-7.9	orig=-6.3R|orig.time=9:00PM|orig.date=1857-02-09
1857	2	10	4	58	0	-12.5	orig=-10R|orig.time=7:00AM|orig.date=1857-02-10
1857	2	10	9	58	0	-5.5	orig=-4.4R|orig.time=Noon|orig.date=1857-02-10
1857	2	10	11	58	0	-3	orig=-2.4R|orig.time=2:00PM|orig.date=1857-02-10
1857	2	10	18	58	0	-5.2	orig=-4.2R|orig.time=9:00PM|orig.date=1857-02-10
1857	2	11	4	58	0	-13.8	orig=-11R|orig.time=7:00AM|orig.date=1857-02-11
1857	2	11	9	58	0	-7	orig=-5.6R|orig.time=Noon|orig.date=1857-02-11
1857	2	11	11	58	0	-4.8	orig=-3.8R|orig.time=2:00PM|orig.date=1857-02-11
1857	2	11	18	58	0	-9.2	orig=-7.4R|orig.time=9:00PM|orig.date=1857-02-11
1857	2	12	4	58	0	-10.2	orig=-8.2R|orig.time=7:00AM|orig.date=1857-02-12
1857	2	12	9	58	0	-2.1	orig=-1.7R|orig.time=Noon|orig.date=1857-02-12
1857	2	12	11	58	0	0	orig=0R|orig.time=2:00PM|orig.date=1857-02-12
1857	2	12	18	58	0	-5.6	orig=-4.5R|orig.time=9:00PM|orig.date=1857-02-12
1857	2	13	4	58	0	-5.1	orig=-4.1R|orig.time=7:00AM|orig.date=1857-02-13
1857	2	13	9	58	0	-2.1	orig=-1.7R|orig.time=Noon|orig.date=1857-02-13
1857	2	13	11	58	0	-1.2	orig=-1R|orig.time=2:00PM|orig.date=1857-02-13
1857	2	13	18	58	0	-4	orig=-3.2R|orig.time=9:00PM|orig.date=1857-02-13
1857	2	14	4	58	0	-4.9	orig=-3.9R|orig.time=7:00AM|orig.date=1857-02-14
1857	2	14	9	58	0	-2.5	orig=-2R|orig.time=Noon|orig.date=1857-02-14
1857	2	14	11	58	0	-2	orig=-1.6R|orig.time=2:00PM|orig.date=1857-02-14
1857	2	14	18	58	0	-3	orig=-2.4R|orig.time=9:00PM|orig.date=1857-02-14
1857	2	15	4	58	0	-4.1	orig=-3.3R|orig.time=7:00AM|orig.date=1857-02-15
1857	2	15	9	58	0	-2.1	orig=-1.7R|orig.time=Noon|orig.date=1857-02-15
1857	2	15	11	58	0	-3	orig=-2.4R|orig.time=2:00PM|orig.date=1857-02-15
1857	2	15	18	58	0	-3.8	orig=-3R|orig.time=9:00PM|orig.date=1857-02-15
1857	2	16	4	58	0	0.6	orig=0.5R|orig.time=7:00AM|orig.date=1857-02-16
1857	2	16	9	58	0	1.9	orig=1.5R|orig.time=Noon|orig.date=1857-02-16
1857	2	16	11	58	0	0.2	orig=0.2R|orig.time=2:00PM|orig.date=1857-02-16
1857	2	16	18	58	0	-3	orig=-2.4R|orig.time=9:00PM|orig.date=1857-02-16
1857	2	17	4	58	0	-6.9	orig=-5.5R|orig.time=7:00AM|orig.date=1857-02-17
1857	2	17	9	58	0	-0.8	orig=-0.6R|orig.time=Noon|orig.date=1857-02-17
1857	2	17	11	58	0	-0.6	orig=-0.5R|orig.time=2:00PM|orig.date=1857-02-17
1857	2	17	18	58	0	-6.4	orig=-5.1R|orig.time=9:00PM|orig.date=1857-02-17
1857	2	18	4	58	0	-9.6	orig=-7.7R|orig.time=7:00AM|orig.date=1857-02-18
1857	2	18	9	58	0	-2.9	orig=-2.3R|orig.time=Noon|orig.date=1857-02-18
1857	2	18	11	58	0	-2.1	orig=-1.7R|orig.time=2:00PM|orig.date=1857-02-18
1857	2	18	18	58	0	-7	orig=-5.6R|orig.time=9:00PM|orig.date=1857-02-18
1857	2	19	4	58	0	-10.2	orig=-8.2R|orig.time=7:00AM|orig.date=1857-02-19
1857	2	19	9	58	0	-3.5	orig=-2.8R|orig.time=Noon|orig.date=1857-02-19
1857	2	19	11	58	0	-1.8	orig=-1.4R|orig.time=2:00PM|orig.date=1857-02-19
1857	2	19	18	58	0	-6.8	orig=-5.4R|orig.time=9:00PM|orig.date=1857-02-19
1857	2	20	4	58	0	-10.5	orig=-8.4R|orig.time=7:00AM|orig.date=1857-02-20
1857	2	20	9	58	0	-2.2	orig=-1.8R|orig.time=Noon|orig.date=1857-02-20
1857	2	20	11	58	0	-0.4	orig=-0.3R|orig.time=2:00PM|orig.date=1857-02-20
1857	2	20	18	58	0	-4	orig=-3.2R|orig.time=9:00PM|orig.date=1857-02-20
1857	2	21	4	58	0	-7.4	orig=-5.9R|orig.time=7:00AM|orig.date=1857-02-21
1857	2	21	9	58	0	-0.2	orig=-0.2R|orig.time=Noon|orig.date=1857-02-21
1857	2	21	11	58	0	1.9	orig=1.5R|orig.time=2:00PM|orig.date=1857-02-21
1857	2	21	18	58	0	1.6	orig=1.3R|orig.time=9:00PM|orig.date=1857-02-21
1857	2	22	4	58	0	-6.4	orig=-5.1R|orig.time=7:00AM|orig.date=1857-02-22
1857	2	22	9	58	0	-5.6	orig=-4.5R|orig.time=Noon|orig.date=1857-02-22
1857	2	22	11	58	0	-5.5	orig=-4.4R|orig.time=2:00PM|orig.date=1857-02-22
1857	2	22	18	58	0	-5.8	orig=-4.6R|orig.time=9:00PM|orig.date=1857-02-22
1857	2	23	4	58	0	-5.6	orig=-4.5R|orig.time=7:00AM|orig.date=1857-02-23
1857	2	23	9	58	0	-4.1	orig=-3.3R|orig.time=Noon|orig.date=1857-02-23
1857	2	23	11	58	0	-3.4	orig=-2.7R|orig.time=2:00PM|orig.date=1857-02-23
1857	2	23	18	58	0	-4.9	orig=-3.9R|orig.time=9:00PM|orig.date=1857-02-23
1857	2	24	4	58	0	-6.5	orig=-5.2R|orig.time=7:00AM|orig.date=1857-02-24
1857	2	24	9	58	0	-5.9	orig=-4.7R|orig.time=Noon|orig.date=1857-02-24
1857	2	24	11	58	0	-5.5	orig=-4.4R|orig.time=2:00PM|orig.date=1857-02-24
1857	2	24	18	58	0	-12	orig=-9.6R|orig.time=9:00PM|orig.date=1857-02-24
1857	2	25	4	58	0	-13	orig=-10.4R|orig.time=7:00AM|orig.date=1857-02-25
1857	2	25	9	58	0	-6.1	orig=-4.9R|orig.time=Noon|orig.date=1857-02-25
1857	2	25	11	58	0	-3.1	orig=-2.5R|orig.time=2:00PM|orig.date=1857-02-25
1857	2	25	18	58	0	-8.2	orig=-6.6R|orig.time=9:00PM|orig.date=1857-02-25
1857	2	26	4	58	0	-11.2	orig=-9R|orig.time=7:00AM|orig.date=1857-02-26
1857	2	26	9	58	0	-3.2	orig=-2.6R|orig.time=Noon|orig.date=1857-02-26
1857	2	26	11	58	0	-2	orig=-1.6R|orig.time=2:00PM|orig.date=1857-02-26
1857	2	26	18	58	0	-8	orig=-6.4R|orig.time=9:00PM|orig.date=1857-02-26
1857	2	27	4	58	0	-10.6	orig=-8.5R|orig.time=7:00AM|orig.date=1857-02-27
1857	2	27	9	58	0	-1.5	orig=-1.2R|orig.time=Noon|orig.date=1857-02-27
1857	2	27	11	58	0	1	orig=0.8R|orig.time=2:00PM|orig.date=1857-02-27
1857	2	27	18	58	0	-5.2	orig=-4.2R|orig.time=9:00PM|orig.date=1857-02-27
1857	2	28	4	58	0	-7.2	orig=-5.8R|orig.time=7:00AM|orig.date=1857-02-28
1857	2	28	9	58	0	0.2	orig=0.2R|orig.time=Noon|orig.date=1857-02-28
1857	2	28	11	58	0	2	orig=1.6R|orig.time=2:00PM|orig.date=1857-02-28
1857	2	28	18	58	0	-2.5	orig=-2R|orig.time=9:00PM|orig.date=1857-02-28
1857	3	1	4	58	0	-4.5	orig=-3.6R|orig.time=7:00AM|orig.date=1857-03-01
1857	3	1	9	58	0	1.6	orig=1.3R|orig.time=Noon|orig.date=1857-03-01
1857	3	1	11	58	0	1.6	orig=1.3R|orig.time=2:00PM|orig.date=1857-03-01
1857	3	1	18	58	0	0	orig=0R|orig.time=9:00PM|orig.date=1857-03-01
1857	3	2	4	58	0	-1.5	orig=-1.2R|orig.time=7:00AM|orig.date=1857-03-02
1857	3	2	9	58	0	0	orig=0R|orig.time=Noon|orig.date=1857-03-02
1857	3	2	11	58	0	-0.6	orig=-0.5R|orig.time=2:00PM|orig.date=1857-03-02
1857	3	2	18	58	0	-3.1	orig=-2.5R|orig.time=9:00PM|orig.date=1857-03-02
1857	3	3	4	58	0	-8.6	orig=-6.9R|orig.time=7:00AM|orig.date=1857-03-03
1857	3	3	9	58	0	-5.8	orig=-4.6R|orig.time=Noon|orig.date=1857-03-03
1857	3	3	11	58	0	-3.8	orig=-3R|orig.time=2:00PM|orig.date=1857-03-03
1857	3	3	18	58	0	-8.1	orig=-6.5R|orig.time=9:00PM|orig.date=1857-03-03
1857	3	4	4	58	0	-8.1	orig=-6.5R|orig.time=7:00AM|orig.date=1857-03-04
1857	3	4	9	58	0	-0.2	orig=-0.2R|orig.time=Noon|orig.date=1857-03-04
1857	3	4	11	58	0	1	orig=0.8R|orig.time=2:00PM|orig.date=1857-03-04
1857	3	4	18	58	0	-3.8	orig=-3R|orig.time=9:00PM|orig.date=1857-03-04
1857	3	5	4	58	0	-6.8	orig=-5.4R|orig.time=7:00AM|orig.date=1857-03-05
1857	3	5	9	58	0	1.8	orig=1.4R|orig.time=Noon|orig.date=1857-03-05
1857	3	5	11	58	0	2.4	orig=1.9R|orig.time=2:00PM|orig.date=1857-03-05
1857	3	5	18	58	0	-2.9	orig=-2.3R|orig.time=9:00PM|orig.date=1857-03-05
1857	3	6	4	58	0	-4.4	orig=-3.5R|orig.time=7:00AM|orig.date=1857-03-06
1857	3	6	9	58	0	2.5	orig=2R|orig.time=Noon|orig.date=1857-03-06
1857	3	6	11	58	0	2.8	orig=2.2R|orig.time=2:00PM|orig.date=1857-03-06
1857	3	6	18	58	0	-2	orig=-1.6R|orig.time=9:00PM|orig.date=1857-03-06
1857	3	7	4	58	0	-5.5	orig=-4.4R|orig.time=7:00AM|orig.date=1857-03-07
1857	3	7	9	58	0	5	orig=4R|orig.time=Noon|orig.date=1857-03-07
1857	3	7	11	58	0	4.5	orig=3.6R|orig.time=2:00PM|orig.date=1857-03-07
1857	3	7	18	58	0	0	orig=0R|orig.time=9:00PM|orig.date=1857-03-07
1857	3	8	4	58	0	0.5	orig=0.4R|orig.time=7:00AM|orig.date=1857-03-08
1857	3	8	9	58	0	4.5	orig=3.6R|orig.time=Noon|orig.date=1857-03-08
1857	3	8	11	58	0	4.6	orig=3.7R|orig.time=2:00PM|orig.date=1857-03-08
1857	3	8	18	58	0	0.5	orig=0.4R|orig.time=9:00PM|orig.date=1857-03-08
1857	3	9	4	58	0	1.4	orig=1.1R|orig.time=7:00AM|orig.date=1857-03-09
1857	3	9	9	58	0	7	orig=5.6R|orig.time=Noon|orig.date=1857-03-09
1857	3	9	11	58	0	7.1	orig=5.7R|orig.time=2:00PM|orig.date=1857-03-09
1857	3	9	18	58	0	3	orig=2.4R|orig.time=9:00PM|orig.date=1857-03-09
1857	3	10	4	58	0	2	orig=1.6R|orig.time=7:00AM|orig.date=1857-03-10
1857	3	10	9	58	0	5.5	orig=4.4R|orig.time=Noon|orig.date=1857-03-10
1857	3	10	11	58	0	6	orig=4.8R|orig.time=2:00PM|orig.date=1857-03-10
1857	3	10	18	58	0	3	orig=2.4R|orig.time=9:00PM|orig.date=1857-03-10
1857	3	11	4	58	0	1.4	orig=1.1R|orig.time=7:00AM|orig.date=1857-03-11
1857	3	11	9	58	0	4.8	orig=3.8R|orig.time=Noon|orig.date=1857-03-11
1857	3	11	11	58	0	8.8	orig=7R|orig.time=2:00PM|orig.date=1857-03-11
1857	3	11	18	58	0	5.9	orig=4.7R|orig.time=9:00PM|orig.date=1857-03-11
1857	3	12	4	58	0	5.5	orig=4.4R|orig.time=7:00AM|orig.date=1857-03-12
1857	3	12	9	58	0	7	orig=5.6R|orig.time=Noon|orig.date=1857-03-12
1857	3	12	11	58	0	7.1	orig=5.7R|orig.time=2:00PM|orig.date=1857-03-12
1857	3	12	18	58	0	5	orig=4R|orig.time=9:00PM|orig.date=1857-03-12
1857	3	13	4	58	0	1	orig=0.8R|orig.time=7:00AM|orig.date=1857-03-13
1857	3	13	9	58	0	0.4	orig=0.3R|orig.time=Noon|orig.date=1857-03-13
1857	3	13	11	58	0	1.2	orig=1R|orig.time=2:00PM|orig.date=1857-03-13
1857	3	13	18	58	0	-1.8	orig=-1.4R|orig.time=9:00PM|orig.date=1857-03-13
1857	3	14	4	58	0	0.8	orig=0.6R|orig.time=7:00AM|orig.date=1857-03-14
1857	3	14	9	58	0	3.4	orig=2.7R|orig.time=Noon|orig.date=1857-03-14
1857	3	14	11	58	0	3	orig=2.4R|orig.time=2:00PM|orig.date=1857-03-14
1857	3	14	18	58	0	-1.6	orig=-1.3R|orig.time=9:00PM|orig.date=1857-03-14
1857	3	15	4	58	0	-2.8	orig=-2.2R|orig.time=7:00AM|orig.date=1857-03-15
1857	3	15	9	58	0	4.1	orig=3.3R|orig.time=Noon|orig.date=1857-03-15
1857	3	15	11	58	0	3.9	orig=3.1R|orig.time=2:00PM|orig.date=1857-03-15
1857	3	15	18	58	0	-1.9	orig=-1.5R|orig.time=9:00PM|orig.date=1857-03-15
1857	3	16	4	58	0	-2.5	orig=-2R|orig.time=7:00AM|orig.date=1857-03-16
1857	3	16	9	58	0	3.1	orig=2.5R|orig.time=Noon|orig.date=1857-03-16
1857	3	16	11	58	0	3.1	orig=2.5R|orig.time=2:00PM|orig.date=1857-03-16
1857	3	16	18	58	0	0.1	orig=0.1R|orig.time=9:00PM|orig.date=1857-03-16
1857	3	17	4	58	0	-0.9	orig=-0.7R|orig.time=7:00AM|orig.date=1857-03-17
1857	3	17	9	58	0	2.8	orig=2.2R|orig.time=Noon|orig.date=1857-03-17
1857	3	17	11	58	0	3.5	orig=2.8R|orig.time=2:00PM|orig.date=1857-03-17
1857	3	17	18	58	0	0.6	orig=0.5R|orig.time=9:00PM|orig.date=1857-03-17
1857	3	18	4	58	0	-2.8	orig=-2.2R|orig.time=7:00AM|orig.date=1857-03-18
1857	3	18	9	58	0	-1	orig=-0.8R|orig.time=Noon|orig.date=1857-03-18
1857	3	18	11	58	0	-1.8	orig=-1.4R|orig.time=2:00PM|orig.date=1857-03-18
1857	3	18	18	58	0	-4.4	orig=-3.5R|orig.time=9:00PM|orig.date=1857-03-18
1857	3	19	4	58	0	-6	orig=-4.8R|orig.time=7:00AM|orig.date=1857-03-19
1857	3	19	9	58	0	-3.2	orig=-2.6R|orig.time=Noon|orig.date=1857-03-19
1857	3	19	11	58	0	-2	orig=-1.6R|orig.time=2:00PM|orig.date=1857-03-19
1857	3	19	18	58	0	-3.8	orig=-3R|orig.time=9:00PM|orig.date=1857-03-19
1857	3	20	4	58	0	-4.2	orig=-3.4R|orig.time=7:00AM|orig.date=1857-03-20
1857	3	20	9	58	0	-0.1	orig=-0.1R|orig.time=Noon|orig.date=1857-03-20
1857	3	20	11	58	0	-0.1	orig=-0.1R|orig.time=2:00PM|orig.date=1857-03-20
1857	3	20	18	58	0	-2	orig=-1.6R|orig.time=9:00PM|orig.date=1857-03-20
1857	3	21	4	58	0	-3.1	orig=-2.5R|orig.time=7:00AM|orig.date=1857-03-21
1857	3	21	9	58	0	2.2	orig=1.8R|orig.time=Noon|orig.date=1857-03-21
1857	3	21	11	58	0	2.6	orig=2.1R|orig.time=2:00PM|orig.date=1857-03-21
1857	3	21	18	58	0	-0.2	orig=-0.2R|orig.time=9:00PM|orig.date=1857-03-21
1857	3	22	4	58	0	-0.9	orig=-0.7R|orig.time=7:00AM|orig.date=1857-03-22
1857	3	22	9	58	0	2	orig=1.6R|orig.time=Noon|orig.date=1857-03-22
1857	3	22	11	58	0	3.6	orig=2.9R|orig.time=2:00PM|orig.date=1857-03-22
1857	3	22	18	58	0	0	orig=0R|orig.time=9:00PM|orig.date=1857-03-22
1857	3	23	4	58	0	-0.1	orig=-0.1R|orig.time=7:00AM|orig.date=1857-03-23
1857	3	23	9	58	0	3.2	orig=2.6R|orig.time=Noon|orig.date=1857-03-23
1857	3	23	11	58	0	3.1	orig=2.5R|orig.time=2:00PM|orig.date=1857-03-23
1857	3	23	18	58	0	1.1	orig=0.9R|orig.time=9:00PM|orig.date=1857-03-23
1857	3	24	4	58	0	0.9	orig=0.7R|orig.time=7:00AM|orig.date=1857-03-24
1857	3	24	9	58	0	5.8	orig=4.6R|orig.time=Noon|orig.date=1857-03-24
1857	3	24	11	58	0	6.1	orig=4.9R|orig.time=2:00PM|orig.date=1857-03-24
1857	3	24	18	58	0	2.1	orig=1.7R|orig.time=9:00PM|orig.date=1857-03-24
1857	3	25	4	58	0	-0.5	orig=-0.4R|orig.time=7:00AM|orig.date=1857-03-25
1857	3	25	9	58	0	2	orig=1.6R|orig.time=Noon|orig.date=1857-03-25
1857	3	25	11	58	0	1.8	orig=1.4R|orig.time=2:00PM|orig.date=1857-03-25
1857	3	25	18	58	0	-0.9	orig=-0.7R|orig.time=9:00PM|orig.date=1857-03-25
1857	3	26	4	58	0	-1.1	orig=-0.9R|orig.time=7:00AM|orig.date=1857-03-26
1857	3	26	9	58	0	0.6	orig=0.5R|orig.time=Noon|orig.date=1857-03-26
1857	3	26	11	58	0	1.5	orig=1.2R|orig.time=2:00PM|orig.date=1857-03-26
1857	3	26	18	58	0	-0.6	orig=-0.5R|orig.time=9:00PM|orig.date=1857-03-26
1857	3	27	4	58	0	0	orig=0R|orig.time=7:00AM|orig.date=1857-03-27
1857	3	27	9	58	0	2.4	orig=1.9R|orig.time=Noon|orig.date=1857-03-27
1857	3	27	11	58	0	2.6	orig=2.1R|orig.time=2:00PM|orig.date=1857-03-27
1857	3	27	18	58	0	0.4	orig=0.3R|orig.time=9:00PM|orig.date=1857-03-27
1857	3	28	4	58	0	0.1	orig=0.1R|orig.time=7:00AM|orig.date=1857-03-28
1857	3	28	9	58	0	4.4	orig=3.5R|orig.time=Noon|orig.date=1857-03-28
1857	3	28	11	58	0	5	orig=4R|orig.time=2:00PM|orig.date=1857-03-28
1857	3	28	18	58	0	2.5	orig=2R|orig.time=9:00PM|orig.date=1857-03-28
1857	3	29	4	58	0	1.9	orig=1.5R|orig.time=7:00AM|orig.date=1857-03-29
1857	3	29	9	58	0	6.2	orig=5R|orig.time=Noon|orig.date=1857-03-29
1857	3	29	11	58	0	7.5	orig=6R|orig.time=2:00PM|orig.date=1857-03-29
1857	3	29	18	58	0	3.2	orig=2.6R|orig.time=9:00PM|orig.date=1857-03-29
1857	3	30	4	58	0	1.5	orig=1.2R|orig.time=7:00AM|orig.date=1857-03-30
1857	3	30	9	58	0	6.8	orig=5.4R|orig.time=Noon|orig.date=1857-03-30
1857	3	30	11	58	0	8.9	orig=7.1R|orig.time=2:00PM|orig.date=1857-03-30
1857	3	30	18	58	0	4.8	orig=3.8R|orig.time=9:00PM|orig.date=1857-03-30
1857	3	31	4	58	0	3.1	orig=2.5R|orig.time=7:00AM|orig.date=1857-03-31
1857	3	31	9	58	0	10.5	orig=8.4R|orig.time=Noon|orig.date=1857-03-31
1857	3	31	11	58	0	9.6	orig=7.7R|orig.time=2:00PM|orig.date=1857-03-31
1857	3	31	18	58	0	4.9	orig=3.9R|orig.time=9:00PM|orig.date=1857-03-31
1857	4	1	4	58	0	3.8	orig=3R|orig.time=7:00AM|orig.date=1857-04-01
1857	4	1	9	58	0	11.6	orig=9.3R|orig.time=Noon|orig.date=1857-04-01
1857	4	1	11	58	0	10.6	orig=8.5R|orig.time=2:00PM|orig.date=1857-04-01
1857	4	1	18	58	0	4.1	orig=3.3R|orig.time=9:00PM|orig.date=1857-04-01
1857	4	2	4	58	0	4	orig=3.2R|orig.time=7:00AM|orig.date=1857-04-02
1857	4	2	9	58	0	10.9	orig=8.7R|orig.time=Noon|orig.date=1857-04-02
1857	4	2	11	58	0	13.1	orig=10.5R|orig.time=2:00PM|orig.date=1857-04-02
1857	4	2	18	58	0	7.1	orig=5.7R|orig.time=9:00PM|orig.date=1857-04-02
1857	4	3	4	58	0	4.1	orig=3.3R|orig.time=7:00AM|orig.date=1857-04-03
1857	4	3	9	58	0	10.6	orig=8.5R|orig.time=Noon|orig.date=1857-04-03
1857	4	3	11	58	0	12.1	orig=9.7R|orig.time=2:00PM|orig.date=1857-04-03
1857	4	3	18	58	0	7.1	orig=5.7R|orig.time=9:00PM|orig.date=1857-04-03
1857	4	4	4	58	0	6	orig=4.8R|orig.time=7:00AM|orig.date=1857-04-04
1857	4	4	9	58	0	12.9	orig=10.3R|orig.time=Noon|orig.date=1857-04-04
1857	4	4	11	58	0	11.8	orig=9.4R|orig.time=2:00PM|orig.date=1857-04-04
1857	4	4	18	58	0	8.1	orig=6.5R|orig.time=9:00PM|orig.date=1857-04-04
1857	4	5	4	58	0	6.1	orig=4.9R|orig.time=7:00AM|orig.date=1857-04-05
1857	4	5	9	58	0	15	orig=12R|orig.time=Noon|orig.date=1857-04-05
1857	4	5	11	58	0	13.2	orig=10.6R|orig.time=2:00PM|orig.date=1857-04-05
1857	4	5	18	58	0	9.1	orig=7.3R|orig.time=9:00PM|orig.date=1857-04-05
1857	4	6	4	58	0	7.9	orig=6.3R|orig.time=7:00AM|orig.date=1857-04-06
1857	4	6	9	58	0	15.4	orig=12.3R|orig.time=Noon|orig.date=1857-04-06
1857	4	6	11	58	0	15.8	orig=12.6R|orig.time=2:00PM|orig.date=1857-04-06
1857	4	6	18	58	0	10.5	orig=8.4R|orig.time=9:00PM|orig.date=1857-04-06
1857	4	7	4	58	0	7.4	orig=5.9R|orig.time=7:00AM|orig.date=1857-04-07
1857	4	7	9	58	0	12	orig=9.6R|orig.time=Noon|orig.date=1857-04-07
1857	4	7	11	58	0	13.4	orig=10.7R|orig.time=2:00PM|orig.date=1857-04-07
1857	4	7	18	58	0	7.9	orig=6.3R|orig.time=9:00PM|orig.date=1857-04-07
1857	4	8	4	58	0	6.2	orig=5R|orig.time=7:00AM|orig.date=1857-04-08
1857	4	8	9	58	0	12.9	orig=10.3R|orig.time=Noon|orig.date=1857-04-08
1857	4	8	11	58	0	13	orig=10.4R|orig.time=2:00PM|orig.date=1857-04-08
1857	4	8	18	58	0	9.4	orig=7.5R|orig.time=9:00PM|orig.date=1857-04-08
1857	4	9	4	58	0	4.5	orig=3.6R|orig.time=7:00AM|orig.date=1857-04-09
1857	4	9	9	58	0	9	orig=7.2R|orig.time=Noon|orig.date=1857-04-09
1857	4	9	11	58	0	8.6	orig=6.9R|orig.time=2:00PM|orig.date=1857-04-09
1857	4	9	18	58	0	6	orig=4.8R|orig.time=9:00PM|orig.date=1857-04-09
1857	4	10	4	58	0	6.5	orig=5.2R|orig.time=7:00AM|orig.date=1857-04-10
1857	4	10	9	58	0	9.2	orig=7.4R|orig.time=Noon|orig.date=1857-04-10
1857	4	10	11	58	0	11.5	orig=9.2R|orig.time=2:00PM|orig.date=1857-04-10
1857	4	10	18	58	0	7	orig=5.6R|orig.time=9:00PM|orig.date=1857-04-10
1857	4	11	4	58	0	5.6	orig=4.5R|orig.time=7:00AM|orig.date=1857-04-11
1857	4	11	9	58	0	11.5	orig=9.2R|orig.time=Noon|orig.date=1857-04-11
1857	4	11	11	58	0	12.8	orig=10.2R|orig.time=2:00PM|orig.date=1857-04-11
1857	4	11	18	58	0	8.8	orig=7R|orig.time=9:00PM|orig.date=1857-04-11
1857	4	12	4	58	0	5.8	orig=4.6R|orig.time=7:00AM|orig.date=1857-04-12
1857	4	12	9	58	0	9.5	orig=7.6R|orig.time=Noon|orig.date=1857-04-12
1857	4	12	11	58	0	9.9	orig=7.9R|orig.time=2:00PM|orig.date=1857-04-12
1857	4	12	18	58	0	10.8	orig=8.6R|orig.time=9:00PM|orig.date=1857-04-12
1857	4	13	4	58	0	7.5	orig=6R|orig.time=7:00AM|orig.date=1857-04-13
1857	4	13	9	58	0	14.2	orig=11.4R|orig.time=Noon|orig.date=1857-04-13
1857	4	13	11	58	0	17	orig=13.6R|orig.time=2:00PM|orig.date=1857-04-13
1857	4	13	18	58	0	13.4	orig=10.7R|orig.time=9:00PM|orig.date=1857-04-13
1857	4	14	4	58	0	9	orig=7.2R|orig.time=7:00AM|orig.date=1857-04-14
1857	4	14	9	58	0	13.2	orig=10.6R|orig.time=Noon|orig.date=1857-04-14
1857	4	14	11	58	0	15.4	orig=12.3R|orig.time=2:00PM|orig.date=1857-04-14
1857	4	14	18	58	0	13.5	orig=10.8R|orig.time=9:00PM|orig.date=1857-04-14
1857	4	15	4	58	0	10.8	orig=8.6R|orig.time=7:00AM|orig.date=1857-04-15
1857	4	15	9	58	0	18.8	orig=15R|orig.time=Noon|orig.date=1857-04-15
1857	4	15	11	58	0	20.9	orig=16.7R|orig.time=2:00PM|orig.date=1857-04-15
1857	4	15	18	58	0	16.2	orig=13R|orig.time=9:00PM|orig.date=1857-04-15
1857	4	16	4	58	0	10.8	orig=8.6R|orig.time=7:00AM|orig.date=1857-04-16
1857	4	16	9	58	0	17.6	orig=14.1R|orig.time=Noon|orig.date=1857-04-16
1857	4	16	11	58	0	19.6	orig=15.7R|orig.time=2:00PM|orig.date=1857-04-16
1857	4	16	18	58	0	13.8	orig=11R|orig.time=9:00PM|orig.date=1857-04-16
1857	4	17	4	58	0	13.2	orig=10.6R|orig.time=7:00AM|orig.date=1857-04-17
1857	4	17	9	58	0	19	orig=15.2R|orig.time=Noon|orig.date=1857-04-17
1857	4	17	11	58	0	20.9	orig=16.7R|orig.time=2:00PM|orig.date=1857-04-17
1857	4	17	18	58	0	14.2	orig=11.4R|orig.time=9:00PM|orig.date=1857-04-17
1857	4	18	4	58	0	14.8	orig=11.8R|orig.time=7:00AM|orig.date=1857-04-18
1857	4	18	9	58	0	20	orig=16R|orig.time=Noon|orig.date=1857-04-18
1857	4	18	11	58	0	20.6	orig=16.5R|orig.time=2:00PM|orig.date=1857-04-18
1857	4	18	18	58	0	8.5	orig=6.8R|orig.time=9:00PM|orig.date=1857-04-18
1857	4	19	4	58	0	5.4	orig=4.3R|orig.time=7:00AM|orig.date=1857-04-19
1857	4	19	9	58	0	9.9	orig=7.9R|orig.time=Noon|orig.date=1857-04-19
1857	4	19	11	58	0	10.5	orig=8.4R|orig.time=2:00PM|orig.date=1857-04-19
1857	4	19	18	58	0	7.6	orig=6.1R|orig.time=9:00PM|orig.date=1857-04-19
1857	4	20	4	58	0	5.9	orig=4.7R|orig.time=7:00AM|orig.date=1857-04-20
1857	4	20	9	58	0	9.5	orig=7.6R|orig.time=Noon|orig.date=1857-04-20
1857	4	20	11	58	0	9.9	orig=7.9R|orig.time=2:00PM|orig.date=1857-04-20
1857	4	20	18	58	0	4.1	orig=3.3R|orig.time=9:00PM|orig.date=1857-04-20
1857	4	21	4	58	0	4.4	orig=3.5R|orig.time=7:00AM|orig.date=1857-04-21
1857	4	21	9	58	0	10.6	orig=8.5R|orig.time=Noon|orig.date=1857-04-21
1857	4	21	11	58	0	13.4	orig=10.7R|orig.time=2:00PM|orig.date=1857-04-21
1857	4	21	18	58	0	12	orig=9.6R|orig.time=9:00PM|orig.date=1857-04-21
1857	4	22	4	58	0	7	orig=5.6R|orig.time=7:00AM|orig.date=1857-04-22
1857	4	22	9	58	0	6.8	orig=5.4R|orig.time=Noon|orig.date=1857-04-22
1857	4	22	11	58	0	9.6	orig=7.7R|orig.time=2:00PM|orig.date=1857-04-22
1857	4	22	18	58	0	5.5	orig=4.4R|orig.time=9:00PM|orig.date=1857-04-22
1857	4	23	4	58	0	5.8	orig=4.6R|orig.time=7:00AM|orig.date=1857-04-23
1857	4	23	9	58	0	9.2	orig=7.4R|orig.time=Noon|orig.date=1857-04-23
1857	4	23	11	58	0	8.6	orig=6.9R|orig.time=2:00PM|orig.date=1857-04-23
1857	4	23	18	58	0	6.4	orig=5.1R|orig.time=9:00PM|orig.date=1857-04-23
1857	4	24	4	58	0	4.5	orig=3.6R|orig.time=7:00AM|orig.date=1857-04-24
1857	4	24	9	58	0	4.9	orig=3.9R|orig.time=Noon|orig.date=1857-04-24
1857	4	24	11	58	0	5.5	orig=4.4R|orig.time=2:00PM|orig.date=1857-04-24
1857	4	24	18	58	0	4	orig=3.2R|orig.time=9:00PM|orig.date=1857-04-24
1857	4	25	4	58	0	3.1	orig=2.5R|orig.time=7:00AM|orig.date=1857-04-25
1857	4	25	9	58	0	6.2	orig=5R|orig.time=Noon|orig.date=1857-04-25
1857	4	25	11	58	0	7.8	orig=6.2R|orig.time=2:00PM|orig.date=1857-04-25
1857	4	25	18	58	0	10.4	orig=8.3R|orig.time=9:00PM|orig.date=1857-04-25
1857	4	26	4	58	0	7.9	orig=6.3R|orig.time=7:00AM|orig.date=1857-04-26
1857	4	26	9	58	0	11.8	orig=9.4R|orig.time=Noon|orig.date=1857-04-26
1857	4	26	11	58	0	13	orig=10.4R|orig.time=2:00PM|orig.date=1857-04-26
1857	4	26	18	58	0	10.2	orig=8.2R|orig.time=9:00PM|orig.date=1857-04-26
1857	4	27	4	58	0	8.4	orig=6.7R|orig.time=7:00AM|orig.date=1857-04-27
1857	4	27	9	58	0	14.8	orig=11.8R|orig.time=Noon|orig.date=1857-04-27
1857	4	27	11	58	0	14.5	orig=11.6R|orig.time=2:00PM|orig.date=1857-04-27
1857	4	27	18	58	0	10.6	orig=8.5R|orig.time=9:00PM|orig.date=1857-04-27
1857	4	28	4	58	0	13	orig=10.4R|orig.time=7:00AM|orig.date=1857-04-28
1857	4	28	9	58	0	17.8	orig=14.2R|orig.time=Noon|orig.date=1857-04-28
1857	4	28	11	58	0	19.4	orig=15.5R|orig.time=2:00PM|orig.date=1857-04-28
1857	4	28	18	58	0	16.2	orig=13R|orig.time=9:00PM|orig.date=1857-04-28
1857	4	29	4	58	0	16.4	orig=13.1R|orig.time=7:00AM|orig.date=1857-04-29
1857	4	29	9	58	0	18.1	orig=14.5R|orig.time=Noon|orig.date=1857-04-29
1857	4	29	11	58	0	18.1	orig=14.5R|orig.time=2:00PM|orig.date=1857-04-29
1857	4	29	18	58	0	18.1	orig=14.5R|orig.time=9:00PM|orig.date=1857-04-29
1857	4	30	4	58	0	14.2	orig=11.4R|orig.time=7:00AM|orig.date=1857-04-30
1857	4	30	9	58	0	20.6	orig=16.5R|orig.time=Noon|orig.date=1857-04-30
1857	4	30	11	58	0	20.8	orig=16.6R|orig.time=2:00PM|orig.date=1857-04-30
1857	4	30	18	58	0	17.6	orig=14.1R|orig.time=9:00PM|orig.date=1857-04-30
1857	5	1	4	58	0	16.6	orig=13.3R|orig.time=7:00AM|orig.date=1857-05-01
1857	5	1	9	58	0	19.6	orig=15.7R|orig.time=Noon|orig.date=1857-05-01
1857	5	1	11	58	0	20.8	orig=16.6R|orig.time=2:00PM|orig.date=1857-05-01
1857	5	1	18	58	0	15.2	orig=12.2R|orig.time=9:00PM|orig.date=1857-05-01
1857	5	2	4	58	0	9.5	orig=7.6R|orig.time=7:00AM|orig.date=1857-05-02
1857	5	2	9	58	0	9.6	orig=7.7R|orig.time=Noon|orig.date=1857-05-02
1857	5	2	11	58	0	9.9	orig=7.9R|orig.time=2:00PM|orig.date=1857-05-02
1857	5	2	18	58	0	8.8	orig=7R|orig.time=9:00PM|orig.date=1857-05-02
1857	5	3	4	58	0	8.6	orig=6.9R|orig.time=7:00AM|orig.date=1857-05-03
1857	5	3	9	58	0	15.4	orig=12.3R|orig.time=Noon|orig.date=1857-05-03
1857	5	3	11	58	0	16.8	orig=13.4R|orig.time=2:00PM|orig.date=1857-05-03
1857	5	3	18	58	0	11.8	orig=9.4R|orig.time=9:00PM|orig.date=1857-05-03
1857	5	4	4	58	0	8.9	orig=7.1R|orig.time=7:00AM|orig.date=1857-05-04
1857	5	4	9	58	0	11.5	orig=9.2R|orig.time=Noon|orig.date=1857-05-04
1857	5	4	11	58	0	11	orig=8.8R|orig.time=2:00PM|orig.date=1857-05-04
1857	5	4	18	58	0	7.9	orig=6.3R|orig.time=9:00PM|orig.date=1857-05-04
1857	5	5	4	58	0	11.6	orig=9.3R|orig.time=7:00AM|orig.date=1857-05-05
1857	5	5	9	58	0	16	orig=12.8R|orig.time=Noon|orig.date=1857-05-05
1857	5	5	11	58	0	16.9	orig=13.5R|orig.time=2:00PM|orig.date=1857-05-05
1857	5	5	18	58	0	13.4	orig=10.7R|orig.time=9:00PM|orig.date=1857-05-05
1857	5	6	4	58	0	14.4	orig=11.5R|orig.time=7:00AM|orig.date=1857-05-06
1857	5	6	9	58	0	19.4	orig=15.5R|orig.time=Noon|orig.date=1857-05-06
1857	5	6	11	58	0	21	orig=16.8R|orig.time=2:00PM|orig.date=1857-05-06
1857	5	6	18	58	0	15.8	orig=12.6R|orig.time=9:00PM|orig.date=1857-05-06
1857	5	7	4	58	0	16.2	orig=13R|orig.time=7:00AM|orig.date=1857-05-07
1857	5	7	9	58	0	20.6	orig=16.5R|orig.time=Noon|orig.date=1857-05-07
1857	5	7	11	58	0	21	orig=16.8R|orig.time=2:00PM|orig.date=1857-05-07
1857	5	7	18	58	0	17.2	orig=13.8R|orig.time=9:00PM|orig.date=1857-05-07
1857	5	8	4	58	0	13.5	orig=10.8R|orig.time=7:00AM|orig.date=1857-05-08
1857	5	8	9	58	0	16.8	orig=13.4R|orig.time=Noon|orig.date=1857-05-08
1857	5	8	11	58	0	16.6	orig=13.3R|orig.time=2:00PM|orig.date=1857-05-08
1857	5	8	18	58	0	14.4	orig=11.5R|orig.time=9:00PM|orig.date=1857-05-08
1857	5	9	4	58	0	13	orig=10.4R|orig.time=7:00AM|orig.date=1857-05-09
1857	5	9	9	58	0	15.6	orig=12.5R|orig.time=Noon|orig.date=1857-05-09
1857	5	9	11	58	0	15.5	orig=12.4R|orig.time=2:00PM|orig.date=1857-05-09
1857	5	9	18	58	0	13	orig=10.4R|orig.time=9:00PM|orig.date=1857-05-09
1857	5	10	4	58	0	10.1	orig=8.1R|orig.time=7:00AM|orig.date=1857-05-10
1857	5	10	9	58	0	12.2	orig=9.8R|orig.time=Noon|orig.date=1857-05-10
1857	5	10	11	58	0	12.9	orig=10.3R|orig.time=2:00PM|orig.date=1857-05-10
1857	5	10	18	58	0	11.9	orig=9.5R|orig.time=9:00PM|orig.date=1857-05-10
1857	5	11	4	58	0	10.9	orig=8.7R|orig.time=7:00AM|orig.date=1857-05-11
1857	5	11	9	58	0	13.2	orig=10.6R|orig.time=Noon|orig.date=1857-05-11
1857	5	11	11	58	0	14.5	orig=11.6R|orig.time=2:00PM|orig.date=1857-05-11
1857	5	11	18	58	0	11.4	orig=9.1R|orig.time=9:00PM|orig.date=1857-05-11
1857	5	12	4	58	0	14.8	orig=11.8R|orig.time=7:00AM|orig.date=1857-05-12
1857	5	12	9	58	0	15.8	orig=12.6R|orig.time=Noon|orig.date=1857-05-12
1857	5	12	11	58	0	16.8	orig=13.4R|orig.time=2:00PM|orig.date=1857-05-12
1857	5	12	18	58	0	13.8	orig=11R|orig.time=9:00PM|orig.date=1857-05-12
1857	5	13	4	58	0	12.6	orig=10.1R|orig.time=7:00AM|orig.date=1857-05-13
1857	5	13	9	58	0	16.6	orig=13.3R|orig.time=Noon|orig.date=1857-05-13
1857	5	13	11	58	0	16.9	orig=13.5R|orig.time=2:00PM|orig.date=1857-05-13
1857	5	13	18	58	0	13.8	orig=11R|orig.time=9:00PM|orig.date=1857-05-13
1857	5	14	4	58	0	15	orig=12R|orig.time=7:00AM|orig.date=1857-05-14
1857	5	14	9	58	0	21.9	orig=17.5R|orig.time=Noon|orig.date=1857-05-14
1857	5	14	11	58	0	20.9	orig=16.7R|orig.time=2:00PM|orig.date=1857-05-14
1857	5	14	18	58	0	13.2	orig=10.6R|orig.time=9:00PM|orig.date=1857-05-14
1857	5	15	4	58	0	9	orig=7.2R|orig.time=7:00AM|orig.date=1857-05-15
1857	5	15	9	58	0	13.6	orig=10.9R|orig.time=Noon|orig.date=1857-05-15
1857	5	15	11	58	0	16.1	orig=12.9R|orig.time=2:00PM|orig.date=1857-05-15
1857	5	15	18	58	0	11.8	orig=9.4R|orig.time=9:00PM|orig.date=1857-05-15
1857	5	16	4	58	0	5.8	orig=4.6R|orig.time=7:00AM|orig.date=1857-05-16
1857	5	16	9	58	0	8.4	orig=6.7R|orig.time=Noon|orig.date=1857-05-16
1857	5	16	11	58	0	8.8	orig=7R|orig.time=2:00PM|orig.date=1857-05-16
1857	5	16	18	58	0	7	orig=5.6R|orig.time=9:00PM|orig.date=1857-05-16
1857	5	17	4	58	0	8.5	orig=6.8R|orig.time=7:00AM|orig.date=1857-05-17
1857	5	17	9	58	0	12.1	orig=9.7R|orig.time=Noon|orig.date=1857-05-17
1857	5	17	11	58	0	13	orig=10.4R|orig.time=2:00PM|orig.date=1857-05-17
1857	5	17	18	58	0	9.4	orig=7.5R|orig.time=9:00PM|orig.date=1857-05-17
1857	5	18	4	58	0	7.6	orig=6.1R|orig.time=7:00AM|orig.date=1857-05-18
1857	5	18	9	58	0	9.6	orig=7.7R|orig.time=Noon|orig.date=1857-05-18
1857	5	18	11	58	0	10.6	orig=8.5R|orig.time=2:00PM|orig.date=1857-05-18
1857	5	18	18	58	0	8.8	orig=7R|orig.time=9:00PM|orig.date=1857-05-18
1857	5	19	4	58	0	13.6	orig=10.9R|orig.time=7:00AM|orig.date=1857-05-19
1857	5	19	9	58	0	16.2	orig=13R|orig.time=Noon|orig.date=1857-05-19
1857	5	19	11	58	0	17	orig=13.6R|orig.time=2:00PM|orig.date=1857-05-19
1857	5	19	18	58	0	10.8	orig=8.6R|orig.time=9:00PM|orig.date=1857-05-19
1857	5	20	4	58	0	9.8	orig=7.8R|orig.time=7:00AM|orig.date=1857-05-20
1857	5	20	9	58	0	12.9	orig=10.3R|orig.time=Noon|orig.date=1857-05-20
1857	5	20	11	58	0	14.1	orig=11.3R|orig.time=2:00PM|orig.date=1857-05-20
1857	5	20	18	58	0	11.9	orig=9.5R|orig.time=9:00PM|orig.date=1857-05-20
1857	5	21	4	58	0	16.4	orig=13.1R|orig.time=7:00AM|orig.date=1857-05-21
1857	5	21	9	58	0	18.1	orig=14.5R|orig.time=Noon|orig.date=1857-05-21
1857	5	21	11	58	0	17.6	orig=14.1R|orig.time=2:00PM|orig.date=1857-05-21
1857	5	21	18	58	0	15	orig=12R|orig.time=9:00PM|orig.date=1857-05-21
1857	5	22	4	58	0	18.9	orig=15.1R|orig.time=7:00AM|orig.date=1857-05-22
1857	5	22	9	58	0	19.6	orig=15.7R|orig.time=Noon|orig.date=1857-05-22
1857	5	22	11	58	0	21.1	orig=16.9R|orig.time=2:00PM|orig.date=1857-05-22
1857	5	22	18	58	0	16.8	orig=13.4R|orig.time=9:00PM|orig.date=1857-05-22
1857	5	23	4	58	0	17.8	orig=14.2R|orig.time=7:00AM|orig.date=1857-05-23
1857	5	23	9	58	0	22.8	orig=18.2R|orig.time=Noon|orig.date=1857-05-23
1857	5	23	11	58	0	24.1	orig=19.3R|orig.time=2:00PM|orig.date=1857-05-23
1857	5	23	18	58	0	20.2	orig=16.2R|orig.time=9:00PM|orig.date=1857-05-23
1857	5	24	4	58	0	18.9	orig=15.1R|orig.time=7:00AM|orig.date=1857-05-24
1857	5	24	9	58	0	24.6	orig=19.7R|orig.time=Noon|orig.date=1857-05-24
1857	5	24	11	58	0	24.6	orig=19.7R|orig.time=2:00PM|orig.date=1857-05-24
1857	5	24	18	58	0	16.8	orig=13.4R|orig.time=9:00PM|orig.date=1857-05-24
1857	5	25	4	58	0	19.4	orig=15.5R|orig.time=7:00AM|orig.date=1857-05-25
1857	5	25	9	58	0	26.8	orig=21.4R|orig.time=Noon|orig.date=1857-05-25
1857	5	25	11	58	0	27.8	orig=22.2R|orig.time=2:00PM|orig.date=1857-05-25
1857	5	25	18	58	0	19.2	orig=15.4R|orig.time=9:00PM|orig.date=1857-05-25
1857	5	26	4	58	0	20.8	orig=16.6R|orig.time=7:00AM|orig.date=1857-05-26
1857	5	26	9	58	0	24.2	orig=19.4R|orig.time=Noon|orig.date=1857-05-26
1857	5	26	11	58	0	20.8	orig=16.6R|orig.time=2:00PM|orig.date=1857-05-26
1857	5	26	18	58	0	16.6	orig=13.3R|orig.time=9:00PM|orig.date=1857-05-26
1857	5	27	4	58	0	18.1	orig=14.5R|orig.time=7:00AM|orig.date=1857-05-27
1857	5	27	9	58	0	11.1	orig=8.9R|orig.time=Noon|orig.date=1857-05-27
1857	5	27	11	58	0	9.2	orig=7.4R|orig.time=2:00PM|orig.date=1857-05-27
1857	5	27	18	58	0	7.9	orig=6.3R|orig.time=9:00PM|orig.date=1857-05-27
1857	5	28	4	58	0	8	orig=6.4R|orig.time=7:00AM|orig.date=1857-05-28
1857	5	28	9	58	0	11.8	orig=9.4R|orig.time=Noon|orig.date=1857-05-28
1857	5	28	11	58	0	13.1	orig=10.5R|orig.time=2:00PM|orig.date=1857-05-28
1857	5	28	18	58	0	11.9	orig=9.5R|orig.time=9:00PM|orig.date=1857-05-28
1857	5	29	4	58	0	14.8	orig=11.8R|orig.time=7:00AM|orig.date=1857-05-29
1857	5	29	9	58	0	16.8	orig=13.4R|orig.time=Noon|orig.date=1857-05-29
1857	5	29	11	58	0	18.1	orig=14.5R|orig.time=2:00PM|orig.date=1857-05-29
1857	5	29	18	58	0	15.2	orig=12.2R|orig.time=9:00PM|orig.date=1857-05-29
1857	5	30	4	58	0	17.4	orig=13.9R|orig.time=7:00AM|orig.date=1857-05-30
1857	5	30	9	58	0	21	orig=16.8R|orig.time=Noon|orig.date=1857-05-30
1857	5	30	11	58	0	22	orig=17.6R|orig.time=2:00PM|orig.date=1857-05-30
1857	5	30	18	58	0	17.5	orig=14R|orig.time=9:00PM|orig.date=1857-05-30
1857	5	31	4	58	0	18.1	orig=14.5R|orig.time=7:00AM|orig.date=1857-05-31
1857	5	31	9	58	0	21.4	orig=17.1R|orig.time=Noon|orig.date=1857-05-31
1857	5	31	11	58	0	21.1	orig=16.9R|orig.time=2:00PM|orig.date=1857-05-31
1857	5	31	18	58	0	16.1	orig=12.9R|orig.time=9:00PM|orig.date=1857-05-31
1857	6	1	4	58	0	15.5	orig=12.4R|orig.time=7:00AM|orig.date=1857-06-01
1857	6	1	9	58	0	17	orig=13.6R|orig.time=Noon|orig.date=1857-06-01
1857	6	1	11	58	0	19.8	orig=15.8R|orig.time=2:00PM|orig.date=1857-06-01
1857	6	1	18	58	0	17	orig=13.6R|orig.time=9:00PM|orig.date=1857-06-01
1857	6	2	4	58	0	16.1	orig=12.9R|orig.time=7:00AM|orig.date=1857-06-02
1857	6	2	9	58	0	23.9	orig=19.1R|orig.time=Noon|orig.date=1857-06-02
1857	6	2	11	58	0	20.1	orig=16.1R|orig.time=2:00PM|orig.date=1857-06-02
1857	6	2	18	58	0	17.5	orig=14R|orig.time=9:00PM|orig.date=1857-06-02
1857	6	3	4	58	0	14.9	orig=11.9R|orig.time=7:00AM|orig.date=1857-06-03
1857	6	3	9	58	0	19.8	orig=15.8R|orig.time=Noon|orig.date=1857-06-03
1857	6	3	11	58	0	21	orig=16.8R|orig.time=2:00PM|orig.date=1857-06-03
1857	6	3	18	58	0	16.6	orig=13.3R|orig.time=9:00PM|orig.date=1857-06-03
1857	6	4	4	58	0	14.9	orig=11.9R|orig.time=7:00AM|orig.date=1857-06-04
1857	6	4	9	58	0	18.1	orig=14.5R|orig.time=Noon|orig.date=1857-06-04
1857	6	4	11	58	0	20	orig=16R|orig.time=2:00PM|orig.date=1857-06-04
1857	6	4	18	58	0	17.1	orig=13.7R|orig.time=9:00PM|orig.date=1857-06-04
1857	6	5	4	58	0	16.9	orig=13.5R|orig.time=7:00AM|orig.date=1857-06-05
1857	6	5	9	58	0	20.5	orig=16.4R|orig.time=Noon|orig.date=1857-06-05
1857	6	5	11	58	0	22	orig=17.6R|orig.time=2:00PM|orig.date=1857-06-05
1857	6	5	18	58	0	18.1	orig=14.5R|orig.time=9:00PM|orig.date=1857-06-05
1857	6	6	4	58	0	16.9	orig=13.5R|orig.time=7:00AM|orig.date=1857-06-06
1857	6	6	9	58	0	21.8	orig=17.4R|orig.time=Noon|orig.date=1857-06-06
1857	6	6	11	58	0	22	orig=17.6R|orig.time=2:00PM|orig.date=1857-06-06
1857	6	6	18	58	0	19.2	orig=15.4R|orig.time=9:00PM|orig.date=1857-06-06
1857	6	7	4	58	0	17.8	orig=14.2R|orig.time=7:00AM|orig.date=1857-06-07
1857	6	7	9	58	0	23.5	orig=18.8R|orig.time=Noon|orig.date=1857-06-07
1857	6	7	11	58	0	27.2	orig=21.8R|orig.time=2:00PM|orig.date=1857-06-07
1857	6	7	18	58	0	19.6	orig=15.7R|orig.time=9:00PM|orig.date=1857-06-07
1857	6	8	4	58	0	19.6	orig=15.7R|orig.time=7:00AM|orig.date=1857-06-08
1857	6	8	9	58	0	24.6	orig=19.7R|orig.time=Noon|orig.date=1857-06-08
1857	6	8	11	58	0	24.8	orig=19.8R|orig.time=2:00PM|orig.date=1857-06-08
1857	6	8	18	58	0	19.1	orig=15.3R|orig.time=9:00PM|orig.date=1857-06-08
1857	6	9	4	58	0	14.2	orig=11.4R|orig.time=7:00AM|orig.date=1857-06-09
1857	6	9	9	58	0	20.4	orig=16.3R|orig.time=Noon|orig.date=1857-06-09
1857	6	9	11	58	0	21.8	orig=17.4R|orig.time=2:00PM|orig.date=1857-06-09
1857	6	9	18	58	0	19.4	orig=15.5R|orig.time=9:00PM|orig.date=1857-06-09
1857	6	10	4	58	0	21	orig=16.8R|orig.time=7:00AM|orig.date=1857-06-10
1857	6	10	9	58	0	26.1	orig=20.9R|orig.time=Noon|orig.date=1857-06-10
1857	6	10	11	58	0	27.8	orig=22.2R|orig.time=2:00PM|orig.date=1857-06-10
1857	6	10	18	58	0	22.2	orig=17.8R|orig.time=9:00PM|orig.date=1857-06-10
1857	6	11	4	58	0	22.4	orig=17.9R|orig.time=7:00AM|orig.date=1857-06-11
1857	6	11	9	58	0	28.9	orig=23.1R|orig.time=Noon|orig.date=1857-06-11
1857	6	11	11	58	0	29.5	orig=23.6R|orig.time=2:00PM|orig.date=1857-06-11
1857	6	11	18	58	0	23.9	orig=19.1R|orig.time=9:00PM|orig.date=1857-06-11
1857	6	12	4	58	0	25.9	orig=20.7R|orig.time=7:00AM|orig.date=1857-06-12
1857	6	12	9	58	0	27.9	orig=22.3R|orig.time=Noon|orig.date=1857-06-12
1857	6	12	11	58	0	29.1	orig=23.3R|orig.time=2:00PM|orig.date=1857-06-12
1857	6	12	18	58	0	24.6	orig=19.7R|orig.time=9:00PM|orig.date=1857-06-12
1857	6	13	4	58	0	23.2	orig=18.6R|orig.time=7:00AM|orig.date=1857-06-13
1857	6	13	9	58	0	28	orig=22.4R|orig.time=Noon|orig.date=1857-06-13
1857	6	13	11	58	0	27.8	orig=22.2R|orig.time=2:00PM|orig.date=1857-06-13
1857	6	13	18	58	0	19.4	orig=15.5R|orig.time=9:00PM|orig.date=1857-06-13
1857	6	14	4	58	0	16.1	orig=12.9R|orig.time=7:00AM|orig.date=1857-06-14
1857	6	14	9	58	0	21.1	orig=16.9R|orig.time=Noon|orig.date=1857-06-14
1857	6	14	11	58	0	18.9	orig=15.1R|orig.time=2:00PM|orig.date=1857-06-14
1857	6	14	18	58	0	19	orig=15.2R|orig.time=9:00PM|orig.date=1857-06-14
1857	6	15	4	58	0	16.8	orig=13.4R|orig.time=7:00AM|orig.date=1857-06-15
1857	6	15	9	58	0	23	orig=18.4R|orig.time=Noon|orig.date=1857-06-15
1857	6	15	11	58	0	23	orig=18.4R|orig.time=2:00PM|orig.date=1857-06-15
1857	6	15	18	58	0	16.9	orig=13.5R|orig.time=9:00PM|orig.date=1857-06-15
1857	6	16	4	58	0	19.9	orig=15.9R|orig.time=7:00AM|orig.date=1857-06-16
1857	6	16	9	58	0	18.8	orig=15R|orig.time=Noon|orig.date=1857-06-16
1857	6	16	11	58	0	17.9	orig=14.3R|orig.time=2:00PM|orig.date=1857-06-16
1857	6	16	18	58	0	16.9	orig=13.5R|orig.time=9:00PM|orig.date=1857-06-16
1857	6	17	4	58	0	16.4	orig=13.1R|orig.time=7:00AM|orig.date=1857-06-17
1857	6	17	9	58	0	18.5	orig=14.8R|orig.time=Noon|orig.date=1857-06-17
1857	6	17	11	58	0	17.1	orig=13.7R|orig.time=2:00PM|orig.date=1857-06-17
1857	6	17	18	58	0	16.5	orig=13.2R|orig.time=9:00PM|orig.date=1857-06-17
1857	6	18	4	58	0	15.4	orig=12.3R|orig.time=7:00AM|orig.date=1857-06-18
1857	6	18	9	58	0	18.1	orig=14.5R|orig.time=Noon|orig.date=1857-06-18
1857	6	18	11	58	0	19.6	orig=15.7R|orig.time=2:00PM|orig.date=1857-06-18
1857	6	18	18	58	0	18.1	orig=14.5R|orig.time=9:00PM|orig.date=1857-06-18
1857	6	19	4	58	0	16.8	orig=13.4R|orig.time=7:00AM|orig.date=1857-06-19
1857	6	19	9	58	0	20.2	orig=16.2R|orig.time=Noon|orig.date=1857-06-19
1857	6	19	11	58	0	20	orig=16R|orig.time=2:00PM|orig.date=1857-06-19
1857	6	19	18	58	0	17.2	orig=13.8R|orig.time=9:00PM|orig.date=1857-06-19
1857	6	20	4	58	0	15.5	orig=12.4R|orig.time=7:00AM|orig.date=1857-06-20
1857	6	20	9	58	0	20.6	orig=16.5R|orig.time=Noon|orig.date=1857-06-20
1857	6	20	11	58	0	22.4	orig=17.9R|orig.time=2:00PM|orig.date=1857-06-20
1857	6	20	18	58	0	15.6	orig=12.5R|orig.time=9:00PM|orig.date=1857-06-20
1857	6	21	4	58	0	14	orig=11.2R|orig.time=7:00AM|orig.date=1857-06-21
1857	6	21	9	58	0	18.6	orig=14.9R|orig.time=Noon|orig.date=1857-06-21
1857	6	21	11	58	0	18.9	orig=15.1R|orig.time=2:00PM|orig.date=1857-06-21
1857	6	21	18	58	0	14.2	orig=11.4R|orig.time=9:00PM|orig.date=1857-06-21
1857	6	22	4	58	0	12	orig=9.6R|orig.time=7:00AM|orig.date=1857-06-22
1857	6	22	9	58	0	12.2	orig=9.8R|orig.time=Noon|orig.date=1857-06-22
1857	6	22	11	58	0	14.4	orig=11.5R|orig.time=2:00PM|orig.date=1857-06-22
1857	6	22	18	58	0	14.1	orig=11.3R|orig.time=9:00PM|orig.date=1857-06-22
1857	6	23	4	58	0	14.2	orig=11.4R|orig.time=7:00AM|orig.date=1857-06-23
1857	6	23	9	58	0	20.1	orig=16.1R|orig.time=Noon|orig.date=1857-06-23
1857	6	23	11	58	0	18.4	orig=14.7R|orig.time=2:00PM|orig.date=1857-06-23
1857	6	23	18	58	0	14.6	orig=11.7R|orig.time=9:00PM|orig.date=1857-06-23
1857	6	24	4	58	0	13.8	orig=11R|orig.time=7:00AM|orig.date=1857-06-24
1857	6	24	9	58	0	18	orig=14.4R|orig.time=Noon|orig.date=1857-06-24
1857	6	24	11	58	0	15.5	orig=12.4R|orig.time=2:00PM|orig.date=1857-06-24
1857	6	24	18	58	0	11.6	orig=9.3R|orig.time=9:00PM|orig.date=1857-06-24
1857	6	25	4	58	0	14.5	orig=11.6R|orig.time=7:00AM|orig.date=1857-06-25
1857	6	25	9	58	0	18.2	orig=14.6R|orig.time=Noon|orig.date=1857-06-25
1857	6	25	11	58	0	19.1	orig=15.3R|orig.time=2:00PM|orig.date=1857-06-25
1857	6	25	18	58	0	17.2	orig=13.8R|orig.time=9:00PM|orig.date=1857-06-25
1857	6	26	4	58	0	18.9	orig=15.1R|orig.time=7:00AM|orig.date=1857-06-26
1857	6	26	9	58	0	23.2	orig=18.6R|orig.time=Noon|orig.date=1857-06-26
1857	6	26	11	58	0	23	orig=18.4R|orig.time=2:00PM|orig.date=1857-06-26
1857	6	26	18	58	0	16.6	orig=13.3R|orig.time=9:00PM|orig.date=1857-06-26
1857	6	27	4	58	0	16.9	orig=13.5R|orig.time=7:00AM|orig.date=1857-06-27
1857	6	27	9	58	0	19.4	orig=15.5R|orig.time=Noon|orig.date=1857-06-27
1857	6	27	11	58	0	20.1	orig=16.1R|orig.time=2:00PM|orig.date=1857-06-27
1857	6	27	18	58	0	16.2	orig=13R|orig.time=9:00PM|orig.date=1857-06-27
1857	6	28	4	58	0	17.9	orig=14.3R|orig.time=7:00AM|orig.date=1857-06-28
1857	6	28	9	58	0	20.5	orig=16.4R|orig.time=Noon|orig.date=1857-06-28
1857	6	28	11	58	0	22	orig=17.6R|orig.time=2:00PM|orig.date=1857-06-28
1857	6	28	18	58	0	19	orig=15.2R|orig.time=9:00PM|orig.date=1857-06-28
1857	6	29	4	58	0	22	orig=17.6R|orig.time=7:00AM|orig.date=1857-06-29
1857	6	29	9	58	0	27.1	orig=21.7R|orig.time=Noon|orig.date=1857-06-29
1857	6	29	11	58	0	27.4	orig=21.9R|orig.time=2:00PM|orig.date=1857-06-29
1857	6	29	18	58	0	22.8	orig=18.2R|orig.time=9:00PM|orig.date=1857-06-29
1857	6	30	4	58	0	24.1	orig=19.3R|orig.time=7:00AM|orig.date=1857-06-30
1857	6	30	9	58	0	30.1	orig=24.1R|orig.time=Noon|orig.date=1857-06-30
1857	6	30	11	58	0	30.5	orig=24.4R|orig.time=2:00PM|orig.date=1857-06-30
1857	6	30	18	58	0	23.8	orig=19R|orig.time=9:00PM|orig.date=1857-06-30
1857	7	1	4	58	0	21.2	orig=17R|orig.time=7:00AM|orig.date=1857-07-01
1857	7	1	9	58	0	29.9	orig=23.9R|orig.time=Noon|orig.date=1857-07-01
1857	7	1	11	58	0	30.6	orig=24.5R|orig.time=2:00PM|orig.date=1857-07-01
1857	7	1	18	58	0	24.2	orig=19.4R|orig.time=9:00PM|orig.date=1857-07-01
1857	7	2	4	58	0	20.2	orig=16.2R|orig.time=7:00AM|orig.date=1857-07-02
1857	7	2	9	58	0	24.4	orig=19.5R|orig.time=Noon|orig.date=1857-07-02
1857	7	2	11	58	0	18.8	orig=15R|orig.time=2:00PM|orig.date=1857-07-02
1857	7	2	18	58	0	18.8	orig=15R|orig.time=9:00PM|orig.date=1857-07-02
1857	7	3	4	58	0	20.2	orig=16.2R|orig.time=7:00AM|orig.date=1857-07-03
1857	7	3	9	58	0	22.8	orig=18.2R|orig.time=Noon|orig.date=1857-07-03
1857	7	3	11	58	0	22.2	orig=17.8R|orig.time=2:00PM|orig.date=1857-07-03
1857	7	3	18	58	0	17	orig=13.6R|orig.time=9:00PM|orig.date=1857-07-03
1857	7	4	4	58	0	15.8	orig=12.6R|orig.time=7:00AM|orig.date=1857-07-04
1857	7	4	9	58	0	19	orig=15.2R|orig.time=Noon|orig.date=1857-07-04
1857	7	4	11	58	0	18.6	orig=14.9R|orig.time=2:00PM|orig.date=1857-07-04
1857	7	4	18	58	0	17	orig=13.6R|orig.time=9:00PM|orig.date=1857-07-04
1857	7	5	4	58	0	16.5	orig=13.2R|orig.time=7:00AM|orig.date=1857-07-05
1857	7	5	9	58	0	22	orig=17.6R|orig.time=Noon|orig.date=1857-07-05
1857	7	5	11	58	0	24	orig=19.2R|orig.time=2:00PM|orig.date=1857-07-05
1857	7	5	18	58	0	18.1	orig=14.5R|orig.time=9:00PM|orig.date=1857-07-05
1857	7	6	4	58	0	17.8	orig=14.2R|orig.time=7:00AM|orig.date=1857-07-06
1857	7	6	9	58	0	19	orig=15.2R|orig.time=Noon|orig.date=1857-07-06
1857	7	6	11	58	0	20.8	orig=16.6R|orig.time=2:00PM|orig.date=1857-07-06
1857	7	6	18	58	0	18	orig=14.4R|orig.time=9:00PM|orig.date=1857-07-06
1857	7	7	4	58	0	18.1	orig=14.5R|orig.time=7:00AM|orig.date=1857-07-07
1857	7	7	9	58	0	22.4	orig=17.9R|orig.time=Noon|orig.date=1857-07-07
1857	7	7	11	58	0	24	orig=19.2R|orig.time=2:00PM|orig.date=1857-07-07
1857	7	7	18	58	0	19.2	orig=15.4R|orig.time=9:00PM|orig.date=1857-07-07
1857	7	8	4	58	0	18.8	orig=15R|orig.time=7:00AM|orig.date=1857-07-08
1857	7	8	9	58	0	24	orig=19.2R|orig.time=Noon|orig.date=1857-07-08
1857	7	8	11	58	0	20	orig=16R|orig.time=2:00PM|orig.date=1857-07-08
1857	7	8	18	58	0	17.5	orig=14R|orig.time=9:00PM|orig.date=1857-07-08
1857	7	9	4	58	0	15.8	orig=12.6R|orig.time=7:00AM|orig.date=1857-07-09
1857	7	9	9	58	0	18	orig=14.4R|orig.time=Noon|orig.date=1857-07-09
1857	7	9	11	58	0	20.9	orig=16.7R|orig.time=2:00PM|orig.date=1857-07-09
1857	7	9	18	58	0	16.1	orig=12.9R|orig.time=9:00PM|orig.date=1857-07-09
1857	7	10	4	58	0	15.8	orig=12.6R|orig.time=7:00AM|orig.date=1857-07-10
1857	7	10	9	58	0	21.1	orig=16.9R|orig.time=Noon|orig.date=1857-07-10
1857	7	10	11	58	0	21.4	orig=17.1R|orig.time=2:00PM|orig.date=1857-07-10
1857	7	10	18	58	0	17.5	orig=14R|orig.time=9:00PM|orig.date=1857-07-10
1857	7	11	4	58	0	19.8	orig=15.8R|orig.time=7:00AM|orig.date=1857-07-11
1857	7	11	9	58	0	22.2	orig=17.8R|orig.time=Noon|orig.date=1857-07-11
1857	7	11	11	58	0	19.4	orig=15.5R|orig.time=2:00PM|orig.date=1857-07-11
1857	7	11	18	58	0	17.5	orig=14R|orig.time=9:00PM|orig.date=1857-07-11
1857	7	12	4	58	0	19.1	orig=15.3R|orig.time=7:00AM|orig.date=1857-07-12
1857	7	12	9	58	0	21.2	orig=17R|orig.time=Noon|orig.date=1857-07-12
1857	7	12	11	58	0	21.2	orig=17R|orig.time=2:00PM|orig.date=1857-07-12
1857	7	12	18	58	0	17.8	orig=14.2R|orig.time=9:00PM|orig.date=1857-07-12
1857	7	13	4	58	0	19.1	orig=15.3R|orig.time=7:00AM|orig.date=1857-07-13
1857	7	13	9	58	0	22	orig=17.6R|orig.time=Noon|orig.date=1857-07-13
1857	7	13	11	58	0	21.9	orig=17.5R|orig.time=2:00PM|orig.date=1857-07-13
1857	7	13	18	58	0	16.2	orig=13R|orig.time=9:00PM|orig.date=1857-07-13
1857	7	14	4	58	0	17.4	orig=13.9R|orig.time=7:00AM|orig.date=1857-07-14
1857	7	14	9	58	0	21.5	orig=17.2R|orig.time=Noon|orig.date=1857-07-14
1857	7	14	11	58	0	22.8	orig=18.2R|orig.time=2:00PM|orig.date=1857-07-14
1857	7	14	18	58	0	17.2	orig=13.8R|orig.time=9:00PM|orig.date=1857-07-14
1857	7	15	4	58	0	16.8	orig=13.4R|orig.time=7:00AM|orig.date=1857-07-15
1857	7	15	9	58	0	21.6	orig=17.3R|orig.time=Noon|orig.date=1857-07-15
1857	7	15	11	58	0	22.2	orig=17.8R|orig.time=2:00PM|orig.date=1857-07-15
1857	7	15	18	58	0	16.2	orig=13R|orig.time=9:00PM|orig.date=1857-07-15
1857	7	16	4	58	0	15.9	orig=12.7R|orig.time=7:00AM|orig.date=1857-07-16
1857	7	16	9	58	0	21.5	orig=17.2R|orig.time=Noon|orig.date=1857-07-16
1857	7	16	11	58	0	23.6	orig=18.9R|orig.time=2:00PM|orig.date=1857-07-16
1857	7	16	18	58	0	16.5	orig=13.2R|orig.time=9:00PM|orig.date=1857-07-16
1857	7	17	4	58	0	17.2	orig=13.8R|orig.time=7:00AM|orig.date=1857-07-17
1857	7	17	9	58	0	26.6	orig=21.3R|orig.time=Noon|orig.date=1857-07-17
1857	7	17	11	58	0	27.1	orig=21.7R|orig.time=2:00PM|orig.date=1857-07-17
1857	7	17	18	58	0	21	orig=16.8R|orig.time=9:00PM|orig.date=1857-07-17
1857	7	18	4	58	0	17.5	orig=14R|orig.time=7:00AM|orig.date=1857-07-18
1857	7	18	9	58	0	17.9	orig=14.3R|orig.time=Noon|orig.date=1857-07-18
1857	7	18	11	58	0	18.4	orig=14.7R|orig.time=2:00PM|orig.date=1857-07-18
1857	7	18	18	58	0	16.9	orig=13.5R|orig.time=9:00PM|orig.date=1857-07-18
1857	7	19	4	58	0	13	orig=10.4R|orig.time=7:00AM|orig.date=1857-07-19
1857	7	19	9	58	0	17.1	orig=13.7R|orig.time=Noon|orig.date=1857-07-19
1857	7	19	11	58	0	18.8	orig=15R|orig.time=2:00PM|orig.date=1857-07-19
1857	7	19	18	58	0	13.8	orig=11R|orig.time=9:00PM|orig.date=1857-07-19
1857	7	20	4	58	0	12.1	orig=9.7R|orig.time=7:00AM|orig.date=1857-07-20
1857	7	20	9	58	0	14.8	orig=11.8R|orig.time=Noon|orig.date=1857-07-20
1857	7	20	11	58	0	15	orig=12R|orig.time=2:00PM|orig.date=1857-07-20
1857	7	20	18	58	0	18	orig=14.4R|orig.time=9:00PM|orig.date=1857-07-20
1857	7	21	4	58	0	12.6	orig=10.1R|orig.time=7:00AM|orig.date=1857-07-21
1857	7	21	9	58	0	17.9	orig=14.3R|orig.time=Noon|orig.date=1857-07-21
1857	7	21	11	58	0	20.1	orig=16.1R|orig.time=2:00PM|orig.date=1857-07-21
1857	7	21	18	58	0	14.5	orig=11.6R|orig.time=9:00PM|orig.date=1857-07-21
1857	7	22	4	58	0	16.2	orig=13R|orig.time=7:00AM|orig.date=1857-07-22
1857	7	22	9	58	0	18.8	orig=15R|orig.time=Noon|orig.date=1857-07-22
1857	7	22	11	58	0	19	orig=15.2R|orig.time=2:00PM|orig.date=1857-07-22
1857	7	22	18	58	0	14.4	orig=11.5R|orig.time=9:00PM|orig.date=1857-07-22
1857	7	23	4	58	0	14.9	orig=11.9R|orig.time=7:00AM|orig.date=1857-07-23
1857	7	23	9	58	0	23	orig=18.4R|orig.time=Noon|orig.date=1857-07-23
1857	7	23	11	58	0	24.9	orig=19.9R|orig.time=2:00PM|orig.date=1857-07-23
1857	7	23	18	58	0	15.8	orig=12.6R|orig.time=9:00PM|orig.date=1857-07-23
1857	7	24	4	58	0	13.9	orig=11.1R|orig.time=7:00AM|orig.date=1857-07-24
1857	7	24	9	58	0	17	orig=13.6R|orig.time=Noon|orig.date=1857-07-24
1857	7	24	11	58	0	19.5	orig=15.6R|orig.time=2:00PM|orig.date=1857-07-24
1857	7	24	18	58	0	12.8	orig=10.2R|orig.time=9:00PM|orig.date=1857-07-24
1857	7	25	4	58	0	12.2	orig=9.8R|orig.time=7:00AM|orig.date=1857-07-25
1857	7	25	9	58	0	17.2	orig=13.8R|orig.time=Noon|orig.date=1857-07-25
1857	7	25	11	58	0	20	orig=16R|orig.time=2:00PM|orig.date=1857-07-25
1857	7	25	18	58	0	16.8	orig=13.4R|orig.time=9:00PM|orig.date=1857-07-25
1857	7	26	4	58	0	14.1	orig=11.3R|orig.time=7:00AM|orig.date=1857-07-26
1857	7	26	9	58	0	22.1	orig=17.7R|orig.time=Noon|orig.date=1857-07-26
1857	7	26	11	58	0	24.5	orig=19.6R|orig.time=2:00PM|orig.date=1857-07-26
1857	7	26	18	58	0	19.4	orig=15.5R|orig.time=9:00PM|orig.date=1857-07-26
1857	7	27	4	58	0	18.1	orig=14.5R|orig.time=7:00AM|orig.date=1857-07-27
1857	7	27	9	58	0	22.1	orig=17.7R|orig.time=Noon|orig.date=1857-07-27
1857	7	27	11	58	0	25.2	orig=20.2R|orig.time=2:00PM|orig.date=1857-07-27
1857	7	27	18	58	0	19.2	orig=15.4R|orig.time=9:00PM|orig.date=1857-07-27
1857	7	28	4	58	0	21.1	orig=16.9R|orig.time=7:00AM|orig.date=1857-07-28
1857	7	28	9	58	0	25.9	orig=20.7R|orig.time=Noon|orig.date=1857-07-28
1857	7	28	11	58	0	27.9	orig=22.3R|orig.time=2:00PM|orig.date=1857-07-28
1857	7	28	18	58	0	17.8	orig=14.2R|orig.time=9:00PM|orig.date=1857-07-28
1857	7	29	4	58	0	19	orig=15.2R|orig.time=7:00AM|orig.date=1857-07-29
1857	7	29	9	58	0	19	orig=15.2R|orig.time=Noon|orig.date=1857-07-29
1857	7	29	11	58	0	22	orig=17.6R|orig.time=2:00PM|orig.date=1857-07-29
1857	7	29	18	58	0	16	orig=12.8R|orig.time=9:00PM|orig.date=1857-07-29
1857	7	30	4	58	0	13.1	orig=10.5R|orig.time=7:00AM|orig.date=1857-07-30
1857	7	30	9	58	0	16.8	orig=13.4R|orig.time=Noon|orig.date=1857-07-30
1857	7	30	11	58	0	17	orig=13.6R|orig.time=2:00PM|orig.date=1857-07-30
1857	7	30	18	58	0	13.1	orig=10.5R|orig.time=9:00PM|orig.date=1857-07-30
1857	7	31	4	58	0	14.4	orig=11.5R|orig.time=7:00AM|orig.date=1857-07-31
1857	7	31	9	58	0	19.2	orig=15.4R|orig.time=Noon|orig.date=1857-07-31
1857	7	31	11	58	0	19.6	orig=15.7R|orig.time=2:00PM|orig.date=1857-07-31
1857	7	31	18	58	0	16	orig=12.8R|orig.time=9:00PM|orig.date=1857-07-31
1857	8	1	4	58	0	13.6	orig=10.9R|orig.time=7:00AM|orig.date=1857-08-01
1857	8	1	9	58	0	21.2	orig=17R|orig.time=Noon|orig.date=1857-08-01
1857	8	1	11	58	0	24.5	orig=19.6R|orig.time=2:00PM|orig.date=1857-08-01
1857	8	1	18	58	0	16.5	orig=13.2R|orig.time=9:00PM|orig.date=1857-08-01
1857	8	2	4	58	0	15.6	orig=12.5R|orig.time=7:00AM|orig.date=1857-08-02
1857	8	2	9	58	0	20.8	orig=16.6R|orig.time=Noon|orig.date=1857-08-02
1857	8	2	11	58	0	22	orig=17.6R|orig.time=2:00PM|orig.date=1857-08-02
1857	8	2	18	58	0	15.9	orig=12.7R|orig.time=9:00PM|orig.date=1857-08-02
1857	8	3	4	58	0	16.4	orig=13.1R|orig.time=7:00AM|orig.date=1857-08-03
1857	8	3	9	58	0	22	orig=17.6R|orig.time=Noon|orig.date=1857-08-03
1857	8	3	11	58	0	24.5	orig=19.6R|orig.time=2:00PM|orig.date=1857-08-03
1857	8	3	18	58	0	18.2	orig=14.6R|orig.time=9:00PM|orig.date=1857-08-03
1857	8	4	4	58	0	17	orig=13.6R|orig.time=7:00AM|orig.date=1857-08-04
1857	8	4	9	58	0	22.2	orig=17.8R|orig.time=Noon|orig.date=1857-08-04
1857	8	4	11	58	0	22.9	orig=18.3R|orig.time=2:00PM|orig.date=1857-08-04
1857	8	4	18	58	0	18.9	orig=15.1R|orig.time=9:00PM|orig.date=1857-08-04
1857	8	5	4	58	0	16.1	orig=12.9R|orig.time=7:00AM|orig.date=1857-08-05
1857	8	5	9	58	0	22.6	orig=18.1R|orig.time=Noon|orig.date=1857-08-05
1857	8	5	11	58	0	25.8	orig=20.6R|orig.time=2:00PM|orig.date=1857-08-05
1857	8	5	18	58	0	17.9	orig=14.3R|orig.time=9:00PM|orig.date=1857-08-05
1857	8	6	4	58	0	16.4	orig=13.1R|orig.time=7:00AM|orig.date=1857-08-06
1857	8	6	9	58	0	22.6	orig=18.1R|orig.time=Noon|orig.date=1857-08-06
1857	8	6	11	58	0	24.2	orig=19.4R|orig.time=2:00PM|orig.date=1857-08-06
1857	8	6	18	58	0	17.8	orig=14.2R|orig.time=9:00PM|orig.date=1857-08-06
1857	8	7	4	58	0	16.6	orig=13.3R|orig.time=7:00AM|orig.date=1857-08-07
1857	8	7	9	58	0	23.6	orig=18.9R|orig.time=Noon|orig.date=1857-08-07
1857	8	7	11	58	0	24.5	orig=19.6R|orig.time=2:00PM|orig.date=1857-08-07
1857	8	7	18	58	0	19.4	orig=15.5R|orig.time=9:00PM|orig.date=1857-08-07
1857	8	8	4	58	0	16.6	orig=13.3R|orig.time=7:00AM|orig.date=1857-08-08
1857	8	8	9	58	0	25.1	orig=20.1R|orig.time=Noon|orig.date=1857-08-08
1857	8	8	11	58	0	23.9	orig=19.1R|orig.time=2:00PM|orig.date=1857-08-08
1857	8	8	18	58	0	18.1	orig=14.5R|orig.time=9:00PM|orig.date=1857-08-08
1857	8	9	4	58	0	14.5	orig=11.6R|orig.time=7:00AM|orig.date=1857-08-09
1857	8	9	9	58	0	22.4	orig=17.9R|orig.time=Noon|orig.date=1857-08-09
1857	8	9	11	58	0	24.6	orig=19.7R|orig.time=2:00PM|orig.date=1857-08-09
1857	8	9	18	58	0	16.6	orig=13.3R|orig.time=9:00PM|orig.date=1857-08-09
1857	8	10	4	58	0	13.1	orig=10.5R|orig.time=7:00AM|orig.date=1857-08-10
1857	8	10	9	58	0	21.6	orig=17.3R|orig.time=Noon|orig.date=1857-08-10
1857	8	10	11	58	0	23.5	orig=18.8R|orig.time=2:00PM|orig.date=1857-08-10
1857	8	10	18	58	0	17.8	orig=14.2R|orig.time=9:00PM|orig.date=1857-08-10
1857	8	11	4	58	0	13.8	orig=11R|orig.time=7:00AM|orig.date=1857-08-11
1857	8	11	9	58	0	24.1	orig=19.3R|orig.time=Noon|orig.date=1857-08-11
1857	8	11	11	58	0	24.2	orig=19.4R|orig.time=2:00PM|orig.date=1857-08-11
1857	8	11	18	58	0	17.8	orig=14.2R|orig.time=9:00PM|orig.date=1857-08-11
1857	8	12	4	58	0	16.6	orig=13.3R|orig.time=7:00AM|orig.date=1857-08-12
1857	8	12	9	58	0	24.9	orig=19.9R|orig.time=Noon|orig.date=1857-08-12
1857	8	12	11	58	0	23.1	orig=18.5R|orig.time=2:00PM|orig.date=1857-08-12
1857	8	12	18	58	0	19.8	orig=15.8R|orig.time=9:00PM|orig.date=1857-08-12
1857	8	13	4	58	0	18.1	orig=14.5R|orig.time=7:00AM|orig.date=1857-08-13
1857	8	13	9	58	0	20.5	orig=16.4R|orig.time=Noon|orig.date=1857-08-13
1857	8	13	11	58	0	20.2	orig=16.2R|orig.time=2:00PM|orig.date=1857-08-13
1857	8	13	18	58	0	18.4	orig=14.7R|orig.time=9:00PM|orig.date=1857-08-13
1857	8	14	4	58	0	17.4	orig=13.9R|orig.time=7:00AM|orig.date=1857-08-14
1857	8	14	9	58	0	23	orig=18.4R|orig.time=Noon|orig.date=1857-08-14
1857	8	14	11	58	0	23	orig=18.4R|orig.time=2:00PM|orig.date=1857-08-14
1857	8	14	18	58	0	18.8	orig=15R|orig.time=9:00PM|orig.date=1857-08-14
1857	8	15	4	58	0	16.1	orig=12.9R|orig.time=7:00AM|orig.date=1857-08-15
1857	8	15	9	58	0	19.8	orig=15.8R|orig.time=Noon|orig.date=1857-08-15
1857	8	15	11	58	0	19.2	orig=15.4R|orig.time=2:00PM|orig.date=1857-08-15
1857	8	15	18	58	0	18	orig=14.4R|orig.time=9:00PM|orig.date=1857-08-15
1857	8	16	4	58	0	19.1	orig=15.3R|orig.time=7:00AM|orig.date=1857-08-16
1857	8	16	9	58	0	20.8	orig=16.6R|orig.time=Noon|orig.date=1857-08-16
1857	8	16	11	58	0	25.2	orig=20.2R|orig.time=2:00PM|orig.date=1857-08-16
1857	8	16	18	58	0	18.5	orig=14.8R|orig.time=9:00PM|orig.date=1857-08-16
1857	8	17	4	58	0	19.4	orig=15.5R|orig.time=7:00AM|orig.date=1857-08-17
1857	8	17	9	58	0	27.1	orig=21.7R|orig.time=Noon|orig.date=1857-08-17
1857	8	17	11	58	0	28.2	orig=22.6R|orig.time=2:00PM|orig.date=1857-08-17
1857	8	17	18	58	0	21.2	orig=17R|orig.time=9:00PM|orig.date=1857-08-17
1857	8	18	4	58	0	18.5	orig=14.8R|orig.time=7:00AM|orig.date=1857-08-18
1857	8	18	9	58	0	25.4	orig=20.3R|orig.time=Noon|orig.date=1857-08-18
1857	8	18	11	58	0	25.6	orig=20.5R|orig.time=2:00PM|orig.date=1857-08-18
1857	8	18	18	58	0	21.2	orig=17R|orig.time=9:00PM|orig.date=1857-08-18
1857	8	19	4	58	0	18.8	orig=15R|orig.time=7:00AM|orig.date=1857-08-19
1857	8	19	9	58	0	24.9	orig=19.9R|orig.time=Noon|orig.date=1857-08-19
1857	8	19	11	58	0	22.2	orig=17.8R|orig.time=2:00PM|orig.date=1857-08-19
1857	8	19	18	58	0	19.6	orig=15.7R|orig.time=9:00PM|orig.date=1857-08-19
1857	8	20	4	58	0	18.1	orig=14.5R|orig.time=7:00AM|orig.date=1857-08-20
1857	8	20	9	58	0	24.9	orig=19.9R|orig.time=Noon|orig.date=1857-08-20
1857	8	20	11	58	0	26.1	orig=20.9R|orig.time=2:00PM|orig.date=1857-08-20
1857	8	20	18	58	0	19	orig=15.2R|orig.time=9:00PM|orig.date=1857-08-20
1857	8	21	4	58	0	18.9	orig=15.1R|orig.time=7:00AM|orig.date=1857-08-21
1857	8	21	9	58	0	27	orig=21.6R|orig.time=Noon|orig.date=1857-08-21
1857	8	21	11	58	0	25.6	orig=20.5R|orig.time=2:00PM|orig.date=1857-08-21
1857	8	21	18	58	0	19.4	orig=15.5R|orig.time=9:00PM|orig.date=1857-08-21
1857	8	22	4	58	0	15.9	orig=12.7R|orig.time=7:00AM|orig.date=1857-08-22
1857	8	22	9	58	0	20.2	orig=16.2R|orig.time=Noon|orig.date=1857-08-22
1857	8	22	11	58	0	22.8	orig=18.2R|orig.time=2:00PM|orig.date=1857-08-22
1857	8	22	18	58	0	15.8	orig=12.6R|orig.time=9:00PM|orig.date=1857-08-22
1857	8	23	4	58	0	23.9	orig=19.1R|orig.time=7:00AM|orig.date=1857-08-23
1857	8	23	9	58	0	10.2	orig=8.2R|orig.time=Noon|orig.date=1857-08-23
1857	8	23	11	58	0	10.9	orig=8.7R|orig.time=2:00PM|orig.date=1857-08-23
1857	8	23	18	58	0	11.2	orig=9R|orig.time=9:00PM|orig.date=1857-08-23
1857	8	24	4	58	0	6.6	orig=5.3R|orig.time=7:00AM|orig.date=1857-08-24
1857	8	24	9	58	0	14.1	orig=11.3R|orig.time=Noon|orig.date=1857-08-24
1857	8	24	11	58	0	13.9	orig=11.1R|orig.time=2:00PM|orig.date=1857-08-24
1857	8	24	18	58	0	9.9	orig=7.9R|orig.time=9:00PM|orig.date=1857-08-24
1857	8	25	4	58	0	9.2	orig=7.4R|orig.time=7:00AM|orig.date=1857-08-25
1857	8	25	9	58	0	14.9	orig=11.9R|orig.time=Noon|orig.date=1857-08-25
1857	8	25	11	58	0	17.6	orig=14.1R|orig.time=2:00PM|orig.date=1857-08-25
1857	8	25	18	58	0	10.2	orig=8.2R|orig.time=9:00PM|orig.date=1857-08-25
1857	8	26	4	58	0	10.5	orig=8.4R|orig.time=7:00AM|orig.date=1857-08-26
1857	8	26	9	58	0	13	orig=10.4R|orig.time=Noon|orig.date=1857-08-26
1857	8	26	11	58	0	14.6	orig=11.7R|orig.time=2:00PM|orig.date=1857-08-26
1857	8	26	18	58	0	9.8	orig=7.8R|orig.time=9:00PM|orig.date=1857-08-26
1857	8	27	4	58	0	5.6	orig=4.5R|orig.time=7:00AM|orig.date=1857-08-27
1857	8	27	9	58	0	10.9	orig=8.7R|orig.time=Noon|orig.date=1857-08-27
1857	8	27	11	58	0	12.4	orig=9.9R|orig.time=2:00PM|orig.date=1857-08-27
1857	8	27	18	58	0	8.2	orig=6.6R|orig.time=9:00PM|orig.date=1857-08-27
1857	8	28	4	58	0	8.4	orig=6.7R|orig.time=7:00AM|orig.date=1857-08-28
1857	8	28	9	58	0	18.1	orig=14.5R|orig.time=Noon|orig.date=1857-08-28
1857	8	28	11	58	0	20.5	orig=16.4R|orig.time=2:00PM|orig.date=1857-08-28
1857	8	28	18	58	0	15.5	orig=12.4R|orig.time=9:00PM|orig.date=1857-08-28
1857	8	29	4	58	0	15.1	orig=12.1R|orig.time=7:00AM|orig.date=1857-08-29
1857	8	29	9	58	0	18.9	orig=15.1R|orig.time=Noon|orig.date=1857-08-29
1857	8	29	11	58	0	20.4	orig=16.3R|orig.time=2:00PM|orig.date=1857-08-29
1857	8	29	18	58	0	13.8	orig=11R|orig.time=9:00PM|orig.date=1857-08-29
1857	8	30	4	58	0	11.2	orig=9R|orig.time=7:00AM|orig.date=1857-08-30
1857	8	30	9	58	0	15.9	orig=12.7R|orig.time=Noon|orig.date=1857-08-30
1857	8	30	11	58	0	18.6	orig=14.9R|orig.time=2:00PM|orig.date=1857-08-30
1857	8	30	18	58	0	10.4	orig=8.3R|orig.time=9:00PM|orig.date=1857-08-30
1857	8	31	4	58	0	8.6	orig=6.9R|orig.time=7:00AM|orig.date=1857-08-31
1857	8	31	9	58	0	17.8	orig=14.2R|orig.time=Noon|orig.date=1857-08-31
1857	8	31	11	58	0	17.1	orig=13.7R|orig.time=2:00PM|orig.date=1857-08-31
1857	8	31	18	58	0	13.1	orig=10.5R|orig.time=9:00PM|orig.date=1857-08-31
1857	9	1	4	58	0	11.4	orig=9.1R|orig.time=7:00AM|orig.date=1857-09-01
1857	9	1	9	58	0	21	orig=16.8R|orig.time=Noon|orig.date=1857-09-01
1857	9	1	11	58	0	20.2	orig=16.2R|orig.time=2:00PM|orig.date=1857-09-01
1857	9	1	18	58	0	14.6	orig=11.7R|orig.time=9:00PM|orig.date=1857-09-01
1857	9	2	4	58	0	12.6	orig=10.1R|orig.time=7:00AM|orig.date=1857-09-02
1857	9	2	9	58	0	21.8	orig=17.4R|orig.time=Noon|orig.date=1857-09-02
1857	9	2	11	58	0	18.8	orig=15R|orig.time=2:00PM|orig.date=1857-09-02
1857	9	2	18	58	0	13.2	orig=10.6R|orig.time=9:00PM|orig.date=1857-09-02
1857	9	3	4	58	0	12	orig=9.6R|orig.time=7:00AM|orig.date=1857-09-03
1857	9	3	9	58	0	20.2	orig=16.2R|orig.time=Noon|orig.date=1857-09-03
1857	9	3	11	58	0	19.9	orig=15.9R|orig.time=2:00PM|orig.date=1857-09-03
1857	9	3	18	58	0	14.2	orig=11.4R|orig.time=9:00PM|orig.date=1857-09-03
1857	9	4	4	58	0	13.6	orig=10.9R|orig.time=7:00AM|orig.date=1857-09-04
1857	9	4	9	58	0	21.2	orig=17R|orig.time=Noon|orig.date=1857-09-04
1857	9	4	11	58	0	21.5	orig=17.2R|orig.time=2:00PM|orig.date=1857-09-04
1857	9	4	18	58	0	15	orig=12R|orig.time=9:00PM|orig.date=1857-09-04
1857	9	5	4	58	0	13.9	orig=11.1R|orig.time=7:00AM|orig.date=1857-09-05
1857	9	5	9	58	0	21.4	orig=17.1R|orig.time=Noon|orig.date=1857-09-05
1857	9	5	11	58	0	20.1	orig=16.1R|orig.time=2:00PM|orig.date=1857-09-05
1857	9	5	18	58	0	15	orig=12R|orig.time=9:00PM|orig.date=1857-09-05
1857	9	6	4	58	0	13.6	orig=10.9R|orig.time=7:00AM|orig.date=1857-09-06
1857	9	6	9	58	0	20.9	orig=16.7R|orig.time=Noon|orig.date=1857-09-06
1857	9	6	11	58	0	22.1	orig=17.7R|orig.time=2:00PM|orig.date=1857-09-06
1857	9	6	18	58	0	17.4	orig=13.9R|orig.time=9:00PM|orig.date=1857-09-06
1857	9	7	4	58	0	17	orig=13.6R|orig.time=7:00AM|orig.date=1857-09-07
1857	9	7	9	58	0	22.2	orig=17.8R|orig.time=Noon|orig.date=1857-09-07
1857	9	7	11	58	0	22.4	orig=17.9R|orig.time=2:00PM|orig.date=1857-09-07
1857	9	7	18	58	0	17.1	orig=13.7R|orig.time=9:00PM|orig.date=1857-09-07
1857	9	8	4	58	0	13.6	orig=10.9R|orig.time=7:00AM|orig.date=1857-09-08
1857	9	8	9	58	0	21.9	orig=17.5R|orig.time=Noon|orig.date=1857-09-08
1857	9	8	11	58	0	25.9	orig=20.7R|orig.time=2:00PM|orig.date=1857-09-08
1857	9	8	18	58	0	17	orig=13.6R|orig.time=9:00PM|orig.date=1857-09-08
1857	9	9	4	58	0	11.4	orig=9.1R|orig.time=7:00AM|orig.date=1857-09-09
1857	9	9	9	58	0	22.1	orig=17.7R|orig.time=Noon|orig.date=1857-09-09
1857	9	9	11	58	0	18.9	orig=15.1R|orig.time=2:00PM|orig.date=1857-09-09
1857	9	9	18	58	0	14.5	orig=11.6R|orig.time=9:00PM|orig.date=1857-09-09
1857	9	10	4	58	0	11	orig=8.8R|orig.time=7:00AM|orig.date=1857-09-10
1857	9	10	9	58	0	19.5	orig=15.6R|orig.time=Noon|orig.date=1857-09-10
1857	9	10	11	58	0	21.8	orig=17.4R|orig.time=2:00PM|orig.date=1857-09-10
1857	9	10	18	58	0	15	orig=12R|orig.time=9:00PM|orig.date=1857-09-10
1857	9	11	4	58	0	11.6	orig=9.3R|orig.time=7:00AM|orig.date=1857-09-11
1857	9	11	9	58	0	16.9	orig=13.5R|orig.time=Noon|orig.date=1857-09-11
1857	9	11	11	58	0	17.9	orig=14.3R|orig.time=2:00PM|orig.date=1857-09-11
1857	9	11	18	58	0	12.4	orig=9.9R|orig.time=9:00PM|orig.date=1857-09-11
1857	9	12	4	58	0	11.9	orig=9.5R|orig.time=7:00AM|orig.date=1857-09-12
1857	9	12	9	58	0	17.4	orig=13.9R|orig.time=Noon|orig.date=1857-09-12
1857	9	12	11	58	0	18.6	orig=14.9R|orig.time=2:00PM|orig.date=1857-09-12
1857	9	12	18	58	0	15	orig=12R|orig.time=9:00PM|orig.date=1857-09-12
1857	9	13	4	58	0	15.1	orig=12.1R|orig.time=7:00AM|orig.date=1857-09-13
1857	9	13	9	58	0	21.8	orig=17.4R|orig.time=Noon|orig.date=1857-09-13
1857	9	13	11	58	0	22.8	orig=18.2R|orig.time=2:00PM|orig.date=1857-09-13
1857	9	13	18	58	0	16.8	orig=13.4R|orig.time=9:00PM|orig.date=1857-09-13
1857	9	14	4	58	0	13.9	orig=11.1R|orig.time=7:00AM|orig.date=1857-09-14
1857	9	14	9	58	0	19.5	orig=15.6R|orig.time=Noon|orig.date=1857-09-14
1857	9	14	11	58	0	22.4	orig=17.9R|orig.time=2:00PM|orig.date=1857-09-14
1857	9	14	18	58	0	14.5	orig=11.6R|orig.time=9:00PM|orig.date=1857-09-14
1857	9	15	4	58	0	8.5	orig=6.8R|orig.time=7:00AM|orig.date=1857-09-15
1857	9	15	9	58	0	7.2	orig=5.8R|orig.time=Noon|orig.date=1857-09-15
1857	9	15	11	58	0	8.4	orig=6.7R|orig.time=2:00PM|orig.date=1857-09-15
1857	9	15	18	58	0	7.5	orig=6R|orig.time=9:00PM|orig.date=1857-09-15
1857	9	16	4	58	0	3.4	orig=2.7R|orig.time=7:00AM|orig.date=1857-09-16
1857	9	16	9	58	0	9.9	orig=7.9R|orig.time=Noon|orig.date=1857-09-16
1857	9	16	11	58	0	11.5	orig=9.2R|orig.time=2:00PM|orig.date=1857-09-16
1857	9	16	18	58	0	7.5	orig=6R|orig.time=9:00PM|orig.date=1857-09-16
1857	9	17	4	58	0	7.9	orig=6.3R|orig.time=7:00AM|orig.date=1857-09-17
1857	9	17	9	58	0	14.5	orig=11.6R|orig.time=Noon|orig.date=1857-09-17
1857	9	17	11	58	0	14.4	orig=11.5R|orig.time=2:00PM|orig.date=1857-09-17
1857	9	17	18	58	0	14.5	orig=11.6R|orig.time=9:00PM|orig.date=1857-09-17
1857	9	18	4	58	0	10	orig=8R|orig.time=7:00AM|orig.date=1857-09-18
1857	9	18	9	58	0	17.9	orig=14.3R|orig.time=Noon|orig.date=1857-09-18
1857	9	18	11	58	0	19.8	orig=15.8R|orig.time=2:00PM|orig.date=1857-09-18
1857	9	18	18	58	0	16.8	orig=13.4R|orig.time=9:00PM|orig.date=1857-09-18
1857	9	19	4	58	0	14.2	orig=11.4R|orig.time=7:00AM|orig.date=1857-09-19
1857	9	19	9	58	0	17.4	orig=13.9R|orig.time=Noon|orig.date=1857-09-19
1857	9	19	11	58	0	16.4	orig=13.1R|orig.time=2:00PM|orig.date=1857-09-19
1857	9	19	18	58	0	10.2	orig=8.2R|orig.time=9:00PM|orig.date=1857-09-19
1857	9	20	4	58	0	3.5	orig=2.8R|orig.time=7:00AM|orig.date=1857-09-20
1857	9	20	9	58	0	3.6	orig=2.9R|orig.time=Noon|orig.date=1857-09-20
1857	9	20	11	58	0	3.9	orig=3.1R|orig.time=2:00PM|orig.date=1857-09-20
1857	9	20	18	58	0	2.9	orig=2.3R|orig.time=9:00PM|orig.date=1857-09-20
1857	9	21	4	58	0	1	orig=0.8R|orig.time=7:00AM|orig.date=1857-09-21
1857	9	21	9	58	0	2.8	orig=2.2R|orig.time=Noon|orig.date=1857-09-21
1857	9	21	11	58	0	2.9	orig=2.3R|orig.time=2:00PM|orig.date=1857-09-21
1857	9	21	18	58	0	1.4	orig=1.1R|orig.time=9:00PM|orig.date=1857-09-21
1857	9	22	4	58	0	3.1	orig=2.5R|orig.time=7:00AM|orig.date=1857-09-22
1857	9	22	9	58	0	7.6	orig=6.1R|orig.time=Noon|orig.date=1857-09-22
1857	9	22	11	58	0	9.6	orig=7.7R|orig.time=2:00PM|orig.date=1857-09-22
1857	9	22	18	58	0	1.9	orig=1.5R|orig.time=9:00PM|orig.date=1857-09-22
1857	9	23	4	58	0	0.8	orig=0.6R|orig.time=7:00AM|orig.date=1857-09-23
1857	9	23	9	58	0	3.1	orig=2.5R|orig.time=Noon|orig.date=1857-09-23
1857	9	23	11	58	0	2.9	orig=2.3R|orig.time=2:00PM|orig.date=1857-09-23
1857	9	23	18	58	0	2.1	orig=1.7R|orig.time=9:00PM|orig.date=1857-09-23
1857	9	24	4	58	0	0.9	orig=0.7R|orig.time=7:00AM|orig.date=1857-09-24
1857	9	24	9	58	0	4.9	orig=3.9R|orig.time=Noon|orig.date=1857-09-24
1857	9	24	11	58	0	6.1	orig=4.9R|orig.time=2:00PM|orig.date=1857-09-24
1857	9	24	18	58	0	3.1	orig=2.5R|orig.time=9:00PM|orig.date=1857-09-24
1857	9	25	4	58	0	3	orig=2.4R|orig.time=7:00AM|orig.date=1857-09-25
1857	9	25	9	58	0	6.5	orig=5.2R|orig.time=Noon|orig.date=1857-09-25
1857	9	25	11	58	0	8.1	orig=6.5R|orig.time=2:00PM|orig.date=1857-09-25
1857	9	25	18	58	0	4.6	orig=3.7R|orig.time=9:00PM|orig.date=1857-09-25
1857	9	26	4	58	0	4	orig=3.2R|orig.time=7:00AM|orig.date=1857-09-26
1857	9	26	9	58	0	8.4	orig=6.7R|orig.time=Noon|orig.date=1857-09-26
1857	9	26	11	58	0	9.5	orig=7.6R|orig.time=2:00PM|orig.date=1857-09-26
1857	9	26	18	58	0	3.8	orig=3R|orig.time=9:00PM|orig.date=1857-09-26
1857	9	27	4	58	0	2	orig=1.6R|orig.time=7:00AM|orig.date=1857-09-27
1857	9	27	9	58	0	11.2	orig=9R|orig.time=Noon|orig.date=1857-09-27
1857	9	27	11	58	0	13.4	orig=10.7R|orig.time=2:00PM|orig.date=1857-09-27
1857	9	27	18	58	0	6.2	orig=5R|orig.time=9:00PM|orig.date=1857-09-27
1857	9	28	4	58	0	3.1	orig=2.5R|orig.time=7:00AM|orig.date=1857-09-28
1857	9	28	9	58	0	12.9	orig=10.3R|orig.time=Noon|orig.date=1857-09-28
1857	9	28	11	58	0	14.4	orig=11.5R|orig.time=2:00PM|orig.date=1857-09-28
1857	9	28	18	58	0	7.6	orig=6.1R|orig.time=9:00PM|orig.date=1857-09-28
1857	9	29	4	58	0	3.1	orig=2.5R|orig.time=7:00AM|orig.date=1857-09-29
1857	9	29	9	58	0	13.1	orig=10.5R|orig.time=Noon|orig.date=1857-09-29
1857	9	29	11	58	0	2.1	orig=1.7R|orig.time=2:00PM|orig.date=1857-09-29
1857	9	29	18	58	0	8.6	orig=6.9R|orig.time=9:00PM|orig.date=1857-09-29
1857	9	30	4	58	0	4.9	orig=3.9R|orig.time=7:00AM|orig.date=1857-09-30
1857	9	30	9	58	0	13.2	orig=10.6R|orig.time=Noon|orig.date=1857-09-30
1857	9	30	11	58	0	15.9	orig=12.7R|orig.time=2:00PM|orig.date=1857-09-30
1857	9	30	18	58	0	9.4	orig=7.5R|orig.time=9:00PM|orig.date=1857-09-30
1857	10	1	4	58	0	6.5	orig=5.2R|orig.time=7:00AM|orig.date=1857-10-01
1857	10	1	9	58	0	15.8	orig=12.6R|orig.time=Noon|orig.date=1857-10-01
1857	10	1	11	58	0	17	orig=13.6R|orig.time=2:00PM|orig.date=1857-10-01
1857	10	1	18	58	0	11.2	orig=9R|orig.time=9:00PM|orig.date=1857-10-01
1857	10	2	4	58	0	6.4	orig=5.1R|orig.time=7:00AM|orig.date=1857-10-02
1857	10	2	9	58	0	17.8	orig=14.2R|orig.time=Noon|orig.date=1857-10-02
1857	10	2	11	58	0	20.6	orig=16.5R|orig.time=2:00PM|orig.date=1857-10-02
1857	10	2	18	58	0	13.2	orig=10.6R|orig.time=9:00PM|orig.date=1857-10-02
1857	10	3	4	58	0	12.4	orig=9.9R|orig.time=7:00AM|orig.date=1857-10-03
1857	10	3	9	58	0	15.5	orig=12.4R|orig.time=Noon|orig.date=1857-10-03
1857	10	3	11	58	0	16.2	orig=13R|orig.time=2:00PM|orig.date=1857-10-03
1857	10	3	18	58	0	8.8	orig=7R|orig.time=9:00PM|orig.date=1857-10-03
1857	10	4	4	58	0	11.2	orig=9R|orig.time=7:00AM|orig.date=1857-10-04
1857	10	4	9	58	0	17.9	orig=14.3R|orig.time=Noon|orig.date=1857-10-04
1857	10	4	11	58	0	18.6	orig=14.9R|orig.time=2:00PM|orig.date=1857-10-04
1857	10	4	18	58	0	14	orig=11.2R|orig.time=9:00PM|orig.date=1857-10-04
1857	10	5	4	58	0	12.5	orig=10R|orig.time=7:00AM|orig.date=1857-10-05
1857	10	5	9	58	0	22.5	orig=18R|orig.time=Noon|orig.date=1857-10-05
1857	10	5	11	58	0	25	orig=20R|orig.time=2:00PM|orig.date=1857-10-05
1857	10	5	18	58	0	16.1	orig=12.9R|orig.time=9:00PM|orig.date=1857-10-05
1857	10	6	4	58	0	10	orig=8R|orig.time=7:00AM|orig.date=1857-10-06
1857	10	6	9	58	0	18.1	orig=14.5R|orig.time=Noon|orig.date=1857-10-06
1857	10	6	11	58	0	20.6	orig=16.5R|orig.time=2:00PM|orig.date=1857-10-06
1857	10	6	18	58	0	12.8	orig=10.2R|orig.time=9:00PM|orig.date=1857-10-06
1857	10	7	4	58	0	10.6	orig=8.5R|orig.time=7:00AM|orig.date=1857-10-07
1857	10	7	9	58	0	16.2	orig=13R|orig.time=Noon|orig.date=1857-10-07
1857	10	7	11	58	0	19.5	orig=15.6R|orig.time=2:00PM|orig.date=1857-10-07
1857	10	7	18	58	0	14.1	orig=11.3R|orig.time=9:00PM|orig.date=1857-10-07
1857	10	8	4	58	0	10.8	orig=8.6R|orig.time=7:00AM|orig.date=1857-10-08
1857	10	8	9	58	0	15.1	orig=12.1R|orig.time=Noon|orig.date=1857-10-08
1857	10	8	11	58	0	19.5	orig=15.6R|orig.time=2:00PM|orig.date=1857-10-08
1857	10	8	18	58	0	13.5	orig=10.8R|orig.time=9:00PM|orig.date=1857-10-08
1857	10	9	4	58	0	12.4	orig=9.9R|orig.time=7:00AM|orig.date=1857-10-09
1857	10	9	9	58	0	17	orig=13.6R|orig.time=Noon|orig.date=1857-10-09
1857	10	9	11	58	0	16.8	orig=13.4R|orig.time=2:00PM|orig.date=1857-10-09
1857	10	9	18	58	0	13.2	orig=10.6R|orig.time=9:00PM|orig.date=1857-10-09
1857	10	10	4	58	0	11	orig=8.8R|orig.time=7:00AM|orig.date=1857-10-10
1857	10	10	9	58	0	19.4	orig=15.5R|orig.time=Noon|orig.date=1857-10-10
1857	10	10	11	58	0	20.6	orig=16.5R|orig.time=2:00PM|orig.date=1857-10-10
1857	10	10	18	58	0	16.1	orig=12.9R|orig.time=9:00PM|orig.date=1857-10-10
1857	10	11	4	58	0	11.2	orig=9R|orig.time=7:00AM|orig.date=1857-10-11
1857	10	11	9	58	0	17.2	orig=13.8R|orig.time=Noon|orig.date=1857-10-11
1857	10	11	11	58	0	19.2	orig=15.4R|orig.time=2:00PM|orig.date=1857-10-11
1857	10	11	18	58	0	15.8	orig=12.6R|orig.time=9:00PM|orig.date=1857-10-11
1857	10	12	4	58	0	13.4	orig=10.7R|orig.time=7:00AM|orig.date=1857-10-12
1857	10	12	9	58	0	20.2	orig=16.2R|orig.time=Noon|orig.date=1857-10-12
1857	10	12	11	58	0	21.4	orig=17.1R|orig.time=2:00PM|orig.date=1857-10-12
1857	10	12	18	58	0	16.4	orig=13.1R|orig.time=9:00PM|orig.date=1857-10-12
1857	10	13	4	58	0	12.9	orig=10.3R|orig.time=7:00AM|orig.date=1857-10-13
1857	10	13	9	58	0	18.6	orig=14.9R|orig.time=Noon|orig.date=1857-10-13
1857	10	13	11	58	0	17.9	orig=14.3R|orig.time=2:00PM|orig.date=1857-10-13
1857	10	13	18	58	0	11.1	orig=8.9R|orig.time=9:00PM|orig.date=1857-10-13
1857	10	14	4	58	0	8	orig=6.4R|orig.time=7:00AM|orig.date=1857-10-14
1857	10	14	9	58	0	8.2	orig=6.6R|orig.time=Noon|orig.date=1857-10-14
1857	10	14	11	58	0	8.1	orig=6.5R|orig.time=2:00PM|orig.date=1857-10-14
1857	10	14	18	58	0	7.1	orig=5.7R|orig.time=9:00PM|orig.date=1857-10-14
1857	10	15	4	58	0	7.9	orig=6.3R|orig.time=7:00AM|orig.date=1857-10-15
1857	10	15	9	58	0	12.8	orig=10.2R|orig.time=Noon|orig.date=1857-10-15
1857	10	15	11	58	0	13.2	orig=10.6R|orig.time=2:00PM|orig.date=1857-10-15
1857	10	15	18	58	0	9	orig=7.2R|orig.time=9:00PM|orig.date=1857-10-15
1857	10	16	4	58	0	8	orig=6.4R|orig.time=7:00AM|orig.date=1857-10-16
1857	10	16	9	58	0	16.2	orig=13R|orig.time=Noon|orig.date=1857-10-16
1857	10	16	11	58	0	18.2	orig=14.6R|orig.time=2:00PM|orig.date=1857-10-16
1857	10	16	18	58	0	12.8	orig=10.2R|orig.time=9:00PM|orig.date=1857-10-16
1857	10	17	4	58	0	7.4	orig=5.9R|orig.time=7:00AM|orig.date=1857-10-17
1857	10	17	9	58	0	15.6	orig=12.5R|orig.time=Noon|orig.date=1857-10-17
1857	10	17	11	58	0	16.8	orig=13.4R|orig.time=2:00PM|orig.date=1857-10-17
1857	10	17	18	58	0	8.8	orig=7R|orig.time=9:00PM|orig.date=1857-10-17
1857	10	18	4	58	0	1.5	orig=1.2R|orig.time=7:00AM|orig.date=1857-10-18
1857	10	18	9	58	0	5.9	orig=4.7R|orig.time=Noon|orig.date=1857-10-18
1857	10	18	11	58	0	6.9	orig=5.5R|orig.time=2:00PM|orig.date=1857-10-18
1857	10	18	18	58	0	2.8	orig=2.2R|orig.time=9:00PM|orig.date=1857-10-18
1857	10	19	4	58	0	2	orig=1.6R|orig.time=7:00AM|orig.date=1857-10-19
1857	10	19	9	58	0	3.5	orig=2.8R|orig.time=Noon|orig.date=1857-10-19
1857	10	19	11	58	0	5	orig=4R|orig.time=2:00PM|orig.date=1857-10-19
1857	10	19	18	58	0	1.5	orig=1.2R|orig.time=9:00PM|orig.date=1857-10-19
1857	10	20	4	58	0	-1.9	orig=-1.5R|orig.time=7:00AM|orig.date=1857-10-20
1857	10	20	9	58	0	5.2	orig=4.2R|orig.time=Noon|orig.date=1857-10-20
1857	10	20	11	58	0	6.9	orig=5.5R|orig.time=2:00PM|orig.date=1857-10-20
1857	10	20	18	58	0	1.1	orig=0.9R|orig.time=9:00PM|orig.date=1857-10-20
1857	10	21	4	58	0	-0.5	orig=-0.4R|orig.time=7:00AM|orig.date=1857-10-21
1857	10	21	9	58	0	7.5	orig=6R|orig.time=Noon|orig.date=1857-10-21
1857	10	21	11	58	0	9.2	orig=7.4R|orig.time=2:00PM|orig.date=1857-10-21
1857	10	21	18	58	0	3.6	orig=2.9R|orig.time=9:00PM|orig.date=1857-10-21
1857	10	22	4	58	0	-0.5	orig=-0.4R|orig.time=7:00AM|orig.date=1857-10-22
1857	10	22	9	58	0	8.9	orig=7.1R|orig.time=Noon|orig.date=1857-10-22
1857	10	22	11	58	0	10.2	orig=8.2R|orig.time=2:00PM|orig.date=1857-10-22
1857	10	22	18	58	0	4.5	orig=3.6R|orig.time=9:00PM|orig.date=1857-10-22
1857	10	23	4	58	0	1.9	orig=1.5R|orig.time=7:00AM|orig.date=1857-10-23
1857	10	23	9	58	0	12.5	orig=10R|orig.time=Noon|orig.date=1857-10-23
1857	10	23	11	58	0	14.1	orig=11.3R|orig.time=2:00PM|orig.date=1857-10-23
1857	10	23	18	58	0	8.8	orig=7R|orig.time=9:00PM|orig.date=1857-10-23
1857	10	24	4	58	0	10.5	orig=8.4R|orig.time=7:00AM|orig.date=1857-10-24
1857	10	24	9	58	0	14.5	orig=11.6R|orig.time=Noon|orig.date=1857-10-24
1857	10	24	11	58	0	14.4	orig=11.5R|orig.time=2:00PM|orig.date=1857-10-24
1857	10	24	18	58	0	10.8	orig=8.6R|orig.time=9:00PM|orig.date=1857-10-24
1857	10	25	4	58	0	4.4	orig=3.5R|orig.time=7:00AM|orig.date=1857-10-25
1857	10	25	9	58	0	8.5	orig=6.8R|orig.time=Noon|orig.date=1857-10-25
1857	10	25	11	58	0	10.2	orig=8.2R|orig.time=2:00PM|orig.date=1857-10-25
1857	10	25	18	58	0	4.4	orig=3.5R|orig.time=9:00PM|orig.date=1857-10-25
1857	10	26	4	58	0	0.6	orig=0.5R|orig.time=7:00AM|orig.date=1857-10-26
1857	10	26	9	58	0	8	orig=6.4R|orig.time=Noon|orig.date=1857-10-26
1857	10	26	11	58	0	9.8	orig=7.8R|orig.time=2:00PM|orig.date=1857-10-26
1857	10	26	18	58	0	5.1	orig=4.1R|orig.time=9:00PM|orig.date=1857-10-26
1857	10	27	4	58	0	2	orig=1.6R|orig.time=7:00AM|orig.date=1857-10-27
1857	10	27	9	58	0	10.9	orig=8.7R|orig.time=Noon|orig.date=1857-10-27
1857	10	27	11	58	0	11.9	orig=9.5R|orig.time=2:00PM|orig.date=1857-10-27
1857	10	27	18	58	0	5.6	orig=4.5R|orig.time=9:00PM|orig.date=1857-10-27
1857	10	28	4	58	0	4.4	orig=3.5R|orig.time=7:00AM|orig.date=1857-10-28
1857	10	28	9	58	0	11.2	orig=9R|orig.time=Noon|orig.date=1857-10-28
1857	10	28	11	58	0	11.9	orig=9.5R|orig.time=2:00PM|orig.date=1857-10-28
1857	10	28	18	58	0	5.5	orig=4.4R|orig.time=9:00PM|orig.date=1857-10-28
1857	10	29	4	58	0	1	orig=0.8R|orig.time=7:00AM|orig.date=1857-10-29
1857	10	29	9	58	0	2.2	orig=1.8R|orig.time=Noon|orig.date=1857-10-29
1857	10	29	11	58	0	3.8	orig=3R|orig.time=2:00PM|orig.date=1857-10-29
1857	10	29	18	58	0	1.9	orig=1.5R|orig.time=9:00PM|orig.date=1857-10-29
1857	10	30	4	58	0	-2.9	orig=-2.3R|orig.time=7:00AM|orig.date=1857-10-30
1857	10	30	9	58	0	0.4	orig=0.3R|orig.time=Noon|orig.date=1857-10-30
1857	10	30	11	58	0	1.2	orig=1R|orig.time=2:00PM|orig.date=1857-10-30
1857	10	30	18	58	0	-1.1	orig=-0.9R|orig.time=9:00PM|orig.date=1857-10-30
1857	10	31	4	58	0	1.9	orig=1.5R|orig.time=7:00AM|orig.date=1857-10-31
1857	10	31	9	58	0	2.4	orig=1.9R|orig.time=Noon|orig.date=1857-10-31
1857	10	31	11	58	0	3.6	orig=2.9R|orig.time=2:00PM|orig.date=1857-10-31
1857	10	31	18	58	0	2.4	orig=1.9R|orig.time=9:00PM|orig.date=1857-10-31
1857	11	1	4	58	0	3	orig=2.4R|orig.time=7:00AM|orig.date=1857-11-01
1857	11	1	9	58	0	6.9	orig=5.5R|orig.time=Noon|orig.date=1857-11-01
1857	11	1	11	58	0	7.1	orig=5.7R|orig.time=2:00PM|orig.date=1857-11-01
1857	11	1	18	58	0	3.5	orig=2.8R|orig.time=9:00PM|orig.date=1857-11-01
1857	11	2	4	58	0	3.2	orig=2.6R|orig.time=7:00AM|orig.date=1857-11-02
1857	11	2	9	58	0	5.2	orig=4.2R|orig.time=Noon|orig.date=1857-11-02
1857	11	2	11	58	0	5.2	orig=4.2R|orig.time=2:00PM|orig.date=1857-11-02
1857	11	2	18	58	0	3.8	orig=3R|orig.time=9:00PM|orig.date=1857-11-02
1857	11	3	4	58	0	3.1	orig=2.5R|orig.time=7:00AM|orig.date=1857-11-03
1857	11	3	9	58	0	5.2	orig=4.2R|orig.time=Noon|orig.date=1857-11-03
1857	11	3	11	58	0	5.2	orig=4.2R|orig.time=2:00PM|orig.date=1857-11-03
1857	11	3	18	58	0	3.4	orig=2.7R|orig.time=9:00PM|orig.date=1857-11-03
1857	11	4	4	58	0	1.9	orig=1.5R|orig.time=7:00AM|orig.date=1857-11-04
1857	11	4	9	58	0	3	orig=2.4R|orig.time=Noon|orig.date=1857-11-04
1857	11	4	11	58	0	2.1	orig=1.7R|orig.time=2:00PM|orig.date=1857-11-04
1857	11	4	18	58	0	0.6	orig=0.5R|orig.time=9:00PM|orig.date=1857-11-04
1857	11	5	4	58	0	0.8	orig=0.6R|orig.time=7:00AM|orig.date=1857-11-05
1857	11	5	9	58	0	2.2	orig=1.8R|orig.time=Noon|orig.date=1857-11-05
1857	11	5	11	58	0	1.8	orig=1.4R|orig.time=2:00PM|orig.date=1857-11-05
1857	11	5	18	58	0	0.6	orig=0.5R|orig.time=9:00PM|orig.date=1857-11-05
1857	11	6	4	58	0	2.1	orig=1.7R|orig.time=7:00AM|orig.date=1857-11-06
1857	11	6	9	58	0	5.1	orig=4.1R|orig.time=Noon|orig.date=1857-11-06
1857	11	6	11	58	0	5.4	orig=4.3R|orig.time=2:00PM|orig.date=1857-11-06
1857	11	6	18	58	0	4.2	orig=3.4R|orig.time=9:00PM|orig.date=1857-11-06
1857	11	7	4	58	0	3	orig=2.4R|orig.time=7:00AM|orig.date=1857-11-07
1857	11	7	9	58	0	5.5	orig=4.4R|orig.time=Noon|orig.date=1857-11-07
1857	11	7	11	58	0	6.1	orig=4.9R|orig.time=2:00PM|orig.date=1857-11-07
1857	11	7	18	58	0	2.5	orig=2R|orig.time=9:00PM|orig.date=1857-11-07
1857	11	8	4	58	0	-0.2	orig=-0.2R|orig.time=7:00AM|orig.date=1857-11-08
1857	11	8	9	58	0	3.4	orig=2.7R|orig.time=Noon|orig.date=1857-11-08
1857	11	8	11	58	0	4.9	orig=3.9R|orig.time=2:00PM|orig.date=1857-11-08
1857	11	8	18	58	0	3.1	orig=2.5R|orig.time=9:00PM|orig.date=1857-11-08
1857	11	9	4	58	0	-0.6	orig=-0.5R|orig.time=7:00AM|orig.date=1857-11-09
1857	11	9	9	58	0	3.8	orig=3R|orig.time=Noon|orig.date=1857-11-09
1857	11	9	11	58	0	5.1	orig=4.1R|orig.time=2:00PM|orig.date=1857-11-09
1857	11	9	18	58	0	1	orig=0.8R|orig.time=9:00PM|orig.date=1857-11-09
1857	11	10	4	58	0	0.5	orig=0.4R|orig.time=7:00AM|orig.date=1857-11-10
1857	11	10	9	58	0	2	orig=1.6R|orig.time=Noon|orig.date=1857-11-10
1857	11	10	11	58	0	1.1	orig=0.9R|orig.time=2:00PM|orig.date=1857-11-10
1857	11	10	18	58	0	0.6	orig=0.5R|orig.time=9:00PM|orig.date=1857-11-10
1857	11	11	4	58	0	-0.1	orig=-0.1R|orig.time=7:00AM|orig.date=1857-11-11
1857	11	11	9	58	0	0.2	orig=0.2R|orig.time=Noon|orig.date=1857-11-11
1857	11	11	11	58	0	-0.5	orig=-0.4R|orig.time=2:00PM|orig.date=1857-11-11
1857	11	11	18	58	0	-3.1	orig=-2.5R|orig.time=9:00PM|orig.date=1857-11-11
1857	11	12	4	58	0	-3.1	orig=-2.5R|orig.time=7:00AM|orig.date=1857-11-12
1857	11	12	9	58	0	-1	orig=-0.8R|orig.time=Noon|orig.date=1857-11-12
1857	11	12	11	58	0	-1.9	orig=-1.5R|orig.time=2:00PM|orig.date=1857-11-12
1857	11	12	18	58	0	-2.5	orig=-2R|orig.time=9:00PM|orig.date=1857-11-12
1857	11	13	4	58	0	-2.5	orig=-2R|orig.time=7:00AM|orig.date=1857-11-13
1857	11	13	9	58	0	-1	orig=-0.8R|orig.time=Noon|orig.date=1857-11-13
1857	11	13	11	58	0	-1	orig=-0.8R|orig.time=2:00PM|orig.date=1857-11-13
1857	11	13	18	58	0	-1.1	orig=-0.9R|orig.time=9:00PM|orig.date=1857-11-13
1857	11	14	4	58	0	-2.5	orig=-2R|orig.time=7:00AM|orig.date=1857-11-14
1857	11	14	9	58	0	-0.6	orig=-0.5R|orig.time=Noon|orig.date=1857-11-14
1857	11	14	11	58	0	0.9	orig=0.7R|orig.time=2:00PM|orig.date=1857-11-14
1857	11	14	18	58	0	3	orig=2.4R|orig.time=9:00PM|orig.date=1857-11-14
1857	11	15	4	58	0	-0.2	orig=-0.2R|orig.time=7:00AM|orig.date=1857-11-15
1857	11	15	9	58	0	2.6	orig=2.1R|orig.time=Noon|orig.date=1857-11-15
1857	11	15	11	58	0	3.4	orig=2.7R|orig.time=2:00PM|orig.date=1857-11-15
1857	11	15	18	58	0	2.6	orig=2.1R|orig.time=9:00PM|orig.date=1857-11-15
1857	11	16	4	58	0	0.8	orig=0.6R|orig.time=7:00AM|orig.date=1857-11-16
1857	11	16	9	58	0	2.4	orig=1.9R|orig.time=Noon|orig.date=1857-11-16
1857	11	16	11	58	0	2.9	orig=2.3R|orig.time=2:00PM|orig.date=1857-11-16
1857	11	16	18	58	0	1.2	orig=1R|orig.time=9:00PM|orig.date=1857-11-16
1857	11	17	4	58	0	1.1	orig=0.9R|orig.time=7:00AM|orig.date=1857-11-17
1857	11	17	9	58	0	1.4	orig=1.1R|orig.time=Noon|orig.date=1857-11-17
1857	11	17	11	58	0	0.6	orig=0.5R|orig.time=2:00PM|orig.date=1857-11-17
1857	11	17	18	58	0	-1.1	orig=-0.9R|orig.time=9:00PM|orig.date=1857-11-17
1857	11	18	4	58	0	-5.4	orig=-4.3R|orig.time=7:00AM|orig.date=1857-11-18
1857	11	18	9	58	0	-4.4	orig=-3.5R|orig.time=Noon|orig.date=1857-11-18
1857	11	18	11	58	0	-4.6	orig=-3.7R|orig.time=2:00PM|orig.date=1857-11-18
1857	11	18	18	58	0	-8.4	orig=-6.7R|orig.time=9:00PM|orig.date=1857-11-18
1857	11	19	4	58	0	-9.5	orig=-7.6R|orig.time=7:00AM|orig.date=1857-11-19
1857	11	19	9	58	0	-1.4	orig=-1.1R|orig.time=Noon|orig.date=1857-11-19
1857	11	19	11	58	0	-1.5	orig=-1.2R|orig.time=2:00PM|orig.date=1857-11-19
1857	11	19	18	58	0	-1.6	orig=-1.3R|orig.time=9:00PM|orig.date=1857-11-19
1857	11	20	4	58	0	-0.9	orig=-0.7R|orig.time=7:00AM|orig.date=1857-11-20
1857	11	20	9	58	0	1.4	orig=1.1R|orig.time=Noon|orig.date=1857-11-20
1857	11	20	11	58	0	1.6	orig=1.3R|orig.time=2:00PM|orig.date=1857-11-20
1857	11	20	18	58	0	0	orig=0R|orig.time=9:00PM|orig.date=1857-11-20
1857	11	21	4	58	0	-0.1	orig=-0.1R|orig.time=7:00AM|orig.date=1857-11-21
1857	11	21	9	58	0	1.1	orig=0.9R|orig.time=Noon|orig.date=1857-11-21
1857	11	21	11	58	0	1.2	orig=1R|orig.time=2:00PM|orig.date=1857-11-21
1857	11	21	18	58	0	0.9	orig=0.7R|orig.time=9:00PM|orig.date=1857-11-21
1857	11	22	4	58	0	-6.5	orig=-5.2R|orig.time=7:00AM|orig.date=1857-11-22
1857	11	22	9	58	0	-0.6	orig=-0.5R|orig.time=Noon|orig.date=1857-11-22
1857	11	22	11	58	0	0.4	orig=0.3R|orig.time=2:00PM|orig.date=1857-11-22
1857	11	22	18	58	0	-0.9	orig=-0.7R|orig.time=9:00PM|orig.date=1857-11-22
1857	11	23	4	58	0	0.2	orig=0.2R|orig.time=7:00AM|orig.date=1857-11-23
1857	11	23	9	58	0	2	orig=1.6R|orig.time=Noon|orig.date=1857-11-23
1857	11	23	11	58	0	2.2	orig=1.8R|orig.time=2:00PM|orig.date=1857-11-23
1857	11	23	18	58	0	1.2	orig=1R|orig.time=9:00PM|orig.date=1857-11-23
1857	11	24	4	58	0	-4	orig=-3.2R|orig.time=7:00AM|orig.date=1857-11-24
1857	11	24	9	58	0	0.4	orig=0.3R|orig.time=Noon|orig.date=1857-11-24
1857	11	24	11	58	0	1.8	orig=1.4R|orig.time=2:00PM|orig.date=1857-11-24
1857	11	24	18	58	0	-2.2	orig=-1.8R|orig.time=9:00PM|orig.date=1857-11-24
1857	11	25	4	58	0	-5	orig=-4R|orig.time=7:00AM|orig.date=1857-11-25
1857	11	25	9	58	0	0.8	orig=0.6R|orig.time=Noon|orig.date=1857-11-25
1857	11	25	11	58	0	2.8	orig=2.2R|orig.time=2:00PM|orig.date=1857-11-25
1857	11	25	18	58	0	-1	orig=-0.8R|orig.time=9:00PM|orig.date=1857-11-25
1857	11	26	4	58	0	-1.9	orig=-1.5R|orig.time=7:00AM|orig.date=1857-11-26
1857	11	26	9	58	0	4.6	orig=3.7R|orig.time=Noon|orig.date=1857-11-26
1857	11	26	11	58	0	5	orig=4R|orig.time=2:00PM|orig.date=1857-11-26
1857	11	26	18	58	0	0.9	orig=0.7R|orig.time=9:00PM|orig.date=1857-11-26
1857	11	27	4	58	0	-2.5	orig=-2R|orig.time=7:00AM|orig.date=1857-11-27
1857	11	27	9	58	0	2.2	orig=1.8R|orig.time=Noon|orig.date=1857-11-27
1857	11	27	11	58	0	2.1	orig=1.7R|orig.time=2:00PM|orig.date=1857-11-27
1857	11	27	18	58	0	1.8	orig=1.4R|orig.time=9:00PM|orig.date=1857-11-27
1857	11	28	4	58	0	0.5	orig=0.4R|orig.time=7:00AM|orig.date=1857-11-28
1857	11	28	9	58	0	2	orig=1.6R|orig.time=Noon|orig.date=1857-11-28
1857	11	28	11	58	0	2.5	orig=2R|orig.time=2:00PM|orig.date=1857-11-28
1857	11	28	18	58	0	4.2	orig=3.4R|orig.time=9:00PM|orig.date=1857-11-28
1857	11	29	4	58	0	5	orig=4R|orig.time=7:00AM|orig.date=1857-11-29
1857	11	29	9	58	0	6.4	orig=5.1R|orig.time=Noon|orig.date=1857-11-29
1857	11	29	11	58	0	6.8	orig=5.4R|orig.time=2:00PM|orig.date=1857-11-29
1857	11	29	18	58	0	3.2	orig=2.6R|orig.time=9:00PM|orig.date=1857-11-29
1857	11	30	4	58	0	1.1	orig=0.9R|orig.time=7:00AM|orig.date=1857-11-30
1857	11	30	9	58	0	0.2	orig=0.2R|orig.time=Noon|orig.date=1857-11-30
1857	11	30	11	58	0	0	orig=0R|orig.time=2:00PM|orig.date=1857-11-30
1857	11	30	18	58	0	-1.9	orig=-1.5R|orig.time=9:00PM|orig.date=1857-11-30
1857	12	1	4	58	0	-3.5	orig=-2.8R|orig.time=7:00AM|orig.date=1857-12-01
1857	12	1	9	58	0	-0.8	orig=-0.6R|orig.time=Noon|orig.date=1857-12-01
1857	12	1	11	58	0	0.4	orig=0.3R|orig.time=2:00PM|orig.date=1857-12-01
1857	12	1	18	58	0	0.1	orig=0.1R|orig.time=9:00PM|orig.date=1857-12-01
1857	12	2	4	58	0	-4.1	orig=-3.3R|orig.time=7:00AM|orig.date=1857-12-02
1857	12	2	9	58	0	1.6	orig=1.3R|orig.time=Noon|orig.date=1857-12-02
1857	12	2	11	58	0	4.2	orig=3.4R|orig.time=2:00PM|orig.date=1857-12-02
1857	12	2	18	58	0	1.2	orig=1R|orig.time=9:00PM|orig.date=1857-12-02
1857	12	3	4	58	0	0.6	orig=0.5R|orig.time=7:00AM|orig.date=1857-12-03
1857	12	3	9	58	0	3.1	orig=2.5R|orig.time=Noon|orig.date=1857-12-03
1857	12	3	11	58	0	3.2	orig=2.6R|orig.time=2:00PM|orig.date=1857-12-03
1857	12	3	18	58	0	1.2	orig=1R|orig.time=9:00PM|orig.date=1857-12-03
1857	12	4	4	58	0	1.2	orig=1R|orig.time=7:00AM|orig.date=1857-12-04
1857	12	4	9	58	0	2.1	orig=1.7R|orig.time=Noon|orig.date=1857-12-04
1857	12	4	11	58	0	1.9	orig=1.5R|orig.time=2:00PM|orig.date=1857-12-04
1857	12	4	18	58	0	0	orig=0R|orig.time=9:00PM|orig.date=1857-12-04
1857	12	5	4	58	0	-0.8	orig=-0.6R|orig.time=7:00AM|orig.date=1857-12-05
1857	12	5	9	58	0	0.6	orig=0.5R|orig.time=Noon|orig.date=1857-12-05
1857	12	5	11	58	0	-1.8	orig=-1.4R|orig.time=2:00PM|orig.date=1857-12-05
1857	12	5	18	58	0	-2.5	orig=-2R|orig.time=9:00PM|orig.date=1857-12-05
1857	12	6	4	58	0	-4.6	orig=-3.7R|orig.time=7:00AM|orig.date=1857-12-06
1857	12	6	9	58	0	-2.5	orig=-2R|orig.time=Noon|orig.date=1857-12-06
1857	12	6	11	58	0	-1.6	orig=-1.3R|orig.time=2:00PM|orig.date=1857-12-06
1857	12	6	18	58	0	-3.8	orig=-3R|orig.time=9:00PM|orig.date=1857-12-06
1857	12	7	4	58	0	-4.8	orig=-3.8R|orig.time=7:00AM|orig.date=1857-12-07
1857	12	7	9	58	0	-4.4	orig=-3.5R|orig.time=Noon|orig.date=1857-12-07
1857	12	7	11	58	0	-4.1	orig=-3.3R|orig.time=2:00PM|orig.date=1857-12-07
1857	12	7	18	58	0	-3.5	orig=-2.8R|orig.time=9:00PM|orig.date=1857-12-07
1857	12	8	4	58	0	-3.1	orig=-2.5R|orig.time=7:00AM|orig.date=1857-12-08
1857	12	8	9	58	0	-2.2	orig=-1.8R|orig.time=Noon|orig.date=1857-12-08
1857	12	8	11	58	0	-2.1	orig=-1.7R|orig.time=2:00PM|orig.date=1857-12-08
1857	12	8	18	58	0	-4.4	orig=-3.5R|orig.time=9:00PM|orig.date=1857-12-08
1857	12	9	4	58	0	0.2	orig=0.2R|orig.time=7:00AM|orig.date=1857-12-09
1857	12	9	9	58	0	2.6	orig=2.1R|orig.time=Noon|orig.date=1857-12-09
1857	12	9	11	58	0	2.5	orig=2R|orig.time=2:00PM|orig.date=1857-12-09
1857	12	9	18	58	0	1.9	orig=1.5R|orig.time=9:00PM|orig.date=1857-12-09
1857	12	10	4	58	0	1.2	orig=1R|orig.time=7:00AM|orig.date=1857-12-10
1857	12	10	9	58	0	1.5	orig=1.2R|orig.time=Noon|orig.date=1857-12-10
1857	12	10	11	58	0	4.6	orig=3.7R|orig.time=2:00PM|orig.date=1857-12-10
1857	12	10	18	58	0	1.9	orig=1.5R|orig.time=9:00PM|orig.date=1857-12-10
1857	12	11	4	58	0	-2.5	orig=-2R|orig.time=7:00AM|orig.date=1857-12-11
1857	12	11	9	58	0	-1	orig=-0.8R|orig.time=Noon|orig.date=1857-12-11
1857	12	11	11	58	0	-0.8	orig=-0.6R|orig.time=2:00PM|orig.date=1857-12-11
1857	12	11	18	58	0	0.1	orig=0.1R|orig.time=9:00PM|orig.date=1857-12-11
1857	12	12	4	58	0	1.2	orig=1R|orig.time=7:00AM|orig.date=1857-12-12
1857	12	12	9	58	0	3.1	orig=2.5R|orig.time=Noon|orig.date=1857-12-12
1857	12	12	11	58	0	1.6	orig=1.3R|orig.time=2:00PM|orig.date=1857-12-12
1857	12	12	18	58	0	-1.2	orig=-1R|orig.time=9:00PM|orig.date=1857-12-12
1857	12	13	4	58	0	-3.8	orig=-3R|orig.time=7:00AM|orig.date=1857-12-13
1857	12	13	9	58	0	-2.5	orig=-2R|orig.time=Noon|orig.date=1857-12-13
1857	12	13	11	58	0	2.5	orig=2R|orig.time=2:00PM|orig.date=1857-12-13
1857	12	13	18	58	0	-6.2	orig=-5R|orig.time=9:00PM|orig.date=1857-12-13
1857	12	14	4	58	0	-11.2	orig=-9R|orig.time=7:00AM|orig.date=1857-12-14
1857	12	14	9	58	0	-10.8	orig=-8.6R|orig.time=Noon|orig.date=1857-12-14
1857	12	14	11	58	0	-10.5	orig=-8.4R|orig.time=2:00PM|orig.date=1857-12-14
1857	12	14	18	58	0	-12.9	orig=-10.3R|orig.time=9:00PM|orig.date=1857-12-14
1857	12	15	4	58	0	-10.2	orig=-8.2R|orig.time=7:00AM|orig.date=1857-12-15
1857	12	15	9	58	0	6.2	orig=5R|orig.time=Noon|orig.date=1857-12-15
1857	12	15	11	58	0	6.9	orig=5.5R|orig.time=2:00PM|orig.date=1857-12-15
1857	12	15	18	58	0	1.9	orig=1.5R|orig.time=9:00PM|orig.date=1857-12-15
1857	12	16	4	58	0	1.2	orig=1R|orig.time=7:00AM|orig.date=1857-12-16
1857	12	16	9	58	0	2.6	orig=2.1R|orig.time=Noon|orig.date=1857-12-16
1857	12	16	11	58	0	2.6	orig=2.1R|orig.time=2:00PM|orig.date=1857-12-16
1857	12	16	18	58	0	2.1	orig=1.7R|orig.time=9:00PM|orig.date=1857-12-16
1857	12	17	4	58	0	1.6	orig=1.3R|orig.time=7:00AM|orig.date=1857-12-17
1857	12	17	9	58	0	3.2	orig=2.6R|orig.time=Noon|orig.date=1857-12-17
1857	12	17	11	58	0	3.1	orig=2.5R|orig.time=2:00PM|orig.date=1857-12-17
1857	12	17	18	58	0	2	orig=1.6R|orig.time=9:00PM|orig.date=1857-12-17
1857	12	18	4	58	0	0	orig=0R|orig.time=7:00AM|orig.date=1857-12-18
1857	12	18	9	58	0	3.4	orig=2.7R|orig.time=Noon|orig.date=1857-12-18
1857	12	18	11	58	0	4.5	orig=3.6R|orig.time=2:00PM|orig.date=1857-12-18
1857	12	18	18	58	0	4.9	orig=3.9R|orig.time=9:00PM|orig.date=1857-12-18
1857	12	19	4	58	0	5	orig=4R|orig.time=7:00AM|orig.date=1857-12-19
1857	12	19	9	58	0	6.2	orig=5R|orig.time=Noon|orig.date=1857-12-19
1857	12	19	11	58	0	6.2	orig=5R|orig.time=2:00PM|orig.date=1857-12-19
1857	12	19	18	58	0	4.4	orig=3.5R|orig.time=9:00PM|orig.date=1857-12-19
1857	12	20	4	58	0	2.5	orig=2R|orig.time=7:00AM|orig.date=1857-12-20
1857	12	20	9	58	0	5.4	orig=4.3R|orig.time=Noon|orig.date=1857-12-20
1857	12	20	11	58	0	6	orig=4.8R|orig.time=2:00PM|orig.date=1857-12-20
1857	12	20	18	58	0	1.9	orig=1.5R|orig.time=9:00PM|orig.date=1857-12-20
1857	12	21	4	58	0	1.2	orig=1R|orig.time=7:00AM|orig.date=1857-12-21
1857	12	21	9	58	0	2.2	orig=1.8R|orig.time=Noon|orig.date=1857-12-21
1857	12	21	11	58	0	1.9	orig=1.5R|orig.time=2:00PM|orig.date=1857-12-21
1857	12	21	18	58	0	0.4	orig=0.3R|orig.time=9:00PM|orig.date=1857-12-21
1857	12	22	4	58	0	-0.4	orig=-0.3R|orig.time=7:00AM|orig.date=1857-12-22
1857	12	22	9	58	0	-0.6	orig=-0.5R|orig.time=Noon|orig.date=1857-12-22
1857	12	22	11	58	0	-0.6	orig=-0.5R|orig.time=2:00PM|orig.date=1857-12-22
1857	12	22	18	58	0	-1.2	orig=-1R|orig.time=9:00PM|orig.date=1857-12-22
1857	12	23	4	58	0	-0.6	orig=-0.5R|orig.time=7:00AM|orig.date=1857-12-23
1857	12	23	9	58	0	3.8	orig=3R|orig.time=Noon|orig.date=1857-12-23
1857	12	23	11	58	0	6	orig=4.8R|orig.time=2:00PM|orig.date=1857-12-23
1857	12	23	18	58	0	5	orig=4R|orig.time=9:00PM|orig.date=1857-12-23
1857	12	24	4	58	0	3.1	orig=2.5R|orig.time=7:00AM|orig.date=1857-12-24
1857	12	24	9	58	0	3.1	orig=2.5R|orig.time=Noon|orig.date=1857-12-24
1857	12	24	11	58	0	1.4	orig=1.1R|orig.time=2:00PM|orig.date=1857-12-24
1857	12	24	18	58	0	-0.5	orig=-0.4R|orig.time=9:00PM|orig.date=1857-12-24
1857	12	25	4	58	0	-0.8	orig=-0.6R|orig.time=7:00AM|orig.date=1857-12-25
1857	12	25	9	58	0	0	orig=0R|orig.time=Noon|orig.date=1857-12-25
1857	12	25	11	58	0	0.6	orig=0.5R|orig.time=2:00PM|orig.date=1857-12-25
1857	12	25	18	58	0	-1.2	orig=-1R|orig.time=9:00PM|orig.date=1857-12-25
1857	12	26	4	58	0	0	orig=0R|orig.time=7:00AM|orig.date=1857-12-26
1857	12	26	9	58	0	1.9	orig=1.5R|orig.time=Noon|orig.date=1857-12-26
1857	12	26	11	58	0	2.5	orig=2R|orig.time=2:00PM|orig.date=1857-12-26
1857	12	26	18	58	0	0.6	orig=0.5R|orig.time=9:00PM|orig.date=1857-12-26
1857	12	27	4	58	0	0.6	orig=0.5R|orig.time=7:00AM|orig.date=1857-12-27
1857	12	27	9	58	0	0.6	orig=0.5R|orig.time=Noon|orig.date=1857-12-27
1857	12	27	11	58	0	-1.8	orig=-1.4R|orig.time=2:00PM|orig.date=1857-12-27
1857	12	27	18	58	0	-2.6	orig=-2.1R|orig.time=9:00PM|orig.date=1857-12-27
1857	12	28	4	58	0	-7.5	orig=-6R|orig.time=7:00AM|orig.date=1857-12-28
1857	12	28	9	58	0	-7.5	orig=-6R|orig.time=Noon|orig.date=1857-12-28
1857	12	28	11	58	0	-7.2	orig=-5.8R|orig.time=2:00PM|orig.date=1857-12-28
1857	12	28	18	58	0	-8.4	orig=-6.7R|orig.time=9:00PM|orig.date=1857-12-28
1857	12	29	4	58	0	-9	orig=-7.2R|orig.time=7:00AM|orig.date=1857-12-29
1857	12	29	9	58	0	-6.9	orig=-5.5R|orig.time=Noon|orig.date=1857-12-29
1857	12	29	11	58	0	-6.5	orig=-5.2R|orig.time=2:00PM|orig.date=1857-12-29
1857	12	29	18	58	0	-7.5	orig=-6R|orig.time=9:00PM|orig.date=1857-12-29
1857	12	30	4	58	0	-3.8	orig=-3R|orig.time=7:00AM|orig.date=1857-12-30
1857	12	30	9	58	0	-1.9	orig=-1.5R|orig.time=Noon|orig.date=1857-12-30
1857	12	30	11	58	0	-1.5	orig=-1.2R|orig.time=2:00PM|orig.date=1857-12-30
1857	12	30	18	58	0	-2.4	orig=-1.9R|orig.time=9:00PM|orig.date=1857-12-30
1857	12	31	4	58	0	0	orig=0R|orig.time=7:00AM|orig.date=1857-12-31
1857	12	31	9	58	0	1.9	orig=1.5R|orig.time=Noon|orig.date=1857-12-31
1857	12	31	11	58	0	2.4	orig=1.9R|orig.time=2:00PM|orig.date=1857-12-31
1857	12	31	18	58	0	0.5	orig=0.4R|orig.time=9:00PM|orig.date=1857-12-31
1858	1	1	4	58	0	1	orig=0.8R|orig.time=7:00AM|orig.date=1858-01-01
1858	1	1	9	58	0	2.5	orig=2R|orig.time=Noon|orig.date=1858-01-01
1858	1	1	11	58	0	2.6	orig=2.1R|orig.time=2:00PM|orig.date=1858-01-01
1858	1	1	18	58	0	2.2	orig=1.8R|orig.time=9:00PM|orig.date=1858-01-01
1858	1	2	4	58	0	0.5	orig=0.4R|orig.time=7:00AM|orig.date=1858-01-02
1858	1	2	9	58	0	-1.2	orig=-1R|orig.time=Noon|orig.date=1858-01-02
1858	1	2	11	58	0	-1.2	orig=-1R|orig.time=2:00PM|orig.date=1858-01-02
1858	1	2	18	58	0	-12.5	orig=-10R|orig.time=9:00PM|orig.date=1858-01-02
1858	1	3	4	58	0	-16.2	orig=-13R|orig.time=7:00AM|orig.date=1858-01-03
1858	1	3	9	58	0	-15	orig=-12R|orig.time=Noon|orig.date=1858-01-03
1858	1	3	11	58	0	-14.6	orig=-11.7R|orig.time=2:00PM|orig.date=1858-01-03
1858	1	3	18	58	0	-17.8	orig=-14.2R|orig.time=9:00PM|orig.date=1858-01-03
1858	1	4	4	58	0	-20.4	orig=-16.3R|orig.time=7:00AM|orig.date=1858-01-04
1858	1	4	9	58	0	-18.2	orig=-14.6R|orig.time=Noon|orig.date=1858-01-04
1858	1	4	11	58	0	-16.6	orig=-13.3R|orig.time=2:00PM|orig.date=1858-01-04
1858	1	4	18	58	0	-17.1	orig=-13.7R|orig.time=9:00PM|orig.date=1858-01-04
1858	1	5	4	58	0	-12.9	orig=-10.3R|orig.time=7:00AM|orig.date=1858-01-05
1858	1	5	9	58	0	-9	orig=-7.2R|orig.time=Noon|orig.date=1858-01-05
1858	1	5	11	58	0	-9.4	orig=-7.5R|orig.time=2:00PM|orig.date=1858-01-05
1858	1	5	18	58	0	-5.9	orig=-4.7R|orig.time=9:00PM|orig.date=1858-01-05
1858	1	6	4	58	0	-3	orig=-2.4R|orig.time=7:00AM|orig.date=1858-01-06
1858	1	6	9	58	0	-3.9	orig=-3.1R|orig.time=Noon|orig.date=1858-01-06
1858	1	6	11	58	0	-4.2	orig=-3.4R|orig.time=2:00PM|orig.date=1858-01-06
1858	1	6	18	58	0	-5.1	orig=-4.1R|orig.time=9:00PM|orig.date=1858-01-06
1858	1	7	4	58	0	-6.9	orig=-5.5R|orig.time=7:00AM|orig.date=1858-01-07
1858	1	7	9	58	0	-5.2	orig=-4.2R|orig.time=Noon|orig.date=1858-01-07
1858	1	7	11	58	0	-5.2	orig=-4.2R|orig.time=2:00PM|orig.date=1858-01-07
1858	1	7	18	58	0	-6.2	orig=-5R|orig.time=9:00PM|orig.date=1858-01-07
1858	1	8	4	58	0	-7	orig=-5.6R|orig.time=7:00AM|orig.date=1858-01-08
1858	1	8	9	58	0	-6.4	orig=-5.1R|orig.time=Noon|orig.date=1858-01-08
1858	1	8	11	58	0	-5.9	orig=-4.7R|orig.time=2:00PM|orig.date=1858-01-08
1858	1	8	18	58	0	-6.4	orig=-5.1R|orig.time=9:00PM|orig.date=1858-01-08
1858	1	9	4	58	0	-7.1	orig=-5.7R|orig.time=7:00AM|orig.date=1858-01-09
1858	1	9	9	58	0	-5.4	orig=-4.3R|orig.time=Noon|orig.date=1858-01-09
1858	1	9	11	58	0	-3.9	orig=-3.1R|orig.time=2:00PM|orig.date=1858-01-09
1858	1	9	18	58	0	-6	orig=-4.8R|orig.time=9:00PM|orig.date=1858-01-09
1858	1	10	4	58	0	-7.9	orig=-6.3R|orig.time=7:00AM|orig.date=1858-01-10
1858	1	10	9	58	0	-5	orig=-4R|orig.time=Noon|orig.date=1858-01-10
1858	1	10	11	58	0	-5.2	orig=-4.2R|orig.time=2:00PM|orig.date=1858-01-10
1858	1	10	18	58	0	-7.8	orig=-6.2R|orig.time=9:00PM|orig.date=1858-01-10
1858	1	11	4	58	0	-7.9	orig=-6.3R|orig.time=7:00AM|orig.date=1858-01-11
1858	1	11	9	58	0	-3	orig=-2.4R|orig.time=Noon|orig.date=1858-01-11
1858	1	11	11	58	0	-1.9	orig=-1.5R|orig.time=2:00PM|orig.date=1858-01-11
1858	1	11	18	58	0	-2.1	orig=-1.7R|orig.time=9:00PM|orig.date=1858-01-11
1858	1	12	4	58	0	-1.2	orig=-1R|orig.time=7:00AM|orig.date=1858-01-12
1858	1	12	9	58	0	0	orig=0R|orig.time=Noon|orig.date=1858-01-12
1858	1	12	11	58	0	0	orig=0R|orig.time=2:00PM|orig.date=1858-01-12
1858	1	12	18	58	0	-1.2	orig=-1R|orig.time=9:00PM|orig.date=1858-01-12
1858	1	13	4	58	0	-6.5	orig=-5.2R|orig.time=7:00AM|orig.date=1858-01-13
1858	1	13	9	58	0	-6.2	orig=-5R|orig.time=Noon|orig.date=1858-01-13
1858	1	13	11	58	0	-6	orig=-4.8R|orig.time=2:00PM|orig.date=1858-01-13
1858	1	13	18	58	0	-8.2	orig=-6.6R|orig.time=9:00PM|orig.date=1858-01-13
1858	1	14	4	58	0	-7.1	orig=-5.7R|orig.time=7:00AM|orig.date=1858-01-14
1858	1	14	9	58	0	-5.8	orig=-4.6R|orig.time=Noon|orig.date=1858-01-14
1858	1	14	11	58	0	-6.2	orig=-5R|orig.time=2:00PM|orig.date=1858-01-14
1858	1	14	18	58	0	-7.8	orig=-6.2R|orig.time=9:00PM|orig.date=1858-01-14
1858	1	15	4	58	0	-8	orig=-6.4R|orig.time=7:00AM|orig.date=1858-01-15
1858	1	15	9	58	0	-4.8	orig=-3.8R|orig.time=Noon|orig.date=1858-01-15
1858	1	15	11	58	0	-4.5	orig=-3.6R|orig.time=2:00PM|orig.date=1858-01-15
1858	1	15	18	58	0	-6.8	orig=-5.4R|orig.time=9:00PM|orig.date=1858-01-15
1858	1	16	4	58	0	-6.2	orig=-5R|orig.time=7:00AM|orig.date=1858-01-16
1858	1	16	9	58	0	-1.9	orig=-1.5R|orig.time=Noon|orig.date=1858-01-16
1858	1	16	11	58	0	-0.6	orig=-0.5R|orig.time=2:00PM|orig.date=1858-01-16
1858	1	16	18	58	0	-0.8	orig=-0.6R|orig.time=9:00PM|orig.date=1858-01-16
1858	1	17	4	58	0	-5	orig=-4R|orig.time=7:00AM|orig.date=1858-01-17
1858	1	17	9	58	0	-6	orig=-4.8R|orig.time=Noon|orig.date=1858-01-17
1858	1	17	11	58	0	-5.6	orig=-4.5R|orig.time=2:00PM|orig.date=1858-01-17
1858	1	17	18	58	0	-10.4	orig=-8.3R|orig.time=9:00PM|orig.date=1858-01-17
1858	1	18	4	58	0	-12.2	orig=-9.8R|orig.time=7:00AM|orig.date=1858-01-18
1858	1	18	9	58	0	-8.1	orig=-6.5R|orig.time=Noon|orig.date=1858-01-18
1858	1	18	11	58	0	-6.9	orig=-5.5R|orig.time=2:00PM|orig.date=1858-01-18
1858	1	18	18	58	0	-7.4	orig=-5.9R|orig.time=9:00PM|orig.date=1858-01-18
1858	1	19	4	58	0	-5.9	orig=-4.7R|orig.time=7:00AM|orig.date=1858-01-19
1858	1	19	9	58	0	-1.9	orig=-1.5R|orig.time=Noon|orig.date=1858-01-19
1858	1	19	11	58	0	-1	orig=-0.8R|orig.time=2:00PM|orig.date=1858-01-19
1858	1	19	18	58	0	-1.5	orig=-1.2R|orig.time=9:00PM|orig.date=1858-01-19
1858	1	20	4	58	0	-0.2	orig=-0.2R|orig.time=7:00AM|orig.date=1858-01-20
1858	1	20	9	58	0	3.2	orig=2.6R|orig.time=Noon|orig.date=1858-01-20
1858	1	20	11	58	0	3.5	orig=2.8R|orig.time=2:00PM|orig.date=1858-01-20
1858	1	20	18	58	0	1.8	orig=1.4R|orig.time=9:00PM|orig.date=1858-01-20
1858	1	21	4	58	0	1.5	orig=1.2R|orig.time=7:00AM|orig.date=1858-01-21
1858	1	21	9	58	0	3.8	orig=3R|orig.time=Noon|orig.date=1858-01-21
1858	1	21	11	58	0	3.8	orig=3R|orig.time=2:00PM|orig.date=1858-01-21
1858	1	21	18	58	0	-0.4	orig=-0.3R|orig.time=9:00PM|orig.date=1858-01-21
1858	1	22	4	58	0	-3.4	orig=-2.7R|orig.time=7:00AM|orig.date=1858-01-22
1858	1	22	9	58	0	-2.5	orig=-2R|orig.time=Noon|orig.date=1858-01-22
1858	1	22	11	58	0	-2.8	orig=-2.2R|orig.time=2:00PM|orig.date=1858-01-22
1858	1	22	18	58	0	-6.6	orig=-5.3R|orig.time=9:00PM|orig.date=1858-01-22
1858	1	23	4	58	0	-11.2	orig=-9R|orig.time=7:00AM|orig.date=1858-01-23
1858	1	23	9	58	0	-7.1	orig=-5.7R|orig.time=Noon|orig.date=1858-01-23
1858	1	23	11	58	0	-5.8	orig=-4.6R|orig.time=2:00PM|orig.date=1858-01-23
1858	1	23	18	58	0	-8.9	orig=-7.1R|orig.time=9:00PM|orig.date=1858-01-23
1858	1	24	4	58	0	-11.6	orig=-9.3R|orig.time=7:00AM|orig.date=1858-01-24
1858	1	24	9	58	0	-10.2	orig=-8.2R|orig.time=Noon|orig.date=1858-01-24
1858	1	24	11	58	0	-9.2	orig=-7.4R|orig.time=2:00PM|orig.date=1858-01-24
1858	1	24	18	58	0	-11	orig=-8.8R|orig.time=9:00PM|orig.date=1858-01-24
1858	1	25	4	58	0	-10.1	orig=-8.1R|orig.time=7:00AM|orig.date=1858-01-25
1858	1	25	9	58	0	-6.9	orig=-5.5R|orig.time=Noon|orig.date=1858-01-25
1858	1	25	11	58	0	-6.2	orig=-5R|orig.time=2:00PM|orig.date=1858-01-25
1858	1	25	18	58	0	-8.2	orig=-6.6R|orig.time=9:00PM|orig.date=1858-01-25
1858	1	26	4	58	0	-7.8	orig=-6.2R|orig.time=7:00AM|orig.date=1858-01-26
1858	1	26	9	58	0	-3.8	orig=-3R|orig.time=Noon|orig.date=1858-01-26
1858	1	26	11	58	0	-2.8	orig=-2.2R|orig.time=2:00PM|orig.date=1858-01-26
1858	1	26	18	58	0	-5.6	orig=-4.5R|orig.time=9:00PM|orig.date=1858-01-26
1858	1	27	4	58	0	-7.4	orig=-5.9R|orig.time=7:00AM|orig.date=1858-01-27
1858	1	27	9	58	0	-6.6	orig=-5.3R|orig.time=Noon|orig.date=1858-01-27
1858	1	27	11	58	0	-7.9	orig=-6.3R|orig.time=2:00PM|orig.date=1858-01-27
1858	1	27	18	58	0	-12.4	orig=-9.9R|orig.time=9:00PM|orig.date=1858-01-27
1858	1	28	4	58	0	-17.2	orig=-13.8R|orig.time=7:00AM|orig.date=1858-01-28
1858	1	28	9	58	0	-14.4	orig=-11.5R|orig.time=Noon|orig.date=1858-01-28
1858	1	28	11	58	0	-12.9	orig=-10.3R|orig.time=2:00PM|orig.date=1858-01-28
1858	1	28	18	58	0	-13.9	orig=-11.1R|orig.time=9:00PM|orig.date=1858-01-28
1858	1	29	4	58	0	-18.1	orig=-14.5R|orig.time=7:00AM|orig.date=1858-01-29
1858	1	29	9	58	0	-15.6	orig=-12.5R|orig.time=Noon|orig.date=1858-01-29
1858	1	29	11	58	0	-14.2	orig=-11.4R|orig.time=2:00PM|orig.date=1858-01-29
1858	1	29	18	58	0	-15.2	orig=-12.2R|orig.time=9:00PM|orig.date=1858-01-29
1858	1	30	4	58	0	-19.2	orig=-15.4R|orig.time=7:00AM|orig.date=1858-01-30
1858	1	30	9	58	0	-16.4	orig=-13.1R|orig.time=Noon|orig.date=1858-01-30
1858	1	30	11	58	0	-16.2	orig=-13R|orig.time=2:00PM|orig.date=1858-01-30
1858	1	30	18	58	0	-16.6	orig=-13.3R|orig.time=9:00PM|orig.date=1858-01-30
1858	1	31	4	58	0	-19.4	orig=-15.5R|orig.time=7:00AM|orig.date=1858-01-31
1858	1	31	9	58	0	-13	orig=-10.4R|orig.time=Noon|orig.date=1858-01-31
1858	1	31	11	58	0	-10.9	orig=-8.7R|orig.time=2:00PM|orig.date=1858-01-31
1858	1	31	18	58	0	-13.1	orig=-10.5R|orig.time=9:00PM|orig.date=1858-01-31
1858	2	1	4	58	0	-16.5	orig=-13.2R|orig.time=7:00AM|orig.date=1858-02-01
1858	2	1	9	58	0	-10.2	orig=-8.2R|orig.time=Noon|orig.date=1858-02-01
1858	2	1	11	58	0	-8.4	orig=-6.7R|orig.time=2:00PM|orig.date=1858-02-01
1858	2	1	18	58	0	-13.5	orig=-10.8R|orig.time=9:00PM|orig.date=1858-02-01
1858	2	2	4	58	0	-8.8	orig=-7R|orig.time=7:00AM|orig.date=1858-02-02
1858	2	2	9	58	0	-5.5	orig=-4.4R|orig.time=Noon|orig.date=1858-02-02
1858	2	2	11	58	0	-4.4	orig=-3.5R|orig.time=2:00PM|orig.date=1858-02-02
1858	2	2	18	58	0	-4.8	orig=-3.8R|orig.time=9:00PM|orig.date=1858-02-02
1858	2	3	4	58	0	-5.6	orig=-4.5R|orig.time=7:00AM|orig.date=1858-02-03
1858	2	3	9	58	0	-4.4	orig=-3.5R|orig.time=Noon|orig.date=1858-02-03
1858	2	3	11	58	0	-4.1	orig=-3.3R|orig.time=2:00PM|orig.date=1858-02-03
1858	2	3	18	58	0	-5.5	orig=-4.4R|orig.time=9:00PM|orig.date=1858-02-03
1858	2	4	4	58	0	-6	orig=-4.8R|orig.time=7:00AM|orig.date=1858-02-04
1858	2	4	9	58	0	-6.6	orig=-5.3R|orig.time=Noon|orig.date=1858-02-04
1858	2	4	11	58	0	-6.2	orig=-5R|orig.time=2:00PM|orig.date=1858-02-04
1858	2	4	18	58	0	-4.2	orig=-3.4R|orig.time=9:00PM|orig.date=1858-02-04
1858	2	5	4	58	0	-8.8	orig=-7R|orig.time=7:00AM|orig.date=1858-02-05
1858	2	5	9	58	0	-2.5	orig=-2R|orig.time=Noon|orig.date=1858-02-05
1858	2	5	11	58	0	-1.6	orig=-1.3R|orig.time=2:00PM|orig.date=1858-02-05
1858	2	5	18	58	0	-7.1	orig=-5.7R|orig.time=9:00PM|orig.date=1858-02-05
1858	2	6	4	58	0	-14.4	orig=-11.5R|orig.time=7:00AM|orig.date=1858-02-06
1858	2	6	9	58	0	-10.9	orig=-8.7R|orig.time=Noon|orig.date=1858-02-06
1858	2	6	11	58	0	-9.5	orig=-7.6R|orig.time=2:00PM|orig.date=1858-02-06
1858	2	6	18	58	0	-12.1	orig=-9.7R|orig.time=9:00PM|orig.date=1858-02-06
1858	2	7	4	58	0	-16.9	orig=-13.5R|orig.time=7:00AM|orig.date=1858-02-07
1858	2	7	9	58	0	-13.8	orig=-11R|orig.time=Noon|orig.date=1858-02-07
1858	2	7	11	58	0	-13.1	orig=-10.5R|orig.time=2:00PM|orig.date=1858-02-07
1858	2	7	18	58	0	-16.2	orig=-13R|orig.time=9:00PM|orig.date=1858-02-07
1858	2	8	4	58	0	-18.4	orig=-14.7R|orig.time=7:00AM|orig.date=1858-02-08
1858	2	8	9	58	0	-14.4	orig=-11.5R|orig.time=Noon|orig.date=1858-02-08
1858	2	8	11	58	0	-11.8	orig=-9.4R|orig.time=2:00PM|orig.date=1858-02-08
1858	2	8	18	58	0	-12.9	orig=-10.3R|orig.time=9:00PM|orig.date=1858-02-08
1858	2	9	4	58	0	-17.8	orig=-14.2R|orig.time=7:00AM|orig.date=1858-02-09
1858	2	9	9	58	0	-8	orig=-6.4R|orig.time=Noon|orig.date=1858-02-09
1858	2	9	11	58	0	-5	orig=-4R|orig.time=2:00PM|orig.date=1858-02-09
1858	2	9	18	58	0	-8.1	orig=-6.5R|orig.time=9:00PM|orig.date=1858-02-09
1858	2	10	4	58	0	-13.1	orig=-10.5R|orig.time=7:00AM|orig.date=1858-02-10
1858	2	10	9	58	0	-10	orig=-8R|orig.time=Noon|orig.date=1858-02-10
1858	2	10	11	58	0	-8.5	orig=-6.8R|orig.time=2:00PM|orig.date=1858-02-10
1858	2	10	18	58	0	-12.5	orig=-10R|orig.time=9:00PM|orig.date=1858-02-10
1858	2	11	4	58	0	-15.6	orig=-12.5R|orig.time=7:00AM|orig.date=1858-02-11
1858	2	11	9	58	0	-10.2	orig=-8.2R|orig.time=Noon|orig.date=1858-02-11
1858	2	11	11	58	0	-10.9	orig=-8.7R|orig.time=2:00PM|orig.date=1858-02-11
1858	2	11	18	58	0	-11	orig=-8.8R|orig.time=9:00PM|orig.date=1858-02-11
1858	2	12	4	58	0	-18.1	orig=-14.5R|orig.time=7:00AM|orig.date=1858-02-12
1858	2	12	9	58	0	-7.2	orig=-5.8R|orig.time=Noon|orig.date=1858-02-12
1858	2	12	11	58	0	-2.8	orig=-2.2R|orig.time=2:00PM|orig.date=1858-02-12
1858	2	12	18	58	0	-10	orig=-8R|orig.time=9:00PM|orig.date=1858-02-12
1858	2	13	4	58	0	-12.8	orig=-10.2R|orig.time=7:00AM|orig.date=1858-02-13
1858	2	13	9	58	0	-1.9	orig=-1.5R|orig.time=Noon|orig.date=1858-02-13
1858	2	13	11	58	0	-1.6	orig=-1.3R|orig.time=2:00PM|orig.date=1858-02-13
1858	2	13	18	58	0	-7.4	orig=-5.9R|orig.time=9:00PM|orig.date=1858-02-13
1858	2	14	4	58	0	-13.1	orig=-10.5R|orig.time=7:00AM|orig.date=1858-02-14
1858	2	14	9	58	0	-3.2	orig=-2.6R|orig.time=Noon|orig.date=1858-02-14
1858	2	14	11	58	0	-3.9	orig=-3.1R|orig.time=2:00PM|orig.date=1858-02-14
1858	2	14	18	58	0	-9.8	orig=-7.8R|orig.time=9:00PM|orig.date=1858-02-14
1858	2	15	4	58	0	-11.6	orig=-9.3R|orig.time=7:00AM|orig.date=1858-02-15
1858	2	15	9	58	0	-5	orig=-4R|orig.time=Noon|orig.date=1858-02-15
1858	2	15	11	58	0	-0.9	orig=-0.7R|orig.time=2:00PM|orig.date=1858-02-15
1858	2	15	18	58	0	-4.5	orig=-3.6R|orig.time=9:00PM|orig.date=1858-02-15
1858	2	16	4	58	0	-5	orig=-4R|orig.time=7:00AM|orig.date=1858-02-16
1858	2	16	9	58	0	1.2	orig=1R|orig.time=Noon|orig.date=1858-02-16
1858	2	16	11	58	0	2	orig=1.6R|orig.time=2:00PM|orig.date=1858-02-16
1858	2	16	18	58	0	-3.8	orig=-3R|orig.time=9:00PM|orig.date=1858-02-16
1858	2	17	4	58	0	-7.5	orig=-6R|orig.time=7:00AM|orig.date=1858-02-17
1858	2	17	9	58	0	-1.4	orig=-1.1R|orig.time=Noon|orig.date=1858-02-17
1858	2	17	11	58	0	-0.6	orig=-0.5R|orig.time=2:00PM|orig.date=1858-02-17
1858	2	17	18	58	0	-6	orig=-4.8R|orig.time=9:00PM|orig.date=1858-02-17
1858	2	18	4	58	0	-10.4	orig=-8.3R|orig.time=7:00AM|orig.date=1858-02-18
1858	2	18	9	58	0	-10.9	orig=-8.7R|orig.time=Noon|orig.date=1858-02-18
1858	2	18	11	58	0	-10.6	orig=-8.5R|orig.time=2:00PM|orig.date=1858-02-18
1858	2	18	18	58	0	-12.5	orig=-10R|orig.time=9:00PM|orig.date=1858-02-18
1858	2	19	4	58	0	-16.9	orig=-13.5R|orig.time=7:00AM|orig.date=1858-02-19
1858	2	19	9	58	0	-7.8	orig=-6.2R|orig.time=Noon|orig.date=1858-02-19
1858	2	19	11	58	0	-5.9	orig=-4.7R|orig.time=2:00PM|orig.date=1858-02-19
1858	2	19	18	58	0	-8.8	orig=-7R|orig.time=9:00PM|orig.date=1858-02-19
1858	2	20	4	58	0	-11.2	orig=-9R|orig.time=7:00AM|orig.date=1858-02-20
1858	2	20	9	58	0	-3.5	orig=-2.8R|orig.time=Noon|orig.date=1858-02-20
1858	2	20	11	58	0	-2.1	orig=-1.7R|orig.time=2:00PM|orig.date=1858-02-20
1858	2	20	18	58	0	-10.4	orig=-8.3R|orig.time=9:00PM|orig.date=1858-02-20
1858	2	21	4	58	0	-9.4	orig=-7.5R|orig.time=7:00AM|orig.date=1858-02-21
1858	2	21	9	58	0	-4.4	orig=-3.5R|orig.time=Noon|orig.date=1858-02-21
1858	2	21	11	58	0	-6.2	orig=-5R|orig.time=2:00PM|orig.date=1858-02-21
1858	2	21	18	58	0	-12	orig=-9.6R|orig.time=9:00PM|orig.date=1858-02-21
1858	2	22	4	58	0	-16.9	orig=-13.5R|orig.time=7:00AM|orig.date=1858-02-22
1858	2	22	9	58	0	-11.6	orig=-9.3R|orig.time=Noon|orig.date=1858-02-22
1858	2	22	11	58	0	-11.2	orig=-9R|orig.time=2:00PM|orig.date=1858-02-22
1858	2	22	18	58	0	-15.6	orig=-12.5R|orig.time=9:00PM|orig.date=1858-02-22
1858	2	23	4	58	0	-21.2	orig=-17R|orig.time=7:00AM|orig.date=1858-02-23
1858	2	23	9	58	0	-12.9	orig=-10.3R|orig.time=Noon|orig.date=1858-02-23
1858	2	23	11	58	0	-12.2	orig=-9.8R|orig.time=2:00PM|orig.date=1858-02-23
1858	2	23	18	58	0	-13.4	orig=-10.7R|orig.time=9:00PM|orig.date=1858-02-23
1858	2	24	4	58	0	-16.9	orig=-13.5R|orig.time=7:00AM|orig.date=1858-02-24
1858	2	24	9	58	0	-8.4	orig=-6.7R|orig.time=Noon|orig.date=1858-02-24
1858	2	24	11	58	0	-6.6	orig=-5.3R|orig.time=2:00PM|orig.date=1858-02-24
1858	2	24	18	58	0	-7.5	orig=-6R|orig.time=9:00PM|orig.date=1858-02-24
1858	2	25	4	58	0	-7.9	orig=-6.3R|orig.time=7:00AM|orig.date=1858-02-25
1858	2	25	9	58	0	-3.8	orig=-3R|orig.time=Noon|orig.date=1858-02-25
1858	2	25	11	58	0	-3.8	orig=-3R|orig.time=2:00PM|orig.date=1858-02-25
1858	2	25	18	58	0	-5	orig=-4R|orig.time=9:00PM|orig.date=1858-02-25
1858	2	26	4	58	0	-5	orig=-4R|orig.time=7:00AM|orig.date=1858-02-26
1858	2	26	9	58	0	-2.6	orig=-2.1R|orig.time=Noon|orig.date=1858-02-26
1858	2	26	11	58	0	-2.2	orig=-1.8R|orig.time=2:00PM|orig.date=1858-02-26
1858	2	26	18	58	0	-4	orig=-3.2R|orig.time=9:00PM|orig.date=1858-02-26
1858	2	27	4	58	0	-5	orig=-4R|orig.time=7:00AM|orig.date=1858-02-27
1858	2	27	9	58	0	-0.5	orig=-0.4R|orig.time=Noon|orig.date=1858-02-27
1858	2	27	11	58	0	-0.2	orig=-0.2R|orig.time=2:00PM|orig.date=1858-02-27
1858	2	27	18	58	0	-2.5	orig=-2R|orig.time=9:00PM|orig.date=1858-02-27
1858	2	28	4	58	0	-3.9	orig=-3.1R|orig.time=7:00AM|orig.date=1858-02-28
1858	2	28	9	58	0	-3.1	orig=-2.5R|orig.time=Noon|orig.date=1858-02-28
1858	2	28	11	58	0	-2.4	orig=-1.9R|orig.time=2:00PM|orig.date=1858-02-28
1858	2	28	18	58	0	-7.2	orig=-5.8R|orig.time=9:00PM|orig.date=1858-02-28
1858	3	1	4	58	0	-7.6	orig=-6.1R|orig.time=7:00AM|orig.date=1858-03-01
1858	3	1	9	58	0	-1.9	orig=-1.5R|orig.time=Noon|orig.date=1858-03-01
1858	3	1	11	58	0	-0.6	orig=-0.5R|orig.time=2:00PM|orig.date=1858-03-01
1858	3	1	18	58	0	-6.2	orig=-5R|orig.time=9:00PM|orig.date=1858-03-01
1858	3	2	4	58	0	-5.4	orig=-4.3R|orig.time=7:00AM|orig.date=1858-03-02
1858	3	2	9	58	0	-3.4	orig=-2.7R|orig.time=Noon|orig.date=1858-03-02
1858	3	2	11	58	0	-2.9	orig=-2.3R|orig.time=2:00PM|orig.date=1858-03-02
1858	3	2	18	58	0	-3.8	orig=-3R|orig.time=9:00PM|orig.date=1858-03-02
1858	3	3	4	58	0	-16.2	orig=-13R|orig.time=7:00AM|orig.date=1858-03-03
1858	3	3	9	58	0	-11.4	orig=-9.1R|orig.time=Noon|orig.date=1858-03-03
1858	3	3	11	58	0	-10.9	orig=-8.7R|orig.time=2:00PM|orig.date=1858-03-03
1858	3	3	18	58	0	-14.4	orig=-11.5R|orig.time=9:00PM|orig.date=1858-03-03
1858	3	4	4	58	0	-18.1	orig=-14.5R|orig.time=7:00AM|orig.date=1858-03-04
1858	3	4	9	58	0	-11.2	orig=-9R|orig.time=Noon|orig.date=1858-03-04
1858	3	4	11	58	0	-9.5	orig=-7.6R|orig.time=2:00PM|orig.date=1858-03-04
1858	3	4	18	58	0	-14.6	orig=-11.7R|orig.time=9:00PM|orig.date=1858-03-04
1858	3	5	4	58	0	-14.4	orig=-11.5R|orig.time=7:00AM|orig.date=1858-03-05
1858	3	5	9	58	0	-10.4	orig=-8.3R|orig.time=Noon|orig.date=1858-03-05
1858	3	5	11	58	0	-10	orig=-8R|orig.time=2:00PM|orig.date=1858-03-05
1858	3	5	18	58	0	-14.6	orig=-11.7R|orig.time=9:00PM|orig.date=1858-03-05
1858	3	6	4	58	0	-16.2	orig=-13R|orig.time=7:00AM|orig.date=1858-03-06
1858	3	6	9	58	0	-11.2	orig=-9R|orig.time=Noon|orig.date=1858-03-06
1858	3	6	11	58	0	-8.6	orig=-6.9R|orig.time=2:00PM|orig.date=1858-03-06
1858	3	6	18	58	0	-8.8	orig=-7R|orig.time=9:00PM|orig.date=1858-03-06
1858	3	7	4	58	0	-6.2	orig=-5R|orig.time=7:00AM|orig.date=1858-03-07
1858	3	7	9	58	0	-2.9	orig=-2.3R|orig.time=Noon|orig.date=1858-03-07
1858	3	7	11	58	0	-0.4	orig=-0.3R|orig.time=2:00PM|orig.date=1858-03-07
1858	3	7	18	58	0	-0.6	orig=-0.5R|orig.time=9:00PM|orig.date=1858-03-07
1858	3	8	4	58	0	0.6	orig=0.5R|orig.time=7:00AM|orig.date=1858-03-08
1858	3	8	9	58	0	2.5	orig=2R|orig.time=Noon|orig.date=1858-03-08
1858	3	8	11	58	0	1.9	orig=1.5R|orig.time=2:00PM|orig.date=1858-03-08
1858	3	8	18	58	0	-3.6	orig=-2.9R|orig.time=9:00PM|orig.date=1858-03-08
1858	3	9	4	58	0	-2.5	orig=-2R|orig.time=7:00AM|orig.date=1858-03-09
1858	3	9	9	58	0	1.2	orig=1R|orig.time=Noon|orig.date=1858-03-09
1858	3	9	11	58	0	2.1	orig=1.7R|orig.time=2:00PM|orig.date=1858-03-09
1858	3	9	18	58	0	-5	orig=-4R|orig.time=9:00PM|orig.date=1858-03-09
1858	3	10	4	58	0	-5	orig=-4R|orig.time=7:00AM|orig.date=1858-03-10
1858	3	10	9	58	0	1.2	orig=1R|orig.time=Noon|orig.date=1858-03-10
1858	3	10	11	58	0	0	orig=0R|orig.time=2:00PM|orig.date=1858-03-10
1858	3	10	18	58	0	-3.1	orig=-2.5R|orig.time=9:00PM|orig.date=1858-03-10
1858	3	11	4	58	0	-6.9	orig=-5.5R|orig.time=7:00AM|orig.date=1858-03-11
1858	3	11	9	58	0	0.6	orig=0.5R|orig.time=Noon|orig.date=1858-03-11
1858	3	11	11	58	0	1.9	orig=1.5R|orig.time=2:00PM|orig.date=1858-03-11
1858	3	11	18	58	0	-3.4	orig=-2.7R|orig.time=9:00PM|orig.date=1858-03-11
1858	3	12	4	58	0	-5	orig=-4R|orig.time=7:00AM|orig.date=1858-03-12
1858	3	12	9	58	0	-1.5	orig=-1.2R|orig.time=Noon|orig.date=1858-03-12
1858	3	12	11	58	0	3.2	orig=2.6R|orig.time=2:00PM|orig.date=1858-03-12
1858	3	12	18	58	0	-2.5	orig=-2R|orig.time=9:00PM|orig.date=1858-03-12
1858	3	13	4	58	0	-3.1	orig=-2.5R|orig.time=7:00AM|orig.date=1858-03-13
1858	3	13	9	58	0	-0.4	orig=-0.3R|orig.time=Noon|orig.date=1858-03-13
1858	3	13	11	58	0	-0.1	orig=-0.1R|orig.time=2:00PM|orig.date=1858-03-13
1858	3	13	18	58	0	-1.2	orig=-1R|orig.time=9:00PM|orig.date=1858-03-13
1858	3	14	4	58	0	0	orig=0R|orig.time=7:00AM|orig.date=1858-03-14
1858	3	14	9	58	0	1.8	orig=1.4R|orig.time=Noon|orig.date=1858-03-14
1858	3	14	11	58	0	1.5	orig=1.2R|orig.time=2:00PM|orig.date=1858-03-14
1858	3	14	18	58	0	0.8	orig=0.6R|orig.time=9:00PM|orig.date=1858-03-14
1858	3	15	4	58	0	0.5	orig=0.4R|orig.time=7:00AM|orig.date=1858-03-15
1858	3	15	9	58	0	1.4	orig=1.1R|orig.time=Noon|orig.date=1858-03-15
1858	3	15	11	58	0	1.6	orig=1.3R|orig.time=2:00PM|orig.date=1858-03-15
1858	3	15	18	58	0	1.2	orig=1R|orig.time=9:00PM|orig.date=1858-03-15
1858	3	16	4	58	0	1.2	orig=1R|orig.time=7:00AM|orig.date=1858-03-16
1858	3	16	9	58	0	2.9	orig=2.3R|orig.time=Noon|orig.date=1858-03-16
1858	3	16	11	58	0	3.1	orig=2.5R|orig.time=2:00PM|orig.date=1858-03-16
1858	3	16	18	58	0	1.1	orig=0.9R|orig.time=9:00PM|orig.date=1858-03-16
1858	3	17	4	58	0	0	orig=0R|orig.time=7:00AM|orig.date=1858-03-17
1858	3	17	9	58	0	5	orig=4R|orig.time=Noon|orig.date=1858-03-17
1858	3	17	11	58	0	5	orig=4R|orig.time=2:00PM|orig.date=1858-03-17
1858	3	17	18	58	0	1.2	orig=1R|orig.time=9:00PM|orig.date=1858-03-17
1858	3	18	4	58	0	1.2	orig=1R|orig.time=7:00AM|orig.date=1858-03-18
1858	3	18	9	58	0	5.8	orig=4.6R|orig.time=Noon|orig.date=1858-03-18
1858	3	18	11	58	0	4.9	orig=3.9R|orig.time=2:00PM|orig.date=1858-03-18
1858	3	18	18	58	0	1.5	orig=1.2R|orig.time=9:00PM|orig.date=1858-03-18
1858	3	19	4	58	0	0.6	orig=0.5R|orig.time=7:00AM|orig.date=1858-03-19
1858	3	19	9	58	0	5.1	orig=4.1R|orig.time=Noon|orig.date=1858-03-19
1858	3	19	11	58	0	2.5	orig=2R|orig.time=2:00PM|orig.date=1858-03-19
1858	3	19	18	58	0	2.4	orig=1.9R|orig.time=9:00PM|orig.date=1858-03-19
1858	3	20	4	58	0	-1	orig=-0.8R|orig.time=7:00AM|orig.date=1858-03-20
1858	3	20	9	58	0	-0.6	orig=-0.5R|orig.time=Noon|orig.date=1858-03-20
1858	3	20	11	58	0	0.6	orig=0.5R|orig.time=2:00PM|orig.date=1858-03-20
1858	3	20	18	58	0	-3.8	orig=-3R|orig.time=9:00PM|orig.date=1858-03-20
1858	3	21	4	58	0	-0.9	orig=-0.7R|orig.time=7:00AM|orig.date=1858-03-21
1858	3	21	9	58	0	0.5	orig=0.4R|orig.time=Noon|orig.date=1858-03-21
1858	3	21	11	58	0	2	orig=1.6R|orig.time=2:00PM|orig.date=1858-03-21
1858	3	21	18	58	0	-0.1	orig=-0.1R|orig.time=9:00PM|orig.date=1858-03-21
1858	3	22	4	58	0	0.4	orig=0.3R|orig.time=7:00AM|orig.date=1858-03-22
1858	3	22	9	58	0	2.1	orig=1.7R|orig.time=Noon|orig.date=1858-03-22
1858	3	22	11	58	0	1.9	orig=1.5R|orig.time=2:00PM|orig.date=1858-03-22
1858	3	22	18	58	0	1.6	orig=1.3R|orig.time=9:00PM|orig.date=1858-03-22
1858	3	23	4	58	0	0.9	orig=0.7R|orig.time=7:00AM|orig.date=1858-03-23
1858	3	23	9	58	0	1.9	orig=1.5R|orig.time=Noon|orig.date=1858-03-23
1858	3	23	11	58	0	1.9	orig=1.5R|orig.time=2:00PM|orig.date=1858-03-23
1858	3	23	18	58	0	1	orig=0.8R|orig.time=9:00PM|orig.date=1858-03-23
1858	3	24	4	58	0	1.6	orig=1.3R|orig.time=7:00AM|orig.date=1858-03-24
1858	3	24	9	58	0	3.8	orig=3R|orig.time=Noon|orig.date=1858-03-24
1858	3	24	11	58	0	4.4	orig=3.5R|orig.time=2:00PM|orig.date=1858-03-24
1858	3	24	18	58	0	2.9	orig=2.3R|orig.time=9:00PM|orig.date=1858-03-24
1858	3	25	4	58	0	3.4	orig=2.7R|orig.time=7:00AM|orig.date=1858-03-25
1858	3	25	9	58	0	4.8	orig=3.8R|orig.time=Noon|orig.date=1858-03-25
1858	3	25	11	58	0	5	orig=4R|orig.time=2:00PM|orig.date=1858-03-25
1858	3	25	18	58	0	0	orig=0R|orig.time=9:00PM|orig.date=1858-03-25
1858	3	26	4	58	0	-3.4	orig=-2.7R|orig.time=7:00AM|orig.date=1858-03-26
1858	3	26	9	58	0	1.8	orig=1.4R|orig.time=Noon|orig.date=1858-03-26
1858	3	26	11	58	0	3	orig=2.4R|orig.time=2:00PM|orig.date=1858-03-26
1858	3	26	18	58	0	0.4	orig=0.3R|orig.time=9:00PM|orig.date=1858-03-26
1858	3	27	4	58	0	-1.9	orig=-1.5R|orig.time=7:00AM|orig.date=1858-03-27
1858	3	27	9	58	0	0.6	orig=0.5R|orig.time=Noon|orig.date=1858-03-27
1858	3	27	11	58	0	2.8	orig=2.2R|orig.time=2:00PM|orig.date=1858-03-27
1858	3	27	18	58	0	-6.6	orig=-5.3R|orig.time=9:00PM|orig.date=1858-03-27
1858	3	28	4	58	0	-6.9	orig=-5.5R|orig.time=7:00AM|orig.date=1858-03-28
1858	3	28	9	58	0	-2.1	orig=-1.7R|orig.time=Noon|orig.date=1858-03-28
1858	3	28	11	58	0	-1.4	orig=-1.1R|orig.time=2:00PM|orig.date=1858-03-28
1858	3	28	18	58	0	-5.8	orig=-4.6R|orig.time=9:00PM|orig.date=1858-03-28
1858	3	29	4	58	0	-3.8	orig=-3R|orig.time=7:00AM|orig.date=1858-03-29
1858	3	29	9	58	0	2.2	orig=1.8R|orig.time=Noon|orig.date=1858-03-29
1858	3	29	11	58	0	2.9	orig=2.3R|orig.time=2:00PM|orig.date=1858-03-29
1858	3	29	18	58	0	1	orig=0.8R|orig.time=9:00PM|orig.date=1858-03-29
1858	3	30	4	58	0	1.2	orig=1R|orig.time=7:00AM|orig.date=1858-03-30
1858	3	30	9	58	0	7.5	orig=6R|orig.time=Noon|orig.date=1858-03-30
1858	3	30	11	58	0	8.2	orig=6.6R|orig.time=2:00PM|orig.date=1858-03-30
1858	3	30	18	58	0	3.8	orig=3R|orig.time=9:00PM|orig.date=1858-03-30
1858	3	31	4	58	0	3.1	orig=2.5R|orig.time=7:00AM|orig.date=1858-03-31
1858	3	31	9	58	0	10	orig=8R|orig.time=Noon|orig.date=1858-03-31
1858	3	31	11	58	0	10.8	orig=8.6R|orig.time=2:00PM|orig.date=1858-03-31
1858	3	31	18	58	0	5.9	orig=4.7R|orig.time=9:00PM|orig.date=1858-03-31
1858	4	1	4	58	0	4.4	orig=3.5R|orig.time=7:00AM|orig.date=1858-04-01
1858	4	1	9	58	0	11.1	orig=8.9R|orig.time=Noon|orig.date=1858-04-01
1858	4	1	11	58	0	13	orig=10.4R|orig.time=2:00PM|orig.date=1858-04-01
1858	4	1	18	58	0	5.4	orig=4.3R|orig.time=9:00PM|orig.date=1858-04-01
1858	4	2	4	58	0	3	orig=2.4R|orig.time=7:00AM|orig.date=1858-04-02
1858	4	2	9	58	0	9.6	orig=7.7R|orig.time=Noon|orig.date=1858-04-02
1858	4	2	11	58	0	12.5	orig=10R|orig.time=2:00PM|orig.date=1858-04-02
1858	4	2	18	58	0	6.4	orig=5.1R|orig.time=9:00PM|orig.date=1858-04-02
1858	4	3	4	58	0	4.4	orig=3.5R|orig.time=7:00AM|orig.date=1858-04-03
1858	4	3	9	58	0	3.2	orig=2.6R|orig.time=Noon|orig.date=1858-04-03
1858	4	3	11	58	0	3.1	orig=2.5R|orig.time=2:00PM|orig.date=1858-04-03
1858	4	3	18	58	0	0.6	orig=0.5R|orig.time=9:00PM|orig.date=1858-04-03
1858	4	4	4	58	0	1.1	orig=0.9R|orig.time=7:00AM|orig.date=1858-04-04
1858	4	4	9	58	0	3.2	orig=2.6R|orig.time=Noon|orig.date=1858-04-04
1858	4	4	11	58	0	3.4	orig=2.7R|orig.time=2:00PM|orig.date=1858-04-04
1858	4	4	18	58	0	0	orig=0R|orig.time=9:00PM|orig.date=1858-04-04
1858	4	5	4	58	0	3.8	orig=3R|orig.time=7:00AM|orig.date=1858-04-05
1858	4	5	9	58	0	8.1	orig=6.5R|orig.time=Noon|orig.date=1858-04-05
1858	4	5	11	58	0	8.8	orig=7R|orig.time=2:00PM|orig.date=1858-04-05
1858	4	5	18	58	0	2.2	orig=1.8R|orig.time=9:00PM|orig.date=1858-04-05
1858	4	6	4	58	0	0	orig=0R|orig.time=7:00AM|orig.date=1858-04-06
1858	4	6	9	58	0	5.6	orig=4.5R|orig.time=Noon|orig.date=1858-04-06
1858	4	6	11	58	0	7.4	orig=5.9R|orig.time=2:00PM|orig.date=1858-04-06
1858	4	6	18	58	0	1.9	orig=1.5R|orig.time=9:00PM|orig.date=1858-04-06
1858	4	7	4	58	0	0.6	orig=0.5R|orig.time=7:00AM|orig.date=1858-04-07
1858	4	7	9	58	0	5	orig=4R|orig.time=Noon|orig.date=1858-04-07
1858	4	7	11	58	0	7.2	orig=5.8R|orig.time=2:00PM|orig.date=1858-04-07
1858	4	7	18	58	0	1.1	orig=0.9R|orig.time=9:00PM|orig.date=1858-04-07
1858	4	8	4	58	0	-0.1	orig=-0.1R|orig.time=7:00AM|orig.date=1858-04-08
1858	4	8	9	58	0	2.8	orig=2.2R|orig.time=Noon|orig.date=1858-04-08
1858	4	8	11	58	0	2.2	orig=1.8R|orig.time=2:00PM|orig.date=1858-04-08
1858	4	8	18	58	0	0	orig=0R|orig.time=9:00PM|orig.date=1858-04-08
1858	4	9	4	58	0	1.2	orig=1R|orig.time=7:00AM|orig.date=1858-04-09
1858	4	9	9	58	0	2.6	orig=2.1R|orig.time=Noon|orig.date=1858-04-09
1858	4	9	11	58	0	3.8	orig=3R|orig.time=2:00PM|orig.date=1858-04-09
1858	4	9	18	58	0	-0.4	orig=-0.3R|orig.time=9:00PM|orig.date=1858-04-09
1858	4	10	4	58	0	-0.1	orig=-0.1R|orig.time=7:00AM|orig.date=1858-04-10
1858	4	10	9	58	0	5	orig=4R|orig.time=Noon|orig.date=1858-04-10
1858	4	10	11	58	0	6.9	orig=5.5R|orig.time=2:00PM|orig.date=1858-04-10
1858	4	10	18	58	0	2	orig=1.6R|orig.time=9:00PM|orig.date=1858-04-10
1858	4	11	4	58	0	4.8	orig=3.8R|orig.time=7:00AM|orig.date=1858-04-11
1858	4	11	9	58	0	7.9	orig=6.3R|orig.time=Noon|orig.date=1858-04-11
1858	4	11	11	58	0	9	orig=7.2R|orig.time=2:00PM|orig.date=1858-04-11
1858	4	11	18	58	0	4.6	orig=3.7R|orig.time=9:00PM|orig.date=1858-04-11
1858	4	12	4	58	0	1.9	orig=1.5R|orig.time=7:00AM|orig.date=1858-04-12
1858	4	12	9	58	0	2	orig=1.6R|orig.time=Noon|orig.date=1858-04-12
1858	4	12	11	58	0	2.2	orig=1.8R|orig.time=2:00PM|orig.date=1858-04-12
1858	4	12	18	58	0	3.8	orig=3R|orig.time=9:00PM|orig.date=1858-04-12
1858	4	13	4	58	0	0.8	orig=0.6R|orig.time=7:00AM|orig.date=1858-04-13
1858	4	13	9	58	0	4.8	orig=3.8R|orig.time=Noon|orig.date=1858-04-13
1858	4	13	11	58	0	6.5	orig=5.2R|orig.time=2:00PM|orig.date=1858-04-13
1858	4	13	18	58	0	0.6	orig=0.5R|orig.time=9:00PM|orig.date=1858-04-13
1858	4	14	4	58	0	2.5	orig=2R|orig.time=7:00AM|orig.date=1858-04-14
1858	4	14	9	58	0	8.2	orig=6.6R|orig.time=Noon|orig.date=1858-04-14
1858	4	14	11	58	0	8.8	orig=7R|orig.time=2:00PM|orig.date=1858-04-14
1858	4	14	18	58	0	2.5	orig=2R|orig.time=9:00PM|orig.date=1858-04-14
1858	4	15	4	58	0	3.4	orig=2.7R|orig.time=7:00AM|orig.date=1858-04-15
1858	4	15	9	58	0	7	orig=5.6R|orig.time=Noon|orig.date=1858-04-15
1858	4	15	11	58	0	2.4	orig=1.9R|orig.time=2:00PM|orig.date=1858-04-15
1858	4	15	18	58	0	1.4	orig=1.1R|orig.time=9:00PM|orig.date=1858-04-15
1858	4	16	4	58	0	-0.1	orig=-0.1R|orig.time=7:00AM|orig.date=1858-04-16
1858	4	16	9	58	0	7.2	orig=5.8R|orig.time=Noon|orig.date=1858-04-16
1858	4	16	11	58	0	7	orig=5.6R|orig.time=2:00PM|orig.date=1858-04-16
1858	4	16	18	58	0	3.8	orig=3R|orig.time=9:00PM|orig.date=1858-04-16
1858	4	17	4	58	0	3.1	orig=2.5R|orig.time=7:00AM|orig.date=1858-04-17
1858	4	17	9	58	0	10.5	orig=8.4R|orig.time=Noon|orig.date=1858-04-17
1858	4	17	11	58	0	11.5	orig=9.2R|orig.time=2:00PM|orig.date=1858-04-17
1858	4	17	18	58	0	5.9	orig=4.7R|orig.time=9:00PM|orig.date=1858-04-17
1858	4	18	4	58	0	7.5	orig=6R|orig.time=7:00AM|orig.date=1858-04-18
1858	4	18	9	58	0	12.2	orig=9.8R|orig.time=Noon|orig.date=1858-04-18
1858	4	18	11	58	0	13.9	orig=11.1R|orig.time=2:00PM|orig.date=1858-04-18
1858	4	18	18	58	0	8.8	orig=7R|orig.time=9:00PM|orig.date=1858-04-18
1858	4	19	4	58	0	4.2	orig=3.4R|orig.time=7:00AM|orig.date=1858-04-19
1858	4	19	9	58	0	7.5	orig=6R|orig.time=Noon|orig.date=1858-04-19
1858	4	19	11	58	0	8.8	orig=7R|orig.time=2:00PM|orig.date=1858-04-19
1858	4	19	18	58	0	8.8	orig=7R|orig.time=9:00PM|orig.date=1858-04-19
1858	4	20	4	58	0	10	orig=8R|orig.time=7:00AM|orig.date=1858-04-20
1858	4	20	9	58	0	14.1	orig=11.3R|orig.time=Noon|orig.date=1858-04-20
1858	4	20	11	58	0	15	orig=12R|orig.time=2:00PM|orig.date=1858-04-20
1858	4	20	18	58	0	12.5	orig=10R|orig.time=9:00PM|orig.date=1858-04-20
1858	4	21	4	58	0	8.8	orig=7R|orig.time=7:00AM|orig.date=1858-04-21
1858	4	21	9	58	0	16.9	orig=13.5R|orig.time=Noon|orig.date=1858-04-21
1858	4	21	11	58	0	19.9	orig=15.9R|orig.time=2:00PM|orig.date=1858-04-21
1858	4	21	18	58	0	15	orig=12R|orig.time=9:00PM|orig.date=1858-04-21
1858	4	22	4	58	0	15	orig=12R|orig.time=7:00AM|orig.date=1858-04-22
1858	4	22	9	58	0	20.8	orig=16.6R|orig.time=Noon|orig.date=1858-04-22
1858	4	22	11	58	0	18.8	orig=15R|orig.time=2:00PM|orig.date=1858-04-22
1858	4	22	18	58	0	10.5	orig=8.4R|orig.time=9:00PM|orig.date=1858-04-22
1858	4	23	4	58	0	0.1	orig=0.1R|orig.time=7:00AM|orig.date=1858-04-23
1858	4	23	9	58	0	-3.1	orig=-2.5R|orig.time=Noon|orig.date=1858-04-23
1858	4	23	11	58	0	4	orig=3.2R|orig.time=2:00PM|orig.date=1858-04-23
1858	4	23	18	58	0	-3.1	orig=-2.5R|orig.time=9:00PM|orig.date=1858-04-23
1858	4	24	4	58	0	3.1	orig=2.5R|orig.time=7:00AM|orig.date=1858-04-24
1858	4	24	9	58	0	7.5	orig=6R|orig.time=Noon|orig.date=1858-04-24
1858	4	24	11	58	0	7.8	orig=6.2R|orig.time=2:00PM|orig.date=1858-04-24
1858	4	24	18	58	0	4.4	orig=3.5R|orig.time=9:00PM|orig.date=1858-04-24
1858	4	25	4	58	0	4.4	orig=3.5R|orig.time=7:00AM|orig.date=1858-04-25
1858	4	25	9	58	0	4.5	orig=3.6R|orig.time=Noon|orig.date=1858-04-25
1858	4	25	11	58	0	5	orig=4R|orig.time=2:00PM|orig.date=1858-04-25
1858	4	25	18	58	0	4.4	orig=3.5R|orig.time=9:00PM|orig.date=1858-04-25
1858	4	26	4	58	0	2.9	orig=2.3R|orig.time=7:00AM|orig.date=1858-04-26
1858	4	26	9	58	0	4.6	orig=3.7R|orig.time=Noon|orig.date=1858-04-26
1858	4	26	11	58	0	4.8	orig=3.8R|orig.time=2:00PM|orig.date=1858-04-26
1858	4	26	18	58	0	4.9	orig=3.9R|orig.time=9:00PM|orig.date=1858-04-26
1858	4	27	4	58	0	5.6	orig=4.5R|orig.time=7:00AM|orig.date=1858-04-27
1858	4	27	9	58	0	12.5	orig=10R|orig.time=Noon|orig.date=1858-04-27
1858	4	27	11	58	0	12.9	orig=10.3R|orig.time=2:00PM|orig.date=1858-04-27
1858	4	27	18	58	0	9.1	orig=7.3R|orig.time=9:00PM|orig.date=1858-04-27
1858	4	28	4	58	0	4.1	orig=3.3R|orig.time=7:00AM|orig.date=1858-04-28
1858	4	28	9	58	0	6.9	orig=5.5R|orig.time=Noon|orig.date=1858-04-28
1858	4	28	11	58	0	8.5	orig=6.8R|orig.time=2:00PM|orig.date=1858-04-28
1858	4	28	18	58	0	4.4	orig=3.5R|orig.time=9:00PM|orig.date=1858-04-28
1858	4	29	4	58	0	3.9	orig=3.1R|orig.time=7:00AM|orig.date=1858-04-29
1858	4	29	9	58	0	10	orig=8R|orig.time=Noon|orig.date=1858-04-29
1858	4	29	11	58	0	9.9	orig=7.9R|orig.time=2:00PM|orig.date=1858-04-29
1858	4	29	18	58	0	6.5	orig=5.2R|orig.time=9:00PM|orig.date=1858-04-29
1858	4	30	4	58	0	11.2	orig=9R|orig.time=7:00AM|orig.date=1858-04-30
1858	4	30	9	58	0	15.6	orig=12.5R|orig.time=Noon|orig.date=1858-04-30
1858	4	30	11	58	0	17.5	orig=14R|orig.time=2:00PM|orig.date=1858-04-30
1858	4	30	18	58	0	13.5	orig=10.8R|orig.time=9:00PM|orig.date=1858-04-30
1858	5	1	4	58	0	10.6	orig=8.5R|orig.time=7:00AM|orig.date=1858-05-01
1858	5	1	9	58	0	18.8	orig=15R|orig.time=Noon|orig.date=1858-05-01
1858	5	1	11	58	0	22.5	orig=18R|orig.time=2:00PM|orig.date=1858-05-01
1858	5	1	18	58	0	15	orig=12R|orig.time=9:00PM|orig.date=1858-05-01
1858	5	2	4	58	0	16.2	orig=13R|orig.time=7:00AM|orig.date=1858-05-02
1858	5	2	9	58	0	20.6	orig=16.5R|orig.time=Noon|orig.date=1858-05-02
1858	5	2	11	58	0	22.1	orig=17.7R|orig.time=2:00PM|orig.date=1858-05-02
1858	5	2	18	58	0	16.2	orig=13R|orig.time=9:00PM|orig.date=1858-05-02
1858	5	3	4	58	0	16.2	orig=13R|orig.time=7:00AM|orig.date=1858-05-03
1858	5	3	9	58	0	22.5	orig=18R|orig.time=Noon|orig.date=1858-05-03
1858	5	3	11	58	0	23.8	orig=19R|orig.time=2:00PM|orig.date=1858-05-03
1858	5	3	18	58	0	17.9	orig=14.3R|orig.time=9:00PM|orig.date=1858-05-03
1858	5	4	4	58	0	15.6	orig=12.5R|orig.time=7:00AM|orig.date=1858-05-04
1858	5	4	9	58	0	22.9	orig=18.3R|orig.time=Noon|orig.date=1858-05-04
1858	5	4	11	58	0	23.8	orig=19R|orig.time=2:00PM|orig.date=1858-05-04
1858	5	4	18	58	0	18.1	orig=14.5R|orig.time=9:00PM|orig.date=1858-05-04
1858	5	5	4	58	0	14.1	orig=11.3R|orig.time=7:00AM|orig.date=1858-05-05
1858	5	5	9	58	0	14.4	orig=11.5R|orig.time=Noon|orig.date=1858-05-05
1858	5	5	11	58	0	19.4	orig=15.5R|orig.time=2:00PM|orig.date=1858-05-05
1858	5	5	18	58	0	15.2	orig=12.2R|orig.time=9:00PM|orig.date=1858-05-05
1858	5	6	4	58	0	18.6	orig=14.9R|orig.time=7:00AM|orig.date=1858-05-06
1858	5	6	9	58	0	22	orig=17.6R|orig.time=Noon|orig.date=1858-05-06
1858	5	6	11	58	0	23.4	orig=18.7R|orig.time=2:00PM|orig.date=1858-05-06
1858	5	6	18	58	0	15.6	orig=12.5R|orig.time=9:00PM|orig.date=1858-05-06
1858	5	7	4	58	0	14.1	orig=11.3R|orig.time=7:00AM|orig.date=1858-05-07
1858	5	7	9	58	0	20.4	orig=16.3R|orig.time=Noon|orig.date=1858-05-07
1858	5	7	11	58	0	15	orig=12R|orig.time=2:00PM|orig.date=1858-05-07
1858	5	7	18	58	0	14.4	orig=11.5R|orig.time=9:00PM|orig.date=1858-05-07
1858	5	8	4	58	0	17.5	orig=14R|orig.time=7:00AM|orig.date=1858-05-08
1858	5	8	9	58	0	22.5	orig=18R|orig.time=Noon|orig.date=1858-05-08
1858	5	8	11	58	0	22.5	orig=18R|orig.time=2:00PM|orig.date=1858-05-08
1858	5	8	18	58	0	15	orig=12R|orig.time=9:00PM|orig.date=1858-05-08
1858	5	9	4	58	0	8.4	orig=6.7R|orig.time=7:00AM|orig.date=1858-05-09
1858	5	9	9	58	0	8.8	orig=7R|orig.time=Noon|orig.date=1858-05-09
1858	5	9	11	58	0	7.5	orig=6R|orig.time=2:00PM|orig.date=1858-05-09
1858	5	9	18	58	0	6.2	orig=5R|orig.time=9:00PM|orig.date=1858-05-09
1858	5	10	4	58	0	5.9	orig=4.7R|orig.time=7:00AM|orig.date=1858-05-10
1858	5	10	9	58	0	10.6	orig=8.5R|orig.time=Noon|orig.date=1858-05-10
1858	5	10	11	58	0	11.2	orig=9R|orig.time=2:00PM|orig.date=1858-05-10
1858	5	10	18	58	0	7.6	orig=6.1R|orig.time=9:00PM|orig.date=1858-05-10
1858	5	11	4	58	0	11.2	orig=9R|orig.time=7:00AM|orig.date=1858-05-11
1858	5	11	9	58	0	15.8	orig=12.6R|orig.time=Noon|orig.date=1858-05-11
1858	5	11	11	58	0	16.6	orig=13.3R|orig.time=2:00PM|orig.date=1858-05-11
1858	5	11	18	58	0	15	orig=12R|orig.time=9:00PM|orig.date=1858-05-11
1858	5	12	4	58	0	9.4	orig=7.5R|orig.time=7:00AM|orig.date=1858-05-12
1858	5	12	9	58	0	13.8	orig=11R|orig.time=Noon|orig.date=1858-05-12
1858	5	12	11	58	0	15.4	orig=12.3R|orig.time=2:00PM|orig.date=1858-05-12
1858	5	12	18	58	0	11.6	orig=9.3R|orig.time=9:00PM|orig.date=1858-05-12
1858	5	13	4	58	0	10.9	orig=8.7R|orig.time=7:00AM|orig.date=1858-05-13
1858	5	13	9	58	0	17.8	orig=14.2R|orig.time=Noon|orig.date=1858-05-13
1858	5	13	11	58	0	16.9	orig=13.5R|orig.time=2:00PM|orig.date=1858-05-13
1858	5	13	18	58	0	13.1	orig=10.5R|orig.time=9:00PM|orig.date=1858-05-13
1858	5	14	4	58	0	11.2	orig=9R|orig.time=7:00AM|orig.date=1858-05-14
1858	5	14	9	58	0	15	orig=12R|orig.time=Noon|orig.date=1858-05-14
1858	5	14	11	58	0	15.6	orig=12.5R|orig.time=2:00PM|orig.date=1858-05-14
1858	5	14	18	58	0	11.9	orig=9.5R|orig.time=9:00PM|orig.date=1858-05-14
1858	5	15	4	58	0	8.8	orig=7R|orig.time=7:00AM|orig.date=1858-05-15
1858	5	15	9	58	0	10.9	orig=8.7R|orig.time=Noon|orig.date=1858-05-15
1858	5	15	11	58	0	12.2	orig=9.8R|orig.time=2:00PM|orig.date=1858-05-15
1858	5	15	18	58	0	11	orig=8.8R|orig.time=9:00PM|orig.date=1858-05-15
1858	5	16	4	58	0	11.2	orig=9R|orig.time=7:00AM|orig.date=1858-05-16
1858	5	16	9	58	0	15	orig=12R|orig.time=Noon|orig.date=1858-05-16
1858	5	16	11	58	0	17.5	orig=14R|orig.time=2:00PM|orig.date=1858-05-16
1858	5	16	18	58	0	13.6	orig=10.9R|orig.time=9:00PM|orig.date=1858-05-16
1858	5	17	4	58	0	10.6	orig=8.5R|orig.time=7:00AM|orig.date=1858-05-17
1858	5	17	9	58	0	13.1	orig=10.5R|orig.time=Noon|orig.date=1858-05-17
1858	5	17	11	58	0	13.8	orig=11R|orig.time=2:00PM|orig.date=1858-05-17
1858	5	17	18	58	0	12.8	orig=10.2R|orig.time=9:00PM|orig.date=1858-05-17
1858	5	18	4	58	0	11.6	orig=9.3R|orig.time=7:00AM|orig.date=1858-05-18
1858	5	18	9	58	0	13.2	orig=10.6R|orig.time=Noon|orig.date=1858-05-18
1858	5	18	11	58	0	13.1	orig=10.5R|orig.time=2:00PM|orig.date=1858-05-18
1858	5	18	18	58	0	12.4	orig=9.9R|orig.time=9:00PM|orig.date=1858-05-18
1858	5	19	4	58	0	12.8	orig=10.2R|orig.time=7:00AM|orig.date=1858-05-19
1858	5	19	9	58	0	16.2	orig=13R|orig.time=Noon|orig.date=1858-05-19
1858	5	19	11	58	0	16.9	orig=13.5R|orig.time=2:00PM|orig.date=1858-05-19
1858	5	19	18	58	0	15.8	orig=12.6R|orig.time=9:00PM|orig.date=1858-05-19
1858	5	20	4	58	0	15.8	orig=12.6R|orig.time=7:00AM|orig.date=1858-05-20
1858	5	20	9	58	0	17.2	orig=13.8R|orig.time=Noon|orig.date=1858-05-20
1858	5	20	11	58	0	18.6	orig=14.9R|orig.time=2:00PM|orig.date=1858-05-20
1858	5	20	18	58	0	15.6	orig=12.5R|orig.time=9:00PM|orig.date=1858-05-20
1858	5	21	4	58	0	20	orig=16R|orig.time=7:00AM|orig.date=1858-05-21
1858	5	21	9	58	0	20	orig=16R|orig.time=Noon|orig.date=1858-05-21
1858	5	21	11	58	0	19.5	orig=15.6R|orig.time=2:00PM|orig.date=1858-05-21
1858	5	21	18	58	0	13	orig=10.4R|orig.time=9:00PM|orig.date=1858-05-21
1858	5	22	4	58	0	11.5	orig=9.2R|orig.time=7:00AM|orig.date=1858-05-22
1858	5	22	9	58	0	15	orig=12R|orig.time=Noon|orig.date=1858-05-22
1858	5	22	11	58	0	15.2	orig=12.2R|orig.time=2:00PM|orig.date=1858-05-22
1858	5	22	18	58	0	13.9	orig=11.1R|orig.time=9:00PM|orig.date=1858-05-22
1858	5	23	4	58	0	17.5	orig=14R|orig.time=7:00AM|orig.date=1858-05-23
1858	5	23	9	58	0	18.8	orig=15R|orig.time=Noon|orig.date=1858-05-23
1858	5	23	11	58	0	19.6	orig=15.7R|orig.time=2:00PM|orig.date=1858-05-23
1858	5	23	18	58	0	16	orig=12.8R|orig.time=9:00PM|orig.date=1858-05-23
1858	5	24	4	58	0	19.4	orig=15.5R|orig.time=7:00AM|orig.date=1858-05-24
1858	5	24	9	58	0	23.2	orig=18.6R|orig.time=Noon|orig.date=1858-05-24
1858	5	24	11	58	0	23.5	orig=18.8R|orig.time=2:00PM|orig.date=1858-05-24
1858	5	24	18	58	0	18.5	orig=14.8R|orig.time=9:00PM|orig.date=1858-05-24
1858	5	25	4	58	0	23.1	orig=18.5R|orig.time=7:00AM|orig.date=1858-05-25
1858	5	25	9	58	0	23.2	orig=18.6R|orig.time=Noon|orig.date=1858-05-25
1858	5	25	11	58	0	23.5	orig=18.8R|orig.time=2:00PM|orig.date=1858-05-25
1858	5	25	18	58	0	19.5	orig=15.6R|orig.time=9:00PM|orig.date=1858-05-25
1858	5	26	4	58	0	17	orig=13.6R|orig.time=7:00AM|orig.date=1858-05-26
1858	5	26	9	58	0	23.2	orig=18.6R|orig.time=Noon|orig.date=1858-05-26
1858	5	26	11	58	0	24.4	orig=19.5R|orig.time=2:00PM|orig.date=1858-05-26
1858	5	26	18	58	0	20.6	orig=16.5R|orig.time=9:00PM|orig.date=1858-05-26
1858	5	27	4	58	0	18.1	orig=14.5R|orig.time=7:00AM|orig.date=1858-05-27
1858	5	27	9	58	0	24.2	orig=19.4R|orig.time=Noon|orig.date=1858-05-27
1858	5	27	11	58	0	25	orig=20R|orig.time=2:00PM|orig.date=1858-05-27
1858	5	27	18	58	0	17.8	orig=14.2R|orig.time=9:00PM|orig.date=1858-05-27
1858	5	28	4	58	0	17.5	orig=14R|orig.time=7:00AM|orig.date=1858-05-28
1858	5	28	9	58	0	20	orig=16R|orig.time=Noon|orig.date=1858-05-28
1858	5	28	11	58	0	20	orig=16R|orig.time=2:00PM|orig.date=1858-05-28
1858	5	28	18	58	0	18.1	orig=14.5R|orig.time=9:00PM|orig.date=1858-05-28
1858	5	29	4	58	0	14.4	orig=11.5R|orig.time=7:00AM|orig.date=1858-05-29
1858	5	29	9	58	0	18.8	orig=15R|orig.time=Noon|orig.date=1858-05-29
1858	5	29	11	58	0	20	orig=16R|orig.time=2:00PM|orig.date=1858-05-29
1858	5	29	18	58	0	13.2	orig=10.6R|orig.time=9:00PM|orig.date=1858-05-29
1858	5	30	4	58	0	10.2	orig=8.2R|orig.time=7:00AM|orig.date=1858-05-30
1858	5	30	9	58	0	14.4	orig=11.5R|orig.time=Noon|orig.date=1858-05-30
1858	5	30	11	58	0	15.6	orig=12.5R|orig.time=2:00PM|orig.date=1858-05-30
1858	5	30	18	58	0	13	orig=10.4R|orig.time=9:00PM|orig.date=1858-05-30
1858	5	31	4	58	0	13.8	orig=11R|orig.time=7:00AM|orig.date=1858-05-31
1858	5	31	9	58	0	16.5	orig=13.2R|orig.time=Noon|orig.date=1858-05-31
1858	5	31	11	58	0	17.2	orig=13.8R|orig.time=2:00PM|orig.date=1858-05-31
1858	5	31	18	58	0	14.4	orig=11.5R|orig.time=9:00PM|orig.date=1858-05-31
1858	6	1	4	58	0	12.5	orig=10R|orig.time=7:00AM|orig.date=1858-06-01
1858	6	1	9	58	0	16.9	orig=13.5R|orig.time=Noon|orig.date=1858-06-01
1858	6	1	11	58	0	16	orig=12.8R|orig.time=2:00PM|orig.date=1858-06-01
1858	6	1	18	58	0	12.5	orig=10R|orig.time=9:00PM|orig.date=1858-06-01
1858	6	2	4	58	0	13.8	orig=11R|orig.time=7:00AM|orig.date=1858-06-02
1858	6	2	9	58	0	18.5	orig=14.8R|orig.time=Noon|orig.date=1858-06-02
1858	6	2	11	58	0	19.2	orig=15.4R|orig.time=2:00PM|orig.date=1858-06-02
1858	6	2	18	58	0	13.8	orig=11R|orig.time=9:00PM|orig.date=1858-06-02
1858	6	3	4	58	0	12.1	orig=9.7R|orig.time=7:00AM|orig.date=1858-06-03
1858	6	3	9	58	0	19	orig=15.2R|orig.time=Noon|orig.date=1858-06-03
1858	6	3	11	58	0	20	orig=16R|orig.time=2:00PM|orig.date=1858-06-03
1858	6	3	18	58	0	13.8	orig=11R|orig.time=9:00PM|orig.date=1858-06-03
1858	6	4	4	58	0	11.9	orig=9.5R|orig.time=7:00AM|orig.date=1858-06-04
1858	6	4	9	58	0	18.4	orig=14.7R|orig.time=Noon|orig.date=1858-06-04
1858	6	4	11	58	0	18.8	orig=15R|orig.time=2:00PM|orig.date=1858-06-04
1858	6	4	18	58	0	13.4	orig=10.7R|orig.time=9:00PM|orig.date=1858-06-04
1858	6	5	4	58	0	15	orig=12R|orig.time=7:00AM|orig.date=1858-06-05
1858	6	5	9	58	0	15.2	orig=12.2R|orig.time=Noon|orig.date=1858-06-05
1858	6	5	11	58	0	14	orig=11.2R|orig.time=2:00PM|orig.date=1858-06-05
1858	6	5	18	58	0	13.4	orig=10.7R|orig.time=9:00PM|orig.date=1858-06-05
1858	6	6	4	58	0	15	orig=12R|orig.time=7:00AM|orig.date=1858-06-06
1858	6	6	9	58	0	17.4	orig=13.9R|orig.time=Noon|orig.date=1858-06-06
1858	6	6	11	58	0	15.9	orig=12.7R|orig.time=2:00PM|orig.date=1858-06-06
1858	6	6	18	58	0	15.9	orig=12.7R|orig.time=9:00PM|orig.date=1858-06-06
1858	6	7	4	58	0	20	orig=16R|orig.time=7:00AM|orig.date=1858-06-07
1858	6	7	9	58	0	23.1	orig=18.5R|orig.time=Noon|orig.date=1858-06-07
1858	6	7	11	58	0	23.4	orig=18.7R|orig.time=2:00PM|orig.date=1858-06-07
1858	6	7	18	58	0	19.2	orig=15.4R|orig.time=9:00PM|orig.date=1858-06-07
1858	6	8	4	58	0	20	orig=16R|orig.time=7:00AM|orig.date=1858-06-08
1858	6	8	9	58	0	23.8	orig=19R|orig.time=Noon|orig.date=1858-06-08
1858	6	8	11	58	0	23.8	orig=19R|orig.time=2:00PM|orig.date=1858-06-08
1858	6	8	18	58	0	20.6	orig=16.5R|orig.time=9:00PM|orig.date=1858-06-08
1858	6	9	4	58	0	21.2	orig=17R|orig.time=7:00AM|orig.date=1858-06-09
1858	6	9	9	58	0	20.2	orig=16.2R|orig.time=Noon|orig.date=1858-06-09
1858	6	9	11	58	0	20.5	orig=16.4R|orig.time=2:00PM|orig.date=1858-06-09
1858	6	9	18	58	0	15.8	orig=12.6R|orig.time=9:00PM|orig.date=1858-06-09
1858	6	10	4	58	0	19.4	orig=15.5R|orig.time=7:00AM|orig.date=1858-06-10
1858	6	10	9	58	0	24.4	orig=19.5R|orig.time=Noon|orig.date=1858-06-10
1858	6	10	11	58	0	20.6	orig=16.5R|orig.time=2:00PM|orig.date=1858-06-10
1858	6	10	18	58	0	19	orig=15.2R|orig.time=9:00PM|orig.date=1858-06-10
1858	6	11	4	58	0	18.2	orig=14.6R|orig.time=7:00AM|orig.date=1858-06-11
1858	6	11	9	58	0	20	orig=16R|orig.time=Noon|orig.date=1858-06-11
1858	6	11	11	58	0	20.9	orig=16.7R|orig.time=2:00PM|orig.date=1858-06-11
1858	6	11	18	58	0	18.1	orig=14.5R|orig.time=9:00PM|orig.date=1858-06-11
1858	6	12	4	58	0	18.4	orig=14.7R|orig.time=7:00AM|orig.date=1858-06-12
1858	6	12	9	58	0	25	orig=20R|orig.time=Noon|orig.date=1858-06-12
1858	6	12	11	58	0	23.8	orig=19R|orig.time=2:00PM|orig.date=1858-06-12
1858	6	12	18	58	0	18.2	orig=14.6R|orig.time=9:00PM|orig.date=1858-06-12
1858	6	13	4	58	0	16.9	orig=13.5R|orig.time=7:00AM|orig.date=1858-06-13
1858	6	13	9	58	0	25.6	orig=20.5R|orig.time=Noon|orig.date=1858-06-13
1858	6	13	11	58	0	25.9	orig=20.7R|orig.time=2:00PM|orig.date=1858-06-13
1858	6	13	18	58	0	24.5	orig=19.6R|orig.time=9:00PM|orig.date=1858-06-13
1858	6	14	4	58	0	21.6	orig=17.3R|orig.time=7:00AM|orig.date=1858-06-14
1858	6	14	9	58	0	26.4	orig=21.1R|orig.time=Noon|orig.date=1858-06-14
1858	6	14	11	58	0	27	orig=21.6R|orig.time=2:00PM|orig.date=1858-06-14
1858	6	14	18	58	0	18	orig=14.4R|orig.time=9:00PM|orig.date=1858-06-14
1858	6	15	4	58	0	19.6	orig=15.7R|orig.time=7:00AM|orig.date=1858-06-15
1858	6	15	9	58	0	20.6	orig=16.5R|orig.time=Noon|orig.date=1858-06-15
1858	6	15	11	58	0	21	orig=16.8R|orig.time=2:00PM|orig.date=1858-06-15
1858	6	15	18	58	0	17.8	orig=14.2R|orig.time=9:00PM|orig.date=1858-06-15
1858	6	16	4	58	0	21.2	orig=17R|orig.time=7:00AM|orig.date=1858-06-16
1858	6	16	9	58	0	19.2	orig=15.4R|orig.time=Noon|orig.date=1858-06-16
1858	6	16	11	58	0	19.6	orig=15.7R|orig.time=2:00PM|orig.date=1858-06-16
1858	6	16	18	58	0	17	orig=13.6R|orig.time=9:00PM|orig.date=1858-06-16
1858	6	17	4	58	0	18.1	orig=14.5R|orig.time=7:00AM|orig.date=1858-06-17
1858	6	17	9	58	0	22.5	orig=18R|orig.time=Noon|orig.date=1858-06-17
1858	6	17	11	58	0	21.9	orig=17.5R|orig.time=2:00PM|orig.date=1858-06-17
1858	6	17	18	58	0	13.5	orig=10.8R|orig.time=9:00PM|orig.date=1858-06-17
1858	6	18	4	58	0	9.8	orig=7.8R|orig.time=7:00AM|orig.date=1858-06-18
1858	6	18	9	58	0	12.9	orig=10.3R|orig.time=Noon|orig.date=1858-06-18
1858	6	18	11	58	0	14.4	orig=11.5R|orig.time=2:00PM|orig.date=1858-06-18
1858	6	18	18	58	0	12.2	orig=9.8R|orig.time=9:00PM|orig.date=1858-06-18
1858	6	19	4	58	0	12.5	orig=10R|orig.time=7:00AM|orig.date=1858-06-19
1858	6	19	9	58	0	18.6	orig=14.9R|orig.time=Noon|orig.date=1858-06-19
1858	6	19	11	58	0	18.8	orig=15R|orig.time=2:00PM|orig.date=1858-06-19
1858	6	19	18	58	0	15	orig=12R|orig.time=9:00PM|orig.date=1858-06-19
1858	6	20	4	58	0	15.9	orig=12.7R|orig.time=7:00AM|orig.date=1858-06-20
1858	6	20	9	58	0	21	orig=16.8R|orig.time=Noon|orig.date=1858-06-20
1858	6	20	11	58	0	21.9	orig=17.5R|orig.time=2:00PM|orig.date=1858-06-20
1858	6	20	18	58	0	20.4	orig=16.3R|orig.time=9:00PM|orig.date=1858-06-20
1858	6	21	4	58	0	14.4	orig=11.5R|orig.time=7:00AM|orig.date=1858-06-21
1858	6	21	9	58	0	18.8	orig=15R|orig.time=Noon|orig.date=1858-06-21
1858	6	21	11	58	0	20	orig=16R|orig.time=2:00PM|orig.date=1858-06-21
1858	6	21	18	58	0	16.9	orig=13.5R|orig.time=9:00PM|orig.date=1858-06-21
1858	6	22	4	58	0	15.1	orig=12.1R|orig.time=7:00AM|orig.date=1858-06-22
1858	6	22	9	58	0	21	orig=16.8R|orig.time=Noon|orig.date=1858-06-22
1858	6	22	11	58	0	21.2	orig=17R|orig.time=2:00PM|orig.date=1858-06-22
1858	6	22	18	58	0	17	orig=13.6R|orig.time=9:00PM|orig.date=1858-06-22
1858	6	23	4	58	0	10	orig=8R|orig.time=7:00AM|orig.date=1858-06-23
1858	6	23	9	58	0	16.9	orig=13.5R|orig.time=Noon|orig.date=1858-06-23
1858	6	23	11	58	0	17.1	orig=13.7R|orig.time=2:00PM|orig.date=1858-06-23
1858	6	23	18	58	0	14.4	orig=11.5R|orig.time=9:00PM|orig.date=1858-06-23
1858	6	24	4	58	0	12.9	orig=10.3R|orig.time=7:00AM|orig.date=1858-06-24
1858	6	24	9	58	0	20	orig=16R|orig.time=Noon|orig.date=1858-06-24
1858	6	24	11	58	0	20.4	orig=16.3R|orig.time=2:00PM|orig.date=1858-06-24
1858	6	24	18	58	0	18.8	orig=15R|orig.time=9:00PM|orig.date=1858-06-24
1858	6	25	4	58	0	17.5	orig=14R|orig.time=7:00AM|orig.date=1858-06-25
1858	6	25	9	58	0	23.8	orig=19R|orig.time=Noon|orig.date=1858-06-25
1858	6	25	11	58	0	24.8	orig=19.8R|orig.time=2:00PM|orig.date=1858-06-25
1858	6	25	18	58	0	18.1	orig=14.5R|orig.time=9:00PM|orig.date=1858-06-25
1858	6	26	4	58	0	21.5	orig=17.2R|orig.time=7:00AM|orig.date=1858-06-26
1858	6	26	9	58	0	21.2	orig=17R|orig.time=Noon|orig.date=1858-06-26
1858	6	26	11	58	0	21.6	orig=17.3R|orig.time=2:00PM|orig.date=1858-06-26
1858	6	26	18	58	0	21.2	orig=17R|orig.time=9:00PM|orig.date=1858-06-26
1858	6	27	4	58	0	18.8	orig=15R|orig.time=7:00AM|orig.date=1858-06-27
1858	6	27	9	58	0	17.1	orig=13.7R|orig.time=Noon|orig.date=1858-06-27
1858	6	27	11	58	0	16.9	orig=13.5R|orig.time=2:00PM|orig.date=1858-06-27
1858	6	27	18	58	0	18.8	orig=15R|orig.time=9:00PM|orig.date=1858-06-27
1858	6	28	4	58	0	17.8	orig=14.2R|orig.time=7:00AM|orig.date=1858-06-28
1858	6	28	9	58	0	21.2	orig=17R|orig.time=Noon|orig.date=1858-06-28
1858	6	28	11	58	0	22.6	orig=18.1R|orig.time=2:00PM|orig.date=1858-06-28
1858	6	28	18	58	0	22.2	orig=17.8R|orig.time=9:00PM|orig.date=1858-06-28
1858	6	29	4	58	0	18.6	orig=14.9R|orig.time=7:00AM|orig.date=1858-06-29
1858	6	29	9	58	0	21	orig=16.8R|orig.time=Noon|orig.date=1858-06-29
1858	6	29	11	58	0	20.2	orig=16.2R|orig.time=2:00PM|orig.date=1858-06-29
1858	6	29	18	58	0	19.8	orig=15.8R|orig.time=9:00PM|orig.date=1858-06-29
1858	6	30	4	58	0	16.9	orig=13.5R|orig.time=7:00AM|orig.date=1858-06-30
1858	6	30	9	58	0	21.5	orig=17.2R|orig.time=Noon|orig.date=1858-06-30
1858	6	30	11	58	0	21.2	orig=17R|orig.time=2:00PM|orig.date=1858-06-30
1858	6	30	18	58	0	17.5	orig=14R|orig.time=9:00PM|orig.date=1858-06-30
1858	7	1	4	58	0	20.6	orig=16.5R|orig.time=7:00AM|orig.date=1858-07-01
1858	7	1	9	58	0	23.1	orig=18.5R|orig.time=Noon|orig.date=1858-07-01
1858	7	1	11	58	0	22.9	orig=18.3R|orig.time=2:00PM|orig.date=1858-07-01
1858	7	1	18	58	0	21.9	orig=17.5R|orig.time=9:00PM|orig.date=1858-07-01
1858	7	2	4	58	0	21.6	orig=17.3R|orig.time=7:00AM|orig.date=1858-07-02
1858	7	2	9	58	0	23.4	orig=18.7R|orig.time=Noon|orig.date=1858-07-02
1858	7	2	11	58	0	26.2	orig=21R|orig.time=2:00PM|orig.date=1858-07-02
1858	7	2	18	58	0	19.4	orig=15.5R|orig.time=9:00PM|orig.date=1858-07-02
1858	7	3	4	58	0	25	orig=20R|orig.time=7:00AM|orig.date=1858-07-03
1858	7	3	9	58	0	27.9	orig=22.3R|orig.time=Noon|orig.date=1858-07-03
1858	7	3	11	58	0	29	orig=23.2R|orig.time=2:00PM|orig.date=1858-07-03
1858	7	3	18	58	0	25	orig=20R|orig.time=9:00PM|orig.date=1858-07-03
1858	7	4	4	58	0	26.2	orig=21R|orig.time=7:00AM|orig.date=1858-07-04
1858	7	4	9	58	0	29.4	orig=23.5R|orig.time=Noon|orig.date=1858-07-04
1858	7	4	11	58	0	29.8	orig=23.8R|orig.time=2:00PM|orig.date=1858-07-04
1858	7	4	18	58	0	26.5	orig=21.2R|orig.time=9:00PM|orig.date=1858-07-04
1858	7	5	4	58	0	24.4	orig=19.5R|orig.time=7:00AM|orig.date=1858-07-05
1858	7	5	9	58	0	30.6	orig=24.5R|orig.time=Noon|orig.date=1858-07-05
1858	7	5	11	58	0	27.5	orig=22R|orig.time=2:00PM|orig.date=1858-07-05
1858	7	5	18	58	0	22.5	orig=18R|orig.time=9:00PM|orig.date=1858-07-05
1858	7	6	4	58	0	18.9	orig=15.1R|orig.time=7:00AM|orig.date=1858-07-06
1858	7	6	9	58	0	22.9	orig=18.3R|orig.time=Noon|orig.date=1858-07-06
1858	7	6	11	58	0	24	orig=19.2R|orig.time=2:00PM|orig.date=1858-07-06
1858	7	6	18	58	0	21.9	orig=17.5R|orig.time=9:00PM|orig.date=1858-07-06
1858	7	7	4	58	0	17.5	orig=14R|orig.time=7:00AM|orig.date=1858-07-07
1858	7	7	9	58	0	23.8	orig=19R|orig.time=Noon|orig.date=1858-07-07
1858	7	7	11	58	0	25.6	orig=20.5R|orig.time=2:00PM|orig.date=1858-07-07
1858	7	7	18	58	0	24.4	orig=19.5R|orig.time=9:00PM|orig.date=1858-07-07
1858	7	8	4	58	0	26.2	orig=21R|orig.time=7:00AM|orig.date=1858-07-08
1858	7	8	9	58	0	28.4	orig=22.7R|orig.time=Noon|orig.date=1858-07-08
1858	7	8	11	58	0	29.4	orig=23.5R|orig.time=2:00PM|orig.date=1858-07-08
1858	7	8	18	58	0	25	orig=20R|orig.time=9:00PM|orig.date=1858-07-08
1858	7	9	4	58	0	23.2	orig=18.6R|orig.time=7:00AM|orig.date=1858-07-09
1858	7	9	9	58	0	25.6	orig=20.5R|orig.time=Noon|orig.date=1858-07-09
1858	7	9	11	58	0	22.8	orig=18.2R|orig.time=2:00PM|orig.date=1858-07-09
1858	7	9	18	58	0	22.5	orig=18R|orig.time=9:00PM|orig.date=1858-07-09
1858	7	10	4	58	0	27.9	orig=22.3R|orig.time=7:00AM|orig.date=1858-07-10
1858	7	10	9	58	0	27.2	orig=21.8R|orig.time=Noon|orig.date=1858-07-10
1858	7	10	11	58	0	27.9	orig=22.3R|orig.time=2:00PM|orig.date=1858-07-10
1858	7	10	18	58	0	24.2	orig=19.4R|orig.time=9:00PM|orig.date=1858-07-10
1858	7	11	4	58	0	25	orig=20R|orig.time=7:00AM|orig.date=1858-07-11
1858	7	11	9	58	0	29	orig=23.2R|orig.time=Noon|orig.date=1858-07-11
1858	7	11	11	58	0	28.6	orig=22.9R|orig.time=2:00PM|orig.date=1858-07-11
1858	7	11	18	58	0	20	orig=16R|orig.time=9:00PM|orig.date=1858-07-11
1858	7	12	4	58	0	19.1	orig=15.3R|orig.time=7:00AM|orig.date=1858-07-12
1858	7	12	9	58	0	21.1	orig=16.9R|orig.time=Noon|orig.date=1858-07-12
1858	7	12	11	58	0	21.2	orig=17R|orig.time=2:00PM|orig.date=1858-07-12
1858	7	12	18	58	0	20	orig=16R|orig.time=9:00PM|orig.date=1858-07-12
1858	7	13	4	58	0	18.1	orig=14.5R|orig.time=7:00AM|orig.date=1858-07-13
1858	7	13	9	58	0	24.4	orig=19.5R|orig.time=Noon|orig.date=1858-07-13
1858	7	13	11	58	0	25	orig=20R|orig.time=2:00PM|orig.date=1858-07-13
1858	7	13	18	58	0	18.5	orig=14.8R|orig.time=9:00PM|orig.date=1858-07-13
1858	7	14	4	58	0	16.2	orig=13R|orig.time=7:00AM|orig.date=1858-07-14
1858	7	14	9	58	0	18.2	orig=14.6R|orig.time=Noon|orig.date=1858-07-14
1858	7	14	11	58	0	19.4	orig=15.5R|orig.time=2:00PM|orig.date=1858-07-14
1858	7	14	18	58	0	18.2	orig=14.6R|orig.time=9:00PM|orig.date=1858-07-14
1858	7	15	4	58	0	19	orig=15.2R|orig.time=7:00AM|orig.date=1858-07-15
1858	7	15	9	58	0	21.5	orig=17.2R|orig.time=Noon|orig.date=1858-07-15
1858	7	15	11	58	0	24.4	orig=19.5R|orig.time=2:00PM|orig.date=1858-07-15
1858	7	15	18	58	0	20.2	orig=16.2R|orig.time=9:00PM|orig.date=1858-07-15
1858	7	16	4	58	0	20.2	orig=16.2R|orig.time=7:00AM|orig.date=1858-07-16
1858	7	16	9	58	0	24.8	orig=19.8R|orig.time=Noon|orig.date=1858-07-16
1858	7	16	11	58	0	21.6	orig=17.3R|orig.time=2:00PM|orig.date=1858-07-16
1858	7	16	18	58	0	18.8	orig=15R|orig.time=9:00PM|orig.date=1858-07-16
1858	7	17	4	58	0	18.1	orig=14.5R|orig.time=7:00AM|orig.date=1858-07-17
1858	7	17	9	58	0	23.8	orig=19R|orig.time=Noon|orig.date=1858-07-17
1858	7	17	11	58	0	24.1	orig=19.3R|orig.time=2:00PM|orig.date=1858-07-17
1858	7	17	18	58	0	23.4	orig=18.7R|orig.time=9:00PM|orig.date=1858-07-17
1858	7	18	4	58	0	16	orig=12.8R|orig.time=7:00AM|orig.date=1858-07-18
1858	7	18	9	58	0	16.8	orig=13.4R|orig.time=Noon|orig.date=1858-07-18
1858	7	18	11	58	0	17.4	orig=13.9R|orig.time=2:00PM|orig.date=1858-07-18
1858	7	18	18	58	0	16.9	orig=13.5R|orig.time=9:00PM|orig.date=1858-07-18
1858	7	19	4	58	0	19.8	orig=15.8R|orig.time=7:00AM|orig.date=1858-07-19
1858	7	19	9	58	0	25	orig=20R|orig.time=Noon|orig.date=1858-07-19
1858	7	19	11	58	0	25.5	orig=20.4R|orig.time=2:00PM|orig.date=1858-07-19
1858	7	19	18	58	0	23.1	orig=18.5R|orig.time=9:00PM|orig.date=1858-07-19
1858	7	20	4	58	0	22.9	orig=18.3R|orig.time=7:00AM|orig.date=1858-07-20
1858	7	20	9	58	0	25.6	orig=20.5R|orig.time=Noon|orig.date=1858-07-20
1858	7	20	11	58	0	26.2	orig=21R|orig.time=2:00PM|orig.date=1858-07-20
1858	7	20	18	58	0	24.6	orig=19.7R|orig.time=9:00PM|orig.date=1858-07-20
1858	7	21	4	58	0	23.5	orig=18.8R|orig.time=7:00AM|orig.date=1858-07-21
1858	7	21	9	58	0	29	orig=23.2R|orig.time=Noon|orig.date=1858-07-21
1858	7	21	11	58	0	30.2	orig=24.2R|orig.time=2:00PM|orig.date=1858-07-21
1858	7	21	18	58	0	26.2	orig=21R|orig.time=9:00PM|orig.date=1858-07-21
1858	7	22	4	58	0	21.2	orig=17R|orig.time=7:00AM|orig.date=1858-07-22
1858	7	22	9	58	0	28.1	orig=22.5R|orig.time=Noon|orig.date=1858-07-22
1858	7	22	11	58	0	26.2	orig=21R|orig.time=2:00PM|orig.date=1858-07-22
1858	7	22	18	58	0	25.2	orig=20.2R|orig.time=9:00PM|orig.date=1858-07-22
1858	7	23	4	58	0	19.8	orig=15.8R|orig.time=7:00AM|orig.date=1858-07-23
1858	7	23	9	58	0	25	orig=20R|orig.time=Noon|orig.date=1858-07-23
1858	7	23	11	58	0	24.6	orig=19.7R|orig.time=2:00PM|orig.date=1858-07-23
1858	7	23	18	58	0	22.8	orig=18.2R|orig.time=9:00PM|orig.date=1858-07-23
1858	7	24	4	58	0	18.8	orig=15R|orig.time=7:00AM|orig.date=1858-07-24
1858	7	24	9	58	0	24.2	orig=19.4R|orig.time=Noon|orig.date=1858-07-24
1858	7	24	11	58	0	18.4	orig=14.7R|orig.time=2:00PM|orig.date=1858-07-24
1858	7	24	18	58	0	19.6	orig=15.7R|orig.time=9:00PM|orig.date=1858-07-24
1858	7	25	4	58	0	18.8	orig=15R|orig.time=7:00AM|orig.date=1858-07-25
1858	7	25	9	58	0	25.2	orig=20.2R|orig.time=Noon|orig.date=1858-07-25
1858	7	25	11	58	0	25.6	orig=20.5R|orig.time=2:00PM|orig.date=1858-07-25
1858	7	25	18	58	0	21.9	orig=17.5R|orig.time=9:00PM|orig.date=1858-07-25
1858	7	26	4	58	0	23.4	orig=18.7R|orig.time=7:00AM|orig.date=1858-07-26
1858	7	26	9	58	0	28.8	orig=23R|orig.time=Noon|orig.date=1858-07-26
1858	7	26	11	58	0	26.2	orig=21R|orig.time=2:00PM|orig.date=1858-07-26
1858	7	26	18	58	0	19.4	orig=15.5R|orig.time=9:00PM|orig.date=1858-07-26
1858	7	27	4	58	0	20	orig=16R|orig.time=7:00AM|orig.date=1858-07-27
1858	7	27	9	58	0	24.6	orig=19.7R|orig.time=Noon|orig.date=1858-07-27
1858	7	27	11	58	0	23.8	orig=19R|orig.time=2:00PM|orig.date=1858-07-27
1858	7	27	18	58	0	19.8	orig=15.8R|orig.time=9:00PM|orig.date=1858-07-27
1858	7	28	4	58	0	23.1	orig=18.5R|orig.time=7:00AM|orig.date=1858-07-28
1858	7	28	9	58	0	27.4	orig=21.9R|orig.time=Noon|orig.date=1858-07-28
1858	7	28	11	58	0	28.8	orig=23R|orig.time=2:00PM|orig.date=1858-07-28
1858	7	28	18	58	0	24.1	orig=19.3R|orig.time=9:00PM|orig.date=1858-07-28
1858	7	29	4	58	0	22.9	orig=18.3R|orig.time=7:00AM|orig.date=1858-07-29
1858	7	29	9	58	0	29.4	orig=23.5R|orig.time=Noon|orig.date=1858-07-29
1858	7	29	11	58	0	30.6	orig=24.5R|orig.time=2:00PM|orig.date=1858-07-29
1858	7	29	18	58	0	24.8	orig=19.8R|orig.time=9:00PM|orig.date=1858-07-29
1858	7	30	4	58	0	24.4	orig=19.5R|orig.time=7:00AM|orig.date=1858-07-30
1858	7	30	9	58	0	30	orig=24R|orig.time=Noon|orig.date=1858-07-30
1858	7	30	11	58	0	30.6	orig=24.5R|orig.time=2:00PM|orig.date=1858-07-30
1858	7	30	18	58	0	19.4	orig=15.5R|orig.time=9:00PM|orig.date=1858-07-30
1858	7	31	4	58	0	18.8	orig=15R|orig.time=7:00AM|orig.date=1858-07-31
1858	7	31	9	58	0	20	orig=16R|orig.time=Noon|orig.date=1858-07-31
1858	7	31	11	58	0	21.2	orig=17R|orig.time=2:00PM|orig.date=1858-07-31
1858	7	31	18	58	0	19.4	orig=15.5R|orig.time=9:00PM|orig.date=1858-07-31
1858	8	1	4	58	0	18.5	orig=14.8R|orig.time=7:00AM|orig.date=1858-08-01
1858	8	1	9	58	0	22.5	orig=18R|orig.time=Noon|orig.date=1858-08-01
1858	8	1	11	58	0	22.8	orig=18.3R|orig.time=2:00PM|orig.date=1858-08-01
1858	8	1	18	58	0	22	orig=17.6R|orig.time=9:00PM|orig.date=1858-08-01
1858	8	2	4	58	0	17.5	orig=14R|orig.time=7:00AM|orig.date=1858-08-02
1858	8	2	9	58	0	22.5	orig=18R|orig.time=Noon|orig.date=1858-08-02
1858	8	2	11	58	0	21.9	orig=17.5R|orig.time=2:00PM|orig.date=1858-08-02
1858	8	2	18	58	0	16.2	orig=13R|orig.time=9:00PM|orig.date=1858-08-02
1858	8	3	4	58	0	16.9	orig=13.5R|orig.time=7:00AM|orig.date=1858-08-03
1858	8	3	9	58	0	25.6	orig=20.5R|orig.time=Noon|orig.date=1858-08-03
1858	8	3	11	58	0	24.8	orig=19.8R|orig.time=2:00PM|orig.date=1858-08-03
1858	8	3	18	58	0	18.1	orig=14.5R|orig.time=9:00PM|orig.date=1858-08-03
1858	8	4	4	58	0	20	orig=16R|orig.time=7:00AM|orig.date=1858-08-04
1858	8	4	9	58	0	22.5	orig=18R|orig.time=Noon|orig.date=1858-08-04
1858	8	4	11	58	0	23.8	orig=19R|orig.time=2:00PM|orig.date=1858-08-04
1858	8	4	18	58	0	21.9	orig=17.5R|orig.time=9:00PM|orig.date=1858-08-04
1858	8	5	4	58	0	20	orig=16R|orig.time=7:00AM|orig.date=1858-08-05
1858	8	5	9	58	0	25.2	orig=20.2R|orig.time=Noon|orig.date=1858-08-05
1858	8	5	11	58	0	20.8	orig=16.6R|orig.time=2:00PM|orig.date=1858-08-05
1858	8	5	18	58	0	20.1	orig=16.1R|orig.time=9:00PM|orig.date=1858-08-05
1858	8	6	4	58	0	22.5	orig=18R|orig.time=7:00AM|orig.date=1858-08-06
1858	8	6	9	58	0	25.6	orig=20.5R|orig.time=Noon|orig.date=1858-08-06
1858	8	6	11	58	0	26.4	orig=21.1R|orig.time=2:00PM|orig.date=1858-08-06
1858	8	6	18	58	0	21.9	orig=17.5R|orig.time=9:00PM|orig.date=1858-08-06
1858	8	7	4	58	0	21	orig=16.8R|orig.time=7:00AM|orig.date=1858-08-07
1858	8	7	9	58	0	23.2	orig=18.6R|orig.time=Noon|orig.date=1858-08-07
1858	8	7	11	58	0	24.1	orig=19.3R|orig.time=2:00PM|orig.date=1858-08-07
1858	8	7	18	58	0	20.9	orig=16.7R|orig.time=9:00PM|orig.date=1858-08-07
1858	8	8	4	58	0	22	orig=17.6R|orig.time=7:00AM|orig.date=1858-08-08
1858	8	8	9	58	0	23.5	orig=18.8R|orig.time=Noon|orig.date=1858-08-08
1858	8	8	11	58	0	23.5	orig=18.8R|orig.time=2:00PM|orig.date=1858-08-08
1858	8	8	18	58	0	19.2	orig=15.4R|orig.time=9:00PM|orig.date=1858-08-08
1858	8	9	4	58	0	21	orig=16.8R|orig.time=7:00AM|orig.date=1858-08-09
1858	8	9	9	58	0	24.8	orig=19.8R|orig.time=Noon|orig.date=1858-08-09
1858	8	9	11	58	0	24.5	orig=19.6R|orig.time=2:00PM|orig.date=1858-08-09
1858	8	9	18	58	0	20.9	orig=16.7R|orig.time=9:00PM|orig.date=1858-08-09
1858	8	10	4	58	0	20.4	orig=16.3R|orig.time=7:00AM|orig.date=1858-08-10
1858	8	10	9	58	0	25	orig=20R|orig.time=Noon|orig.date=1858-08-10
1858	8	10	11	58	0	25.6	orig=20.5R|orig.time=2:00PM|orig.date=1858-08-10
1858	8	10	18	58	0	21	orig=16.8R|orig.time=9:00PM|orig.date=1858-08-10
1858	8	11	4	58	0	21	orig=16.8R|orig.time=7:00AM|orig.date=1858-08-11
1858	8	11	9	58	0	24	orig=19.2R|orig.time=Noon|orig.date=1858-08-11
1858	8	11	11	58	0	24.5	orig=19.6R|orig.time=2:00PM|orig.date=1858-08-11
1858	8	11	18	58	0	21.8	orig=17.4R|orig.time=9:00PM|orig.date=1858-08-11
1858	8	12	4	58	0	21	orig=16.8R|orig.time=7:00AM|orig.date=1858-08-12
1858	8	12	9	58	0	25	orig=20R|orig.time=Noon|orig.date=1858-08-12
1858	8	12	11	58	0	25.6	orig=20.5R|orig.time=2:00PM|orig.date=1858-08-12
1858	8	12	18	58	0	21.5	orig=17.2R|orig.time=9:00PM|orig.date=1858-08-12
1858	8	13	4	58	0	21.2	orig=17R|orig.time=7:00AM|orig.date=1858-08-13
1858	8	13	9	58	0	25	orig=20R|orig.time=Noon|orig.date=1858-08-13
1858	8	13	11	58	0	24.6	orig=19.7R|orig.time=2:00PM|orig.date=1858-08-13
1858	8	13	18	58	0	21.2	orig=17R|orig.time=9:00PM|orig.date=1858-08-13
1858	8	14	4	58	0	19.4	orig=15.5R|orig.time=7:00AM|orig.date=1858-08-14
1858	8	14	9	58	0	24.5	orig=19.6R|orig.time=Noon|orig.date=1858-08-14
1858	8	14	11	58	0	25	orig=20R|orig.time=2:00PM|orig.date=1858-08-14
1858	8	14	18	58	0	20.4	orig=16.3R|orig.time=9:00PM|orig.date=1858-08-14
1858	8	15	4	58	0	22.5	orig=18R|orig.time=7:00AM|orig.date=1858-08-15
1858	8	15	9	58	0	25.9	orig=20.7R|orig.time=Noon|orig.date=1858-08-15
1858	8	15	11	58	0	26.6	orig=21.3R|orig.time=2:00PM|orig.date=1858-08-15
1858	8	15	18	58	0	20.4	orig=16.3R|orig.time=9:00PM|orig.date=1858-08-15
1858	8	16	4	58	0	20.6	orig=16.5R|orig.time=7:00AM|orig.date=1858-08-16
1858	8	16	9	58	0	25.6	orig=20.5R|orig.time=Noon|orig.date=1858-08-16
1858	8	16	11	58	0	26.2	orig=21R|orig.time=2:00PM|orig.date=1858-08-16
1858	8	16	18	58	0	21.9	orig=17.5R|orig.time=9:00PM|orig.date=1858-08-16
1858	8	17	4	58	0	22.5	orig=18R|orig.time=7:00AM|orig.date=1858-08-17
1858	8	17	9	58	0	30.4	orig=24.3R|orig.time=Noon|orig.date=1858-08-17
1858	8	17	11	58	0	30.6	orig=24.5R|orig.time=2:00PM|orig.date=1858-08-17
1858	8	17	18	58	0	15	orig=12R|orig.time=9:00PM|orig.date=1858-08-17
1858	8	18	4	58	0	19.6	orig=15.7R|orig.time=7:00AM|orig.date=1858-08-18
1858	8	18	9	58	0	19	orig=15.2R|orig.time=Noon|orig.date=1858-08-18
1858	8	18	11	58	0	20.9	orig=16.7R|orig.time=2:00PM|orig.date=1858-08-18
1858	8	18	18	58	0	16.6	orig=13.3R|orig.time=9:00PM|orig.date=1858-08-18
1858	8	19	4	58	0	14.4	orig=11.5R|orig.time=7:00AM|orig.date=1858-08-19
1858	8	19	9	58	0	15	orig=12R|orig.time=Noon|orig.date=1858-08-19
1858	8	19	11	58	0	22.5	orig=18R|orig.time=2:00PM|orig.date=1858-08-19
1858	8	19	18	58	0	17	orig=13.6R|orig.time=9:00PM|orig.date=1858-08-19
1858	8	20	4	58	0	16.2	orig=13R|orig.time=7:00AM|orig.date=1858-08-20
1858	8	20	9	58	0	21.6	orig=17.3R|orig.time=Noon|orig.date=1858-08-20
1858	8	20	11	58	0	15	orig=12R|orig.time=2:00PM|orig.date=1858-08-20
1858	8	20	18	58	0	17.9	orig=14.3R|orig.time=9:00PM|orig.date=1858-08-20
1858	8	21	4	58	0	17.5	orig=14R|orig.time=7:00AM|orig.date=1858-08-21
1858	8	21	9	58	0	21.2	orig=17R|orig.time=Noon|orig.date=1858-08-21
1858	8	21	11	58	0	21.9	orig=17.5R|orig.time=2:00PM|orig.date=1858-08-21
1858	8	21	18	58	0	16.2	orig=13R|orig.time=9:00PM|orig.date=1858-08-21
1858	8	22	4	58	0	13.8	orig=11R|orig.time=7:00AM|orig.date=1858-08-22
1858	8	22	9	58	0	16.9	orig=13.5R|orig.time=Noon|orig.date=1858-08-22
1858	8	22	11	58	0	17.8	orig=14.2R|orig.time=2:00PM|orig.date=1858-08-22
1858	8	22	18	58	0	23.5	orig=18.8R|orig.time=9:00PM|orig.date=1858-08-22
1858	8	23	4	58	0	13.5	orig=10.8R|orig.time=7:00AM|orig.date=1858-08-23
1858	8	23	9	58	0	21.8	orig=17.4R|orig.time=Noon|orig.date=1858-08-23
1858	8	23	11	58	0	22.2	orig=17.8R|orig.time=2:00PM|orig.date=1858-08-23
1858	8	23	18	58	0	19.5	orig=15.6R|orig.time=9:00PM|orig.date=1858-08-23
1858	8	24	4	58	0	21.2	orig=17R|orig.time=7:00AM|orig.date=1858-08-24
1858	8	24	9	58	0	22.8	orig=18.2R|orig.time=Noon|orig.date=1858-08-24
1858	8	24	11	58	0	23.8	orig=19R|orig.time=2:00PM|orig.date=1858-08-24
1858	8	24	18	58	0	21.6	orig=17.3R|orig.time=9:00PM|orig.date=1858-08-24
1858	8	25	4	58	0	17.9	orig=14.3R|orig.time=7:00AM|orig.date=1858-08-25
1858	8	25	9	58	0	25	orig=20R|orig.time=Noon|orig.date=1858-08-25
1858	8	25	11	58	0	24.8	orig=19.8R|orig.time=2:00PM|orig.date=1858-08-25
1858	8	25	18	58	0	18.5	orig=14.8R|orig.time=9:00PM|orig.date=1858-08-25
1858	8	26	4	58	0	18	orig=14.4R|orig.time=7:00AM|orig.date=1858-08-26
1858	8	26	9	58	0	23	orig=18.4R|orig.time=Noon|orig.date=1858-08-26
1858	8	26	11	58	0	24.6	orig=19.7R|orig.time=2:00PM|orig.date=1858-08-26
1858	8	26	18	58	0	16.6	orig=13.3R|orig.time=9:00PM|orig.date=1858-08-26
1858	8	27	4	58	0	15.4	orig=12.3R|orig.time=7:00AM|orig.date=1858-08-27
1858	8	27	9	58	0	19.8	orig=15.8R|orig.time=Noon|orig.date=1858-08-27
1858	8	27	11	58	0	19	orig=15.2R|orig.time=2:00PM|orig.date=1858-08-27
1858	8	27	18	58	0	17.8	orig=14.2R|orig.time=9:00PM|orig.date=1858-08-27
1858	8	28	4	58	0	15.2	orig=12.2R|orig.time=7:00AM|orig.date=1858-08-28
1858	8	28	9	58	0	16	orig=12.8R|orig.time=Noon|orig.date=1858-08-28
1858	8	28	11	58	0	15.8	orig=12.6R|orig.time=2:00PM|orig.date=1858-08-28
1858	8	28	18	58	0	16.8	orig=13.4R|orig.time=9:00PM|orig.date=1858-08-28
1858	8	29	4	58	0	12.4	orig=9.9R|orig.time=7:00AM|orig.date=1858-08-29
1858	8	29	9	58	0	14.8	orig=11.8R|orig.time=Noon|orig.date=1858-08-29
1858	8	29	11	58	0	16.9	orig=13.5R|orig.time=2:00PM|orig.date=1858-08-29
1858	8	29	18	58	0	12.5	orig=10R|orig.time=9:00PM|orig.date=1858-08-29
1858	8	30	4	58	0	12.4	orig=9.9R|orig.time=7:00AM|orig.date=1858-08-30
1858	8	30	9	58	0	18.4	orig=14.7R|orig.time=Noon|orig.date=1858-08-30
1858	8	30	11	58	0	16.8	orig=13.4R|orig.time=2:00PM|orig.date=1858-08-30
1858	8	30	18	58	0	11.2	orig=9R|orig.time=9:00PM|orig.date=1858-08-30
1858	8	31	4	58	0	10.9	orig=8.7R|orig.time=7:00AM|orig.date=1858-08-31
1858	8	31	9	58	0	18	orig=14.4R|orig.time=Noon|orig.date=1858-08-31
1858	8	31	11	58	0	17.1	orig=13.7R|orig.time=2:00PM|orig.date=1858-08-31
1858	8	31	18	58	0	20.2	orig=16.2R|orig.time=9:00PM|orig.date=1858-08-31
1858	9	1	4	58	0	13.5	orig=10.8R|orig.time=7:00AM|orig.date=1858-09-01
1858	9	1	9	58	0	15.5	orig=12.4R|orig.time=Noon|orig.date=1858-09-01
1858	9	1	11	58	0	17.5	orig=14R|orig.time=2:00PM|orig.date=1858-09-01
1858	9	1	18	58	0	14.5	orig=11.6R|orig.time=9:00PM|orig.date=1858-09-01
1858	9	2	4	58	0	11.5	orig=9.2R|orig.time=7:00AM|orig.date=1858-09-02
1858	9	2	9	58	0	16.6	orig=13.3R|orig.time=Noon|orig.date=1858-09-02
1858	9	2	11	58	0	15.9	orig=12.7R|orig.time=2:00PM|orig.date=1858-09-02
1858	9	2	18	58	0	14.4	orig=11.5R|orig.time=9:00PM|orig.date=1858-09-02
1858	9	3	4	58	0	13	orig=10.4R|orig.time=7:00AM|orig.date=1858-09-03
1858	9	3	9	58	0	17.2	orig=13.8R|orig.time=Noon|orig.date=1858-09-03
1858	9	3	11	58	0	18.1	orig=14.5R|orig.time=2:00PM|orig.date=1858-09-03
1858	9	3	18	58	0	14	orig=11.2R|orig.time=9:00PM|orig.date=1858-09-03
1858	9	4	4	58	0	13.2	orig=10.6R|orig.time=7:00AM|orig.date=1858-09-04
1858	9	4	9	58	0	16.5	orig=13.2R|orig.time=Noon|orig.date=1858-09-04
1858	9	4	11	58	0	18.4	orig=14.7R|orig.time=2:00PM|orig.date=1858-09-04
1858	9	4	18	58	0	14	orig=11.2R|orig.time=9:00PM|orig.date=1858-09-04
1858	9	5	4	58	0	14.2	orig=11.4R|orig.time=7:00AM|orig.date=1858-09-05
1858	9	5	9	58	0	21.6	orig=17.3R|orig.time=Noon|orig.date=1858-09-05
1858	9	5	11	58	0	21	orig=16.8R|orig.time=2:00PM|orig.date=1858-09-05
1858	9	5	18	58	0	16.5	orig=13.2R|orig.time=9:00PM|orig.date=1858-09-05
1858	9	6	4	58	0	16.2	orig=13R|orig.time=7:00AM|orig.date=1858-09-06
1858	9	6	9	58	0	21.8	orig=17.4R|orig.time=Noon|orig.date=1858-09-06
1858	9	6	11	58	0	22	orig=17.6R|orig.time=2:00PM|orig.date=1858-09-06
1858	9	6	18	58	0	17.1	orig=13.7R|orig.time=9:00PM|orig.date=1858-09-06
1858	9	7	4	58	0	17	orig=13.6R|orig.time=7:00AM|orig.date=1858-09-07
1858	9	7	9	58	0	23.5	orig=18.8R|orig.time=Noon|orig.date=1858-09-07
1858	9	7	11	58	0	22.9	orig=18.3R|orig.time=2:00PM|orig.date=1858-09-07
1858	9	7	18	58	0	18.4	orig=14.7R|orig.time=9:00PM|orig.date=1858-09-07
1858	9	8	4	58	0	17.4	orig=13.9R|orig.time=7:00AM|orig.date=1858-09-08
1858	9	8	9	58	0	24	orig=19.2R|orig.time=Noon|orig.date=1858-09-08
1858	9	8	11	58	0	25.6	orig=20.5R|orig.time=2:00PM|orig.date=1858-09-08
1858	9	8	18	58	0	19.6	orig=15.7R|orig.time=9:00PM|orig.date=1858-09-08
1858	9	9	4	58	0	16.6	orig=13.3R|orig.time=7:00AM|orig.date=1858-09-09
1858	9	9	9	58	0	22.9	orig=18.3R|orig.time=Noon|orig.date=1858-09-09
1858	9	9	11	58	0	24.5	orig=19.6R|orig.time=2:00PM|orig.date=1858-09-09
1858	9	9	18	58	0	19.2	orig=15.4R|orig.time=9:00PM|orig.date=1858-09-09
1858	9	10	4	58	0	12.6	orig=10.1R|orig.time=7:00AM|orig.date=1858-09-10
1858	9	10	9	58	0	15	orig=12R|orig.time=Noon|orig.date=1858-09-10
1858	9	10	11	58	0	15.5	orig=12.4R|orig.time=2:00PM|orig.date=1858-09-10
1858	9	10	18	58	0	13.5	orig=10.8R|orig.time=9:00PM|orig.date=1858-09-10
1858	9	11	4	58	0	10.6	orig=8.5R|orig.time=7:00AM|orig.date=1858-09-11
1858	9	11	9	58	0	10.6	orig=8.5R|orig.time=Noon|orig.date=1858-09-11
1858	9	11	11	58	0	11.9	orig=9.5R|orig.time=2:00PM|orig.date=1858-09-11
1858	9	11	18	58	0	10.8	orig=8.6R|orig.time=9:00PM|orig.date=1858-09-11
1858	9	12	4	58	0	9.8	orig=7.8R|orig.time=7:00AM|orig.date=1858-09-12
1858	9	12	9	58	0	13.5	orig=10.8R|orig.time=Noon|orig.date=1858-09-12
1858	9	12	11	58	0	14.8	orig=11.8R|orig.time=2:00PM|orig.date=1858-09-12
1858	9	12	18	58	0	11.5	orig=9.2R|orig.time=9:00PM|orig.date=1858-09-12
1858	9	13	4	58	0	10	orig=8R|orig.time=7:00AM|orig.date=1858-09-13
1858	9	13	9	58	0	17.2	orig=13.8R|orig.time=Noon|orig.date=1858-09-13
1858	9	13	11	58	0	18.6	orig=14.9R|orig.time=2:00PM|orig.date=1858-09-13
1858	9	13	18	58	0	13.8	orig=11R|orig.time=9:00PM|orig.date=1858-09-13
1858	9	14	4	58	0	11.6	orig=9.3R|orig.time=7:00AM|orig.date=1858-09-14
1858	9	14	9	58	0	20	orig=16R|orig.time=Noon|orig.date=1858-09-14
1858	9	14	11	58	0	21.2	orig=17R|orig.time=2:00PM|orig.date=1858-09-14
1858	9	14	18	58	0	16.2	orig=13R|orig.time=9:00PM|orig.date=1858-09-14
1858	9	15	4	58	0	15.6	orig=12.5R|orig.time=7:00AM|orig.date=1858-09-15
1858	9	15	9	58	0	22.5	orig=18R|orig.time=Noon|orig.date=1858-09-15
1858	9	15	11	58	0	23.5	orig=18.8R|orig.time=2:00PM|orig.date=1858-09-15
1858	9	15	18	58	0	17.8	orig=14.2R|orig.time=9:00PM|orig.date=1858-09-15
1858	9	16	4	58	0	14	orig=11.2R|orig.time=7:00AM|orig.date=1858-09-16
1858	9	16	9	58	0	21	orig=16.8R|orig.time=Noon|orig.date=1858-09-16
1858	9	16	11	58	0	21.4	orig=17.1R|orig.time=2:00PM|orig.date=1858-09-16
1858	9	16	18	58	0	15.8	orig=12.6R|orig.time=9:00PM|orig.date=1858-09-16
1858	9	17	4	58	0	11.1	orig=8.9R|orig.time=7:00AM|orig.date=1858-09-17
1858	9	17	9	58	0	13.5	orig=10.8R|orig.time=Noon|orig.date=1858-09-17
1858	9	17	11	58	0	14.4	orig=11.5R|orig.time=2:00PM|orig.date=1858-09-17
1858	9	17	18	58	0	10.9	orig=8.7R|orig.time=9:00PM|orig.date=1858-09-17
1858	9	18	4	58	0	7	orig=5.6R|orig.time=7:00AM|orig.date=1858-09-18
1858	9	18	9	58	0	11.9	orig=9.5R|orig.time=Noon|orig.date=1858-09-18
1858	9	18	11	58	0	12.2	orig=9.8R|orig.time=2:00PM|orig.date=1858-09-18
1858	9	18	18	58	0	9	orig=7.2R|orig.time=9:00PM|orig.date=1858-09-18
1858	9	19	4	58	0	5.9	orig=4.7R|orig.time=7:00AM|orig.date=1858-09-19
1858	9	19	9	58	0	10.1	orig=8.1R|orig.time=Noon|orig.date=1858-09-19
1858	9	19	11	58	0	11.9	orig=9.5R|orig.time=2:00PM|orig.date=1858-09-19
1858	9	19	18	58	0	8.8	orig=7R|orig.time=9:00PM|orig.date=1858-09-19
1858	9	20	4	58	0	6	orig=4.8R|orig.time=7:00AM|orig.date=1858-09-20
1858	9	20	9	58	0	12.9	orig=10.3R|orig.time=Noon|orig.date=1858-09-20
1858	9	20	11	58	0	13.2	orig=10.6R|orig.time=2:00PM|orig.date=1858-09-20
1858	9	20	18	58	0	9.2	orig=7.4R|orig.time=9:00PM|orig.date=1858-09-20
1858	9	21	4	58	0	7.8	orig=6.2R|orig.time=7:00AM|orig.date=1858-09-21
1858	9	21	9	58	0	17	orig=13.6R|orig.time=Noon|orig.date=1858-09-21
1858	9	21	11	58	0	15.6	orig=12.5R|orig.time=2:00PM|orig.date=1858-09-21
1858	9	21	18	58	0	13.8	orig=11R|orig.time=9:00PM|orig.date=1858-09-21
1858	9	22	4	58	0	9.2	orig=7.4R|orig.time=7:00AM|orig.date=1858-09-22
1858	9	22	9	58	0	17.2	orig=13.8R|orig.time=Noon|orig.date=1858-09-22
1858	9	22	11	58	0	17.2	orig=13.8R|orig.time=2:00PM|orig.date=1858-09-22
1858	9	22	18	58	0	12.5	orig=10R|orig.time=9:00PM|orig.date=1858-09-22
1858	9	23	4	58	0	10	orig=8R|orig.time=7:00AM|orig.date=1858-09-23
1858	9	23	9	58	0	17	orig=13.6R|orig.time=Noon|orig.date=1858-09-23
1858	9	23	11	58	0	18.2	orig=14.6R|orig.time=2:00PM|orig.date=1858-09-23
1858	9	23	18	58	0	15.2	orig=12.2R|orig.time=9:00PM|orig.date=1858-09-23
1858	9	24	4	58	0	13.5	orig=10.8R|orig.time=7:00AM|orig.date=1858-09-24
1858	9	24	9	58	0	18.8	orig=15R|orig.time=Noon|orig.date=1858-09-24
1858	9	24	11	58	0	19.8	orig=15.8R|orig.time=2:00PM|orig.date=1858-09-24
1858	9	24	18	58	0	16.8	orig=13.4R|orig.time=9:00PM|orig.date=1858-09-24
1858	9	25	4	58	0	13.5	orig=10.8R|orig.time=7:00AM|orig.date=1858-09-25
1858	9	25	9	58	0	21	orig=16.8R|orig.time=Noon|orig.date=1858-09-25
1858	9	25	11	58	0	22.8	orig=18.2R|orig.time=2:00PM|orig.date=1858-09-25
1858	9	25	18	58	0	16.2	orig=13R|orig.time=9:00PM|orig.date=1858-09-25
1858	9	26	4	58	0	13.2	orig=10.6R|orig.time=7:00AM|orig.date=1858-09-26
1858	9	26	9	58	0	20.6	orig=16.5R|orig.time=Noon|orig.date=1858-09-26
1858	9	26	11	58	0	22.2	orig=17.8R|orig.time=2:00PM|orig.date=1858-09-26
1858	9	26	18	58	0	14.2	orig=11.4R|orig.time=9:00PM|orig.date=1858-09-26
1858	9	27	4	58	0	11.2	orig=9R|orig.time=7:00AM|orig.date=1858-09-27
1858	9	27	9	58	0	16	orig=12.8R|orig.time=Noon|orig.date=1858-09-27
1858	9	27	11	58	0	16.1	orig=12.9R|orig.time=2:00PM|orig.date=1858-09-27
1858	9	27	18	58	0	11.9	orig=9.5R|orig.time=9:00PM|orig.date=1858-09-27
1858	9	28	4	58	0	9.9	orig=7.9R|orig.time=7:00AM|orig.date=1858-09-28
1858	9	28	9	58	0	15.9	orig=12.7R|orig.time=Noon|orig.date=1858-09-28
1858	9	28	11	58	0	17.2	orig=13.8R|orig.time=2:00PM|orig.date=1858-09-28
1858	9	28	18	58	0	11.9	orig=9.5R|orig.time=9:00PM|orig.date=1858-09-28
1858	9	29	4	58	0	9.6	orig=7.7R|orig.time=7:00AM|orig.date=1858-09-29
1858	9	29	9	58	0	16.1	orig=12.9R|orig.time=Noon|orig.date=1858-09-29
1858	9	29	11	58	0	16.5	orig=13.2R|orig.time=2:00PM|orig.date=1858-09-29
1858	9	29	18	58	0	12.2	orig=9.8R|orig.time=9:00PM|orig.date=1858-09-29
1858	9	30	4	58	0	8.2	orig=6.6R|orig.time=7:00AM|orig.date=1858-09-30
1858	9	30	9	58	0	14.2	orig=11.4R|orig.time=Noon|orig.date=1858-09-30
1858	9	30	11	58	0	15	orig=12R|orig.time=2:00PM|orig.date=1858-09-30
1858	9	30	18	58	0	12	orig=9.6R|orig.time=9:00PM|orig.date=1858-09-30
1858	10	1	4	58	0	6.9	orig=5.5R|orig.time=7:00AM|orig.date=1858-10-01
1858	10	1	9	58	0	15.6	orig=12.5R|orig.time=Noon|orig.date=1858-10-01
1858	10	1	11	58	0	16.6	orig=13.3R|orig.time=2:00PM|orig.date=1858-10-01
1858	10	1	18	58	0	9.8	orig=7.8R|orig.time=9:00PM|orig.date=1858-10-01
1858	10	2	4	58	0	6.6	orig=5.3R|orig.time=7:00AM|orig.date=1858-10-02
1858	10	2	9	58	0	16	orig=12.8R|orig.time=Noon|orig.date=1858-10-02
1858	10	2	11	58	0	17.5	orig=14R|orig.time=2:00PM|orig.date=1858-10-02
1858	10	2	18	58	0	12.9	orig=10.3R|orig.time=9:00PM|orig.date=1858-10-02
1858	10	3	4	58	0	8.1	orig=6.5R|orig.time=7:00AM|orig.date=1858-10-03
1858	10	3	9	58	0	16.2	orig=13R|orig.time=Noon|orig.date=1858-10-03
1858	10	3	11	58	0	17.4	orig=13.9R|orig.time=2:00PM|orig.date=1858-10-03
1858	10	3	18	58	0	9.8	orig=7.8R|orig.time=9:00PM|orig.date=1858-10-03
1858	10	4	4	58	0	8.2	orig=6.6R|orig.time=7:00AM|orig.date=1858-10-04
1858	10	4	9	58	0	17.2	orig=13.8R|orig.time=Noon|orig.date=1858-10-04
1858	10	4	11	58	0	18.5	orig=14.8R|orig.time=2:00PM|orig.date=1858-10-04
1858	10	4	18	58	0	14	orig=11.2R|orig.time=9:00PM|orig.date=1858-10-04
1858	10	5	4	58	0	5.6	orig=4.5R|orig.time=7:00AM|orig.date=1858-10-05
1858	10	5	9	58	0	12.5	orig=10R|orig.time=Noon|orig.date=1858-10-05
1858	10	5	11	58	0	13.6	orig=10.9R|orig.time=2:00PM|orig.date=1858-10-05
1858	10	5	18	58	0	9.8	orig=7.8R|orig.time=9:00PM|orig.date=1858-10-05
1858	10	6	4	58	0	5.8	orig=4.6R|orig.time=7:00AM|orig.date=1858-10-06
1858	10	6	9	58	0	16.2	orig=13R|orig.time=Noon|orig.date=1858-10-06
1858	10	6	11	58	0	18.5	orig=14.8R|orig.time=2:00PM|orig.date=1858-10-06
1858	10	6	18	58	0	13.6	orig=10.9R|orig.time=9:00PM|orig.date=1858-10-06
1858	10	7	4	58	0	10	orig=8R|orig.time=7:00AM|orig.date=1858-10-07
1858	10	7	9	58	0	15.2	orig=12.2R|orig.time=Noon|orig.date=1858-10-07
1858	10	7	11	58	0	15.5	orig=12.4R|orig.time=2:00PM|orig.date=1858-10-07
1858	10	7	18	58	0	12	orig=9.6R|orig.time=9:00PM|orig.date=1858-10-07
1858	10	8	4	58	0	8	orig=6.4R|orig.time=7:00AM|orig.date=1858-10-08
1858	10	8	9	58	0	17.5	orig=14R|orig.time=Noon|orig.date=1858-10-08
1858	10	8	11	58	0	19.1	orig=15.3R|orig.time=2:00PM|orig.date=1858-10-08
1858	10	8	18	58	0	11.9	orig=9.5R|orig.time=9:00PM|orig.date=1858-10-08
1858	10	9	4	58	0	5.8	orig=4.6R|orig.time=7:00AM|orig.date=1858-10-09
1858	10	9	9	58	0	14.2	orig=11.4R|orig.time=Noon|orig.date=1858-10-09
1858	10	9	11	58	0	16.2	orig=13R|orig.time=2:00PM|orig.date=1858-10-09
1858	10	9	18	58	0	11.5	orig=9.2R|orig.time=9:00PM|orig.date=1858-10-09
1858	10	10	4	58	0	7.8	orig=6.2R|orig.time=7:00AM|orig.date=1858-10-10
1858	10	10	9	58	0	16	orig=12.8R|orig.time=Noon|orig.date=1858-10-10
1858	10	10	11	58	0	17.8	orig=14.2R|orig.time=2:00PM|orig.date=1858-10-10
1858	10	10	18	58	0	11.5	orig=9.2R|orig.time=9:00PM|orig.date=1858-10-10
1858	10	11	4	58	0	10	orig=8R|orig.time=7:00AM|orig.date=1858-10-11
1858	10	11	9	58	0	15	orig=12R|orig.time=Noon|orig.date=1858-10-11
1858	10	11	11	58	0	16	orig=12.8R|orig.time=2:00PM|orig.date=1858-10-11
1858	10	11	18	58	0	13.9	orig=11.1R|orig.time=9:00PM|orig.date=1858-10-11
1858	10	12	4	58	0	12	orig=9.6R|orig.time=7:00AM|orig.date=1858-10-12
1858	10	12	9	58	0	18.4	orig=14.7R|orig.time=Noon|orig.date=1858-10-12
1858	10	12	11	58	0	19.2	orig=15.4R|orig.time=2:00PM|orig.date=1858-10-12
1858	10	12	18	58	0	14.2	orig=11.4R|orig.time=9:00PM|orig.date=1858-10-12
1858	10	13	4	58	0	9.4	orig=7.5R|orig.time=7:00AM|orig.date=1858-10-13
1858	10	13	9	58	0	17.8	orig=14.2R|orig.time=Noon|orig.date=1858-10-13
1858	10	13	11	58	0	18.6	orig=14.9R|orig.time=2:00PM|orig.date=1858-10-13
1858	10	13	18	58	0	12.2	orig=9.8R|orig.time=9:00PM|orig.date=1858-10-13
1858	10	14	4	58	0	9.4	orig=7.5R|orig.time=7:00AM|orig.date=1858-10-14
1858	10	14	9	58	0	17	orig=13.6R|orig.time=Noon|orig.date=1858-10-14
1858	10	14	11	58	0	17.4	orig=13.9R|orig.time=2:00PM|orig.date=1858-10-14
1858	10	14	18	58	0	12.6	orig=10.1R|orig.time=9:00PM|orig.date=1858-10-14
1858	10	15	4	58	0	6.2	orig=5R|orig.time=7:00AM|orig.date=1858-10-15
1858	10	15	9	58	0	12.8	orig=10.2R|orig.time=Noon|orig.date=1858-10-15
1858	10	15	11	58	0	14.4	orig=11.5R|orig.time=2:00PM|orig.date=1858-10-15
1858	10	15	18	58	0	8.1	orig=6.5R|orig.time=9:00PM|orig.date=1858-10-15
1858	10	16	4	58	0	5.5	orig=4.4R|orig.time=7:00AM|orig.date=1858-10-16
1858	10	16	9	58	0	14.8	orig=11.8R|orig.time=Noon|orig.date=1858-10-16
1858	10	16	11	58	0	15.8	orig=12.6R|orig.time=2:00PM|orig.date=1858-10-16
1858	10	16	18	58	0	11.8	orig=9.4R|orig.time=9:00PM|orig.date=1858-10-16
1858	10	17	4	58	0	9.4	orig=7.5R|orig.time=7:00AM|orig.date=1858-10-17
1858	10	17	9	58	0	17.5	orig=14R|orig.time=Noon|orig.date=1858-10-17
1858	10	17	11	58	0	18.5	orig=14.8R|orig.time=2:00PM|orig.date=1858-10-17
1858	10	17	18	58	0	11.9	orig=9.5R|orig.time=9:00PM|orig.date=1858-10-17
1858	10	18	4	58	0	7.8	orig=6.2R|orig.time=7:00AM|orig.date=1858-10-18
1858	10	18	9	58	0	16.5	orig=13.2R|orig.time=Noon|orig.date=1858-10-18
1858	10	18	11	58	0	16.4	orig=13.1R|orig.time=2:00PM|orig.date=1858-10-18
1858	10	18	18	58	0	11.5	orig=9.2R|orig.time=9:00PM|orig.date=1858-10-18
1858	10	19	4	58	0	6.5	orig=5.2R|orig.time=7:00AM|orig.date=1858-10-19
1858	10	19	9	58	0	16.5	orig=13.2R|orig.time=Noon|orig.date=1858-10-19
1858	10	19	11	58	0	16.6	orig=13.3R|orig.time=2:00PM|orig.date=1858-10-19
1858	10	19	18	58	0	11	orig=8.8R|orig.time=9:00PM|orig.date=1858-10-19
1858	10	20	4	58	0	6.4	orig=5.1R|orig.time=7:00AM|orig.date=1858-10-20
1858	10	20	9	58	0	7.2	orig=5.8R|orig.time=Noon|orig.date=1858-10-20
1858	10	20	11	58	0	9.2	orig=7.4R|orig.time=2:00PM|orig.date=1858-10-20
1858	10	20	18	58	0	4.5	orig=3.6R|orig.time=9:00PM|orig.date=1858-10-20
1858	10	21	4	58	0	-1.2	orig=-1R|orig.time=7:00AM|orig.date=1858-10-21
1858	10	21	9	58	0	7.1	orig=5.7R|orig.time=Noon|orig.date=1858-10-21
1858	10	21	11	58	0	8.9	orig=7.1R|orig.time=2:00PM|orig.date=1858-10-21
1858	10	21	18	58	0	6.5	orig=5.2R|orig.time=9:00PM|orig.date=1858-10-21
1858	10	22	4	58	0	8.1	orig=6.5R|orig.time=7:00AM|orig.date=1858-10-22
1858	10	22	9	58	0	13.6	orig=10.9R|orig.time=Noon|orig.date=1858-10-22
1858	10	22	11	58	0	15.6	orig=12.5R|orig.time=2:00PM|orig.date=1858-10-22
1858	10	22	18	58	0	12.1	orig=9.7R|orig.time=9:00PM|orig.date=1858-10-22
1858	10	23	4	58	0	8.1	orig=6.5R|orig.time=7:00AM|orig.date=1858-10-23
1858	10	23	9	58	0	11.1	orig=8.9R|orig.time=Noon|orig.date=1858-10-23
1858	10	23	11	58	0	12.1	orig=9.7R|orig.time=2:00PM|orig.date=1858-10-23
1858	10	23	18	58	0	10.8	orig=8.6R|orig.time=9:00PM|orig.date=1858-10-23
1858	10	24	4	58	0	9.2	orig=7.4R|orig.time=7:00AM|orig.date=1858-10-24
1858	10	24	9	58	0	13.2	orig=10.6R|orig.time=Noon|orig.date=1858-10-24
1858	10	24	11	58	0	13.8	orig=11R|orig.time=2:00PM|orig.date=1858-10-24
1858	10	24	18	58	0	10	orig=8R|orig.time=9:00PM|orig.date=1858-10-24
1858	10	25	4	58	0	8.8	orig=7R|orig.time=7:00AM|orig.date=1858-10-25
1858	10	25	9	58	0	12.9	orig=10.3R|orig.time=Noon|orig.date=1858-10-25
1858	10	25	11	58	0	13.4	orig=10.7R|orig.time=2:00PM|orig.date=1858-10-25
1858	10	25	18	58	0	12.6	orig=10.1R|orig.time=9:00PM|orig.date=1858-10-25
1858	10	26	4	58	0	11	orig=8.8R|orig.time=7:00AM|orig.date=1858-10-26
1858	10	26	9	58	0	12.2	orig=9.8R|orig.time=Noon|orig.date=1858-10-26
1858	10	26	11	58	0	12.2	orig=9.8R|orig.time=2:00PM|orig.date=1858-10-26
1858	10	26	18	58	0	9.5	orig=7.6R|orig.time=9:00PM|orig.date=1858-10-26
1858	10	27	4	58	0	8.1	orig=6.5R|orig.time=7:00AM|orig.date=1858-10-27
1858	10	27	9	58	0	9.6	orig=7.7R|orig.time=Noon|orig.date=1858-10-27
1858	10	27	11	58	0	11	orig=8.8R|orig.time=2:00PM|orig.date=1858-10-27
1858	10	27	18	58	0	7	orig=5.6R|orig.time=9:00PM|orig.date=1858-10-27
1858	10	28	4	58	0	6	orig=4.8R|orig.time=7:00AM|orig.date=1858-10-28
1858	10	28	9	58	0	11.5	orig=9.2R|orig.time=Noon|orig.date=1858-10-28
1858	10	28	11	58	0	12.8	orig=10.2R|orig.time=2:00PM|orig.date=1858-10-28
1858	10	28	18	58	0	9.8	orig=7.8R|orig.time=9:00PM|orig.date=1858-10-28
1858	10	29	4	58	0	9.5	orig=7.6R|orig.time=7:00AM|orig.date=1858-10-29
1858	10	29	9	58	0	13.4	orig=10.7R|orig.time=Noon|orig.date=1858-10-29
1858	10	29	11	58	0	12.5	orig=10R|orig.time=2:00PM|orig.date=1858-10-29
1858	10	29	18	58	0	11.8	orig=9.4R|orig.time=9:00PM|orig.date=1858-10-29
1858	10	30	4	58	0	11.2	orig=9R|orig.time=7:00AM|orig.date=1858-10-30
1858	10	30	9	58	0	9.5	orig=7.6R|orig.time=Noon|orig.date=1858-10-30
1858	10	30	11	58	0	10.1	orig=8.1R|orig.time=2:00PM|orig.date=1858-10-30
1858	10	30	18	58	0	6.5	orig=5.2R|orig.time=9:00PM|orig.date=1858-10-30
1858	10	31	4	58	0	0.2	orig=0.2R|orig.time=7:00AM|orig.date=1858-10-31
1858	10	31	9	58	0	1	orig=0.8R|orig.time=Noon|orig.date=1858-10-31
1858	10	31	11	58	0	1.2	orig=1R|orig.time=2:00PM|orig.date=1858-10-31
1858	10	31	18	58	0	0.8	orig=0.6R|orig.time=9:00PM|orig.date=1858-10-31
1858	11	1	4	58	0	-1.8	orig=-1.4R|orig.time=7:00AM|orig.date=1858-11-01
1858	11	1	9	58	0	-2.4	orig=-1.9R|orig.time=Noon|orig.date=1858-11-01
1858	11	1	11	58	0	-2.2	orig=-1.8R|orig.time=2:00PM|orig.date=1858-11-01
1858	11	1	18	58	0	-5	orig=-4R|orig.time=9:00PM|orig.date=1858-11-01
1858	11	2	4	58	0	-3.5	orig=-2.8R|orig.time=7:00AM|orig.date=1858-11-02
1858	11	2	9	58	0	-2	orig=-1.6R|orig.time=Noon|orig.date=1858-11-02
1858	11	2	11	58	0	-1.9	orig=-1.5R|orig.time=2:00PM|orig.date=1858-11-02
1858	11	2	18	58	0	-3.4	orig=-2.7R|orig.time=9:00PM|orig.date=1858-11-02
1858	11	3	4	58	0	-4.4	orig=-3.5R|orig.time=7:00AM|orig.date=1858-11-03
1858	11	3	9	58	0	-2.5	orig=-2R|orig.time=Noon|orig.date=1858-11-03
1858	11	3	11	58	0	-1.5	orig=-1.2R|orig.time=2:00PM|orig.date=1858-11-03
1858	11	3	18	58	0	-4.4	orig=-3.5R|orig.time=9:00PM|orig.date=1858-11-03
1858	11	4	4	58	0	-6.9	orig=-5.5R|orig.time=7:00AM|orig.date=1858-11-04
1858	11	4	9	58	0	-10.2	orig=-8.2R|orig.time=Noon|orig.date=1858-11-04
1858	11	4	11	58	0	-2	orig=-1.6R|orig.time=2:00PM|orig.date=1858-11-04
1858	11	4	18	58	0	-4.4	orig=-3.5R|orig.time=9:00PM|orig.date=1858-11-04
1858	11	5	4	58	0	-8.4	orig=-6.7R|orig.time=7:00AM|orig.date=1858-11-05
1858	11	5	9	58	0	-1.8	orig=-1.4R|orig.time=Noon|orig.date=1858-11-05
1858	11	5	11	58	0	-0.8	orig=-0.6R|orig.time=2:00PM|orig.date=1858-11-05
1858	11	5	18	58	0	-4.4	orig=-3.5R|orig.time=9:00PM|orig.date=1858-11-05
1858	11	6	4	58	0	-7	orig=-5.6R|orig.time=7:00AM|orig.date=1858-11-06
1858	11	6	9	58	0	-2.6	orig=-2.1R|orig.time=Noon|orig.date=1858-11-06
1858	11	6	11	58	0	-4.2	orig=-3.4R|orig.time=2:00PM|orig.date=1858-11-06
1858	11	6	18	58	0	-2.5	orig=-2R|orig.time=9:00PM|orig.date=1858-11-06
1858	11	7	4	58	0	0.4	orig=0.3R|orig.time=7:00AM|orig.date=1858-11-07
1858	11	7	9	58	0	0.4	orig=0.3R|orig.time=Noon|orig.date=1858-11-07
1858	11	7	11	58	0	0.6	orig=0.5R|orig.time=2:00PM|orig.date=1858-11-07
1858	11	7	18	58	0	-0.2	orig=-0.2R|orig.time=9:00PM|orig.date=1858-11-07
1858	11	8	4	58	0	-5	orig=-4R|orig.time=7:00AM|orig.date=1858-11-08
1858	11	8	9	58	0	-4.2	orig=-3.4R|orig.time=Noon|orig.date=1858-11-08
1858	11	8	11	58	0	-4	orig=-3.2R|orig.time=2:00PM|orig.date=1858-11-08
1858	11	8	18	58	0	-5.2	orig=-4.2R|orig.time=9:00PM|orig.date=1858-11-08
1858	11	9	4	58	0	-7.8	orig=-6.2R|orig.time=7:00AM|orig.date=1858-11-09
1858	11	9	9	58	0	-4.8	orig=-3.8R|orig.time=Noon|orig.date=1858-11-09
1858	11	9	11	58	0	-4.4	orig=-3.5R|orig.time=2:00PM|orig.date=1858-11-09
1858	11	9	18	58	0	-6.5	orig=-5.2R|orig.time=9:00PM|orig.date=1858-11-09
1858	11	10	4	58	0	-10.8	orig=-8.6R|orig.time=7:00AM|orig.date=1858-11-10
1858	11	10	9	58	0	-5.5	orig=-4.4R|orig.time=Noon|orig.date=1858-11-10
1858	11	10	11	58	0	-4.9	orig=-3.9R|orig.time=2:00PM|orig.date=1858-11-10
1858	11	10	18	58	0	-7.8	orig=-6.2R|orig.time=9:00PM|orig.date=1858-11-10
1858	11	11	4	58	0	-5.6	orig=-4.5R|orig.time=7:00AM|orig.date=1858-11-11
1858	11	11	9	58	0	-1.5	orig=-1.2R|orig.time=Noon|orig.date=1858-11-11
1858	11	11	11	58	0	-1.5	orig=-1.2R|orig.time=2:00PM|orig.date=1858-11-11
1858	11	11	18	58	0	-2.2	orig=-1.8R|orig.time=9:00PM|orig.date=1858-11-11
1858	11	12	4	58	0	-2.8	orig=-2.2R|orig.time=7:00AM|orig.date=1858-11-12
1858	11	12	9	58	0	0.5	orig=0.4R|orig.time=Noon|orig.date=1858-11-12
1858	11	12	11	58	0	0.6	orig=0.5R|orig.time=2:00PM|orig.date=1858-11-12
1858	11	12	18	58	0	-1	orig=-0.8R|orig.time=9:00PM|orig.date=1858-11-12
1858	11	13	4	58	0	-0.5	orig=-0.4R|orig.time=7:00AM|orig.date=1858-11-13
1858	11	13	9	58	0	1.8	orig=1.4R|orig.time=Noon|orig.date=1858-11-13
1858	11	13	11	58	0	1.1	orig=0.9R|orig.time=2:00PM|orig.date=1858-11-13
1858	11	13	18	58	0	0.8	orig=0.6R|orig.time=9:00PM|orig.date=1858-11-13
1858	11	14	4	58	0	-1	orig=-0.8R|orig.time=7:00AM|orig.date=1858-11-14
1858	11	14	9	58	0	1.6	orig=1.3R|orig.time=Noon|orig.date=1858-11-14
1858	11	14	11	58	0	2.6	orig=2.1R|orig.time=2:00PM|orig.date=1858-11-14
1858	11	14	18	58	0	-0.4	orig=-0.3R|orig.time=9:00PM|orig.date=1858-11-14
1858	11	15	4	58	0	-1.6	orig=-1.3R|orig.time=7:00AM|orig.date=1858-11-15
1858	11	15	9	58	0	-1.9	orig=-1.5R|orig.time=Noon|orig.date=1858-11-15
1858	11	15	11	58	0	-2.2	orig=-1.8R|orig.time=2:00PM|orig.date=1858-11-15
1858	11	15	18	58	0	-5	orig=-4R|orig.time=9:00PM|orig.date=1858-11-15
1858	11	16	4	58	0	-10.4	orig=-8.3R|orig.time=7:00AM|orig.date=1858-11-16
1858	11	16	9	58	0	-7.2	orig=-5.8R|orig.time=Noon|orig.date=1858-11-16
1858	11	16	11	58	0	-7	orig=-5.6R|orig.time=2:00PM|orig.date=1858-11-16
1858	11	16	18	58	0	-8.5	orig=-6.8R|orig.time=9:00PM|orig.date=1858-11-16
1858	11	17	4	58	0	-12.8	orig=-10.2R|orig.time=7:00AM|orig.date=1858-11-17
1858	11	17	9	58	0	-8.6	orig=-6.9R|orig.time=Noon|orig.date=1858-11-17
1858	11	17	11	58	0	-8.4	orig=-6.7R|orig.time=2:00PM|orig.date=1858-11-17
1858	11	17	18	58	0	-7.2	orig=-5.8R|orig.time=9:00PM|orig.date=1858-11-17
1858	11	18	4	58	0	-1.2	orig=-1R|orig.time=7:00AM|orig.date=1858-11-18
1858	11	18	9	58	0	-3.2	orig=-2.6R|orig.time=Noon|orig.date=1858-11-18
1858	11	18	11	58	0	-4.1	orig=-3.3R|orig.time=2:00PM|orig.date=1858-11-18
1858	11	18	18	58	0	-4.6	orig=-3.7R|orig.time=9:00PM|orig.date=1858-11-18
1858	11	19	4	58	0	-5.6	orig=-4.5R|orig.time=7:00AM|orig.date=1858-11-19
1858	11	19	9	58	0	-2	orig=-1.6R|orig.time=Noon|orig.date=1858-11-19
1858	11	19	11	58	0	-2.4	orig=-1.9R|orig.time=2:00PM|orig.date=1858-11-19
1858	11	19	18	58	0	-4.4	orig=-3.5R|orig.time=9:00PM|orig.date=1858-11-19
1858	11	20	4	58	0	-5	orig=-4R|orig.time=7:00AM|orig.date=1858-11-20
1858	11	20	9	58	0	-4	orig=-3.2R|orig.time=Noon|orig.date=1858-11-20
1858	11	20	11	58	0	-3.4	orig=-2.7R|orig.time=2:00PM|orig.date=1858-11-20
1858	11	20	18	58	0	-4.2	orig=-3.4R|orig.time=9:00PM|orig.date=1858-11-20
1858	11	21	4	58	0	-2.8	orig=-2.2R|orig.time=7:00AM|orig.date=1858-11-21
1858	11	21	9	58	0	-1.8	orig=-1.4R|orig.time=Noon|orig.date=1858-11-21
1858	11	21	11	58	0	-2.4	orig=-1.9R|orig.time=2:00PM|orig.date=1858-11-21
1858	11	21	18	58	0	-7.8	orig=-6.2R|orig.time=9:00PM|orig.date=1858-11-21
1858	11	22	4	58	0	-10.8	orig=-8.6R|orig.time=7:00AM|orig.date=1858-11-22
1858	11	22	9	58	0	-5.2	orig=-4.2R|orig.time=Noon|orig.date=1858-11-22
1858	11	22	11	58	0	-6.4	orig=-5.1R|orig.time=2:00PM|orig.date=1858-11-22
1858	11	22	18	58	0	-9.4	orig=-7.5R|orig.time=9:00PM|orig.date=1858-11-22
1858	11	23	4	58	0	-12.5	orig=-10R|orig.time=7:00AM|orig.date=1858-11-23
1858	11	23	9	58	0	-7.4	orig=-5.9R|orig.time=Noon|orig.date=1858-11-23
1858	11	23	11	58	0	-6.5	orig=-5.2R|orig.time=2:00PM|orig.date=1858-11-23
1858	11	23	18	58	0	-4.1	orig=-3.3R|orig.time=9:00PM|orig.date=1858-11-23
1858	11	24	4	58	0	-5.8	orig=-4.6R|orig.time=7:00AM|orig.date=1858-11-24
1858	11	24	9	58	0	-4	orig=-3.2R|orig.time=Noon|orig.date=1858-11-24
1858	11	24	11	58	0	-3.6	orig=-2.9R|orig.time=2:00PM|orig.date=1858-11-24
1858	11	24	18	58	0	-4	orig=-3.2R|orig.time=9:00PM|orig.date=1858-11-24
1858	11	25	4	58	0	-3	orig=-2.4R|orig.time=7:00AM|orig.date=1858-11-25
1858	11	25	9	58	0	-1	orig=-0.8R|orig.time=Noon|orig.date=1858-11-25
1858	11	25	11	58	0	-2.2	orig=-1.8R|orig.time=2:00PM|orig.date=1858-11-25
1858	11	25	18	58	0	-5.2	orig=-4.2R|orig.time=9:00PM|orig.date=1858-11-25
1858	11	26	4	58	0	-8.5	orig=-6.8R|orig.time=7:00AM|orig.date=1858-11-26
1858	11	26	9	58	0	-4.8	orig=-3.8R|orig.time=Noon|orig.date=1858-11-26
1858	11	26	11	58	0	-6.6	orig=-5.3R|orig.time=2:00PM|orig.date=1858-11-26
1858	11	26	18	58	0	-11.5	orig=-9.2R|orig.time=9:00PM|orig.date=1858-11-26
1858	11	27	4	58	0	-11.5	orig=-9.2R|orig.time=7:00AM|orig.date=1858-11-27
1858	11	27	9	58	0	-11.5	orig=-9.2R|orig.time=Noon|orig.date=1858-11-27
1858	11	27	11	58	0	-10.2	orig=-8.2R|orig.time=2:00PM|orig.date=1858-11-27
1858	11	27	18	58	0	-6	orig=-4.8R|orig.time=9:00PM|orig.date=1858-11-27
1858	11	28	4	58	0	0.9	orig=0.7R|orig.time=7:00AM|orig.date=1858-11-28
1858	11	28	9	58	0	2	orig=1.6R|orig.time=Noon|orig.date=1858-11-28
1858	11	28	11	58	0	2.4	orig=1.9R|orig.time=2:00PM|orig.date=1858-11-28
1858	11	28	18	58	0	2.2	orig=1.8R|orig.time=9:00PM|orig.date=1858-11-28
1858	11	29	4	58	0	1.8	orig=1.4R|orig.time=7:00AM|orig.date=1858-11-29
1858	11	29	9	58	0	3.4	orig=2.7R|orig.time=Noon|orig.date=1858-11-29
1858	11	29	11	58	0	3.8	orig=3R|orig.time=2:00PM|orig.date=1858-11-29
1858	11	29	18	58	0	3.6	orig=2.9R|orig.time=9:00PM|orig.date=1858-11-29
1858	11	30	4	58	0	3.6	orig=2.9R|orig.time=7:00AM|orig.date=1858-11-30
1858	11	30	9	58	0	6.4	orig=5.1R|orig.time=Noon|orig.date=1858-11-30
1858	11	30	11	58	0	6.6	orig=5.3R|orig.time=2:00PM|orig.date=1858-11-30
1858	11	30	18	58	0	6.5	orig=5.2R|orig.time=9:00PM|orig.date=1858-11-30
1858	12	1	4	58	0	4.4	orig=3.5R|orig.time=7:00AM|orig.date=1858-12-01
1858	12	1	9	58	0	4.1	orig=3.3R|orig.time=Noon|orig.date=1858-12-01
1858	12	1	11	58	0	4.1	orig=3.3R|orig.time=2:00PM|orig.date=1858-12-01
1858	12	1	18	58	0	2.8	orig=2.2R|orig.time=9:00PM|orig.date=1858-12-01
1858	12	2	4	58	0	2	orig=1.6R|orig.time=7:00AM|orig.date=1858-12-02
1858	12	2	9	58	0	2.8	orig=2.2R|orig.time=Noon|orig.date=1858-12-02
1858	12	2	11	58	0	2.8	orig=2.2R|orig.time=2:00PM|orig.date=1858-12-02
1858	12	2	18	58	0	2.2	orig=1.8R|orig.time=9:00PM|orig.date=1858-12-02
1858	12	3	4	58	0	4.4	orig=3.5R|orig.time=7:00AM|orig.date=1858-12-03
1858	12	3	9	58	0	6.5	orig=5.2R|orig.time=Noon|orig.date=1858-12-03
1858	12	3	11	58	0	5.5	orig=4.4R|orig.time=2:00PM|orig.date=1858-12-03
1858	12	3	18	58	0	2.4	orig=1.9R|orig.time=9:00PM|orig.date=1858-12-03
1858	12	4	4	58	0	2.6	orig=2.1R|orig.time=7:00AM|orig.date=1858-12-04
1858	12	4	9	58	0	3.6	orig=2.9R|orig.time=Noon|orig.date=1858-12-04
1858	12	4	11	58	0	3.4	orig=2.7R|orig.time=2:00PM|orig.date=1858-12-04
1858	12	4	18	58	0	0.8	orig=0.6R|orig.time=9:00PM|orig.date=1858-12-04
1858	12	5	4	58	0	0.1	orig=0.1R|orig.time=7:00AM|orig.date=1858-12-05
1858	12	5	9	58	0	1	orig=0.8R|orig.time=Noon|orig.date=1858-12-05
1858	12	5	11	58	0	0.9	orig=0.7R|orig.time=2:00PM|orig.date=1858-12-05
1858	12	5	18	58	0	0.8	orig=0.6R|orig.time=9:00PM|orig.date=1858-12-05
1858	12	6	4	58	0	-0.9	orig=-0.7R|orig.time=7:00AM|orig.date=1858-12-06
1858	12	6	9	58	0	-0.2	orig=-0.2R|orig.time=Noon|orig.date=1858-12-06
1858	12	6	11	58	0	-0.5	orig=-0.4R|orig.time=2:00PM|orig.date=1858-12-06
1858	12	6	18	58	0	-0.8	orig=-0.6R|orig.time=9:00PM|orig.date=1858-12-06
1858	12	7	4	58	0	-0.9	orig=-0.7R|orig.time=7:00AM|orig.date=1858-12-07
1858	12	7	9	58	0	0.1	orig=0.1R|orig.time=Noon|orig.date=1858-12-07
1858	12	7	11	58	0	-0.4	orig=-0.3R|orig.time=2:00PM|orig.date=1858-12-07
1858	12	7	18	58	0	-0.8	orig=-0.6R|orig.time=9:00PM|orig.date=1858-12-07
1858	12	8	4	58	0	-1.6	orig=-1.3R|orig.time=7:00AM|orig.date=1858-12-08
1858	12	8	9	58	0	-2	orig=-1.6R|orig.time=Noon|orig.date=1858-12-08
1858	12	8	11	58	0	-2.6	orig=-2.1R|orig.time=2:00PM|orig.date=1858-12-08
1858	12	8	18	58	0	-4	orig=-3.2R|orig.time=9:00PM|orig.date=1858-12-08
1858	12	9	4	58	0	-2.5	orig=-2R|orig.time=7:00AM|orig.date=1858-12-09
1858	12	9	9	58	0	-2	orig=-1.6R|orig.time=Noon|orig.date=1858-12-09
1858	12	9	11	58	0	-1.8	orig=-1.4R|orig.time=2:00PM|orig.date=1858-12-09
1858	12	9	18	58	0	-2.8	orig=-2.2R|orig.time=9:00PM|orig.date=1858-12-09
1858	12	10	4	58	0	-3.5	orig=-2.8R|orig.time=7:00AM|orig.date=1858-12-10
1858	12	10	9	58	0	-3	orig=-2.4R|orig.time=Noon|orig.date=1858-12-10
1858	12	10	11	58	0	-2.8	orig=-2.2R|orig.time=2:00PM|orig.date=1858-12-10
1858	12	10	18	58	0	-2.5	orig=-2R|orig.time=9:00PM|orig.date=1858-12-10
1858	12	11	4	58	0	-4.6	orig=-3.7R|orig.time=7:00AM|orig.date=1858-12-11
1858	12	11	9	58	0	-4.4	orig=-3.5R|orig.time=Noon|orig.date=1858-12-11
1858	12	11	11	58	0	-4	orig=-3.2R|orig.time=2:00PM|orig.date=1858-12-11
1858	12	11	18	58	0	-4.2	orig=-3.4R|orig.time=9:00PM|orig.date=1858-12-11
1858	12	12	4	58	0	-5	orig=-4R|orig.time=7:00AM|orig.date=1858-12-12
1858	12	12	9	58	0	-4.2	orig=-3.4R|orig.time=Noon|orig.date=1858-12-12
1858	12	12	11	58	0	-4.2	orig=-3.4R|orig.time=2:00PM|orig.date=1858-12-12
1858	12	12	18	58	0	-5	orig=-4R|orig.time=9:00PM|orig.date=1858-12-12
1858	12	13	4	58	0	-5.2	orig=-4.2R|orig.time=7:00AM|orig.date=1858-12-13
1858	12	13	9	58	0	-4.1	orig=-3.3R|orig.time=Noon|orig.date=1858-12-13
1858	12	13	11	58	0	-4.5	orig=-3.6R|orig.time=2:00PM|orig.date=1858-12-13
1858	12	13	18	58	0	-5.2	orig=-4.2R|orig.time=9:00PM|orig.date=1858-12-13
1858	12	14	4	58	0	-5.8	orig=-4.6R|orig.time=7:00AM|orig.date=1858-12-14
1858	12	14	9	58	0	-5.1	orig=-4.1R|orig.time=Noon|orig.date=1858-12-14
1858	12	14	11	58	0	-4.5	orig=-3.6R|orig.time=2:00PM|orig.date=1858-12-14
1858	12	14	18	58	0	-4.5	orig=-3.6R|orig.time=9:00PM|orig.date=1858-12-14
1858	12	15	4	58	0	-6.8	orig=-5.4R|orig.time=7:00AM|orig.date=1858-12-15
1858	12	15	9	58	0	-4.9	orig=-3.9R|orig.time=Noon|orig.date=1858-12-15
1858	12	15	11	58	0	-5	orig=-4R|orig.time=2:00PM|orig.date=1858-12-15
1858	12	15	18	58	0	-6.2	orig=-5R|orig.time=9:00PM|orig.date=1858-12-15
1858	12	16	4	58	0	-7.9	orig=-6.3R|orig.time=7:00AM|orig.date=1858-12-16
1858	12	16	9	58	0	-4.6	orig=-3.7R|orig.time=Noon|orig.date=1858-12-16
1858	12	16	11	58	0	-3.5	orig=-2.8R|orig.time=2:00PM|orig.date=1858-12-16
1858	12	16	18	58	0	-11.2	orig=-9R|orig.time=9:00PM|orig.date=1858-12-16
1858	12	17	4	58	0	-13.8	orig=-11R|orig.time=7:00AM|orig.date=1858-12-17
1858	12	17	9	58	0	-13.5	orig=-10.8R|orig.time=Noon|orig.date=1858-12-17
1858	12	17	11	58	0	-13	orig=-10.4R|orig.time=2:00PM|orig.date=1858-12-17
1858	12	17	18	58	0	-14.1	orig=-11.3R|orig.time=9:00PM|orig.date=1858-12-17
1858	12	18	4	58	0	-15.4	orig=-12.3R|orig.time=7:00AM|orig.date=1858-12-18
1858	12	18	9	58	0	-13.5	orig=-10.8R|orig.time=Noon|orig.date=1858-12-18
1858	12	18	11	58	0	-13.2	orig=-10.6R|orig.time=2:00PM|orig.date=1858-12-18
1858	12	18	18	58	0	-12.5	orig=-10R|orig.time=9:00PM|orig.date=1858-12-18
1858	12	19	4	58	0	-18.8	orig=-15R|orig.time=7:00AM|orig.date=1858-12-19
1858	12	19	9	58	0	-15.2	orig=-12.2R|orig.time=Noon|orig.date=1858-12-19
1858	12	19	11	58	0	-12.9	orig=-10.3R|orig.time=2:00PM|orig.date=1858-12-19
1858	12	19	18	58	0	-14.1	orig=-11.3R|orig.time=9:00PM|orig.date=1858-12-19
1858	12	20	4	58	0	-12.9	orig=-10.3R|orig.time=7:00AM|orig.date=1858-12-20
1858	12	20	9	58	0	-9.1	orig=-7.3R|orig.time=Noon|orig.date=1858-12-20
1858	12	20	11	58	0	-8.5	orig=-6.8R|orig.time=2:00PM|orig.date=1858-12-20
1858	12	20	18	58	0	-7.5	orig=-6R|orig.time=9:00PM|orig.date=1858-12-20
1858	12	21	4	58	0	-8.5	orig=-6.8R|orig.time=7:00AM|orig.date=1858-12-21
1858	12	21	9	58	0	-4.8	orig=-3.8R|orig.time=Noon|orig.date=1858-12-21
1858	12	21	11	58	0	-5.1	orig=-4.1R|orig.time=2:00PM|orig.date=1858-12-21
1858	12	21	18	58	0	-7.4	orig=-5.9R|orig.time=9:00PM|orig.date=1858-12-21
1858	12	22	4	58	0	-7.8	orig=-6.2R|orig.time=7:00AM|orig.date=1858-12-22
1858	12	22	9	58	0	-6.2	orig=-5R|orig.time=Noon|orig.date=1858-12-22
1858	12	22	11	58	0	-6.4	orig=-5.1R|orig.time=2:00PM|orig.date=1858-12-22
1858	12	22	18	58	0	-8.5	orig=-6.8R|orig.time=9:00PM|orig.date=1858-12-22
1858	12	23	4	58	0	-11.5	orig=-9.2R|orig.time=7:00AM|orig.date=1858-12-23
1858	12	23	9	58	0	-8.8	orig=-7R|orig.time=Noon|orig.date=1858-12-23
1858	12	23	11	58	0	-8.8	orig=-7R|orig.time=2:00PM|orig.date=1858-12-23
1858	12	23	18	58	0	-9	orig=-7.2R|orig.time=9:00PM|orig.date=1858-12-23
1858	12	24	4	58	0	-7.8	orig=-6.2R|orig.time=7:00AM|orig.date=1858-12-24
1858	12	24	9	58	0	-5.4	orig=-4.3R|orig.time=Noon|orig.date=1858-12-24
1858	12	24	11	58	0	-6	orig=-4.8R|orig.time=2:00PM|orig.date=1858-12-24
1858	12	24	18	58	0	-6.8	orig=-5.4R|orig.time=9:00PM|orig.date=1858-12-24
1858	12	25	4	58	0	-5.8	orig=-4.6R|orig.time=7:00AM|orig.date=1858-12-25
1858	12	25	9	58	0	-3.8	orig=-3R|orig.time=Noon|orig.date=1858-12-25
1858	12	25	11	58	0	-3.2	orig=-2.6R|orig.time=2:00PM|orig.date=1858-12-25
1858	12	25	18	58	0	-3.8	orig=-3R|orig.time=9:00PM|orig.date=1858-12-25
1858	12	26	4	58	0	-2	orig=-1.6R|orig.time=7:00AM|orig.date=1858-12-26
1858	12	26	9	58	0	-2	orig=-1.6R|orig.time=Noon|orig.date=1858-12-26
1858	12	26	11	58	0	1.8	orig=1.4R|orig.time=2:00PM|orig.date=1858-12-26
1858	12	26	18	58	0	1	orig=0.8R|orig.time=9:00PM|orig.date=1858-12-26
1858	12	27	4	58	0	-3	orig=-2.4R|orig.time=7:00AM|orig.date=1858-12-27
1858	12	27	9	58	0	-1	orig=-0.8R|orig.time=Noon|orig.date=1858-12-27
1858	12	27	11	58	0	0.2	orig=0.2R|orig.time=2:00PM|orig.date=1858-12-27
1858	12	27	18	58	0	0.4	orig=0.3R|orig.time=9:00PM|orig.date=1858-12-27
1858	12	28	4	58	0	-0.2	orig=-0.2R|orig.time=7:00AM|orig.date=1858-12-28
1858	12	28	9	58	0	1	orig=0.8R|orig.time=Noon|orig.date=1858-12-28
1858	12	28	11	58	0	1.8	orig=1.4R|orig.time=2:00PM|orig.date=1858-12-28
1858	12	28	18	58	0	0.5	orig=0.4R|orig.time=9:00PM|orig.date=1858-12-28
1858	12	29	4	58	0	0	orig=0R|orig.time=7:00AM|orig.date=1858-12-29
1858	12	29	9	58	0	0.9	orig=0.7R|orig.time=Noon|orig.date=1858-12-29
1858	12	29	11	58	0	0.6	orig=0.5R|orig.time=2:00PM|orig.date=1858-12-29
1858	12	29	18	58	0	0.5	orig=0.4R|orig.time=9:00PM|orig.date=1858-12-29
1858	12	30	4	58	0	0	orig=0R|orig.time=7:00AM|orig.date=1858-12-30
1858	12	30	9	58	0	2	orig=1.6R|orig.time=Noon|orig.date=1858-12-30
1858	12	30	11	58	0	1.6	orig=1.3R|orig.time=2:00PM|orig.date=1858-12-30
1858	12	30	18	58	0	-2	orig=-1.6R|orig.time=9:00PM|orig.date=1858-12-30
1858	12	31	4	58	0	-2.5	orig=-2R|orig.time=7:00AM|orig.date=1858-12-31
1858	12	31	9	58	0	-1.5	orig=-1.2R|orig.time=Noon|orig.date=1858-12-31
1858	12	31	11	58	0	-1	orig=-0.8R|orig.time=2:00PM|orig.date=1858-12-31
1858	12	31	18	58	0	-2.5	orig=-2R|orig.time=9:00PM|orig.date=1858-12-31
1859	1	1	4	58	0	-3.8	orig=-3R|orig.time=7:00AM|orig.date=1859-01-01
1859	1	1	9	58	0	-2.9	orig=-2.3R|orig.time=Noon|orig.date=1859-01-01
1859	1	1	11	58	0	-2.9	orig=-2.3R|orig.time=2:00PM|orig.date=1859-01-01
1859	1	1	18	58	0	-4.1	orig=-3.3R|orig.time=9:00PM|orig.date=1859-01-01
1859	1	2	4	58	0	-5	orig=-4R|orig.time=7:00AM|orig.date=1859-01-02
1859	1	2	9	58	0	-3	orig=-2.4R|orig.time=Noon|orig.date=1859-01-02
1859	1	2	11	58	0	-3	orig=-2.4R|orig.time=2:00PM|orig.date=1859-01-02
1859	1	2	18	58	0	-3	orig=-2.4R|orig.time=9:00PM|orig.date=1859-01-02
1859	1	3	4	58	0	-3.8	orig=-3R|orig.time=7:00AM|orig.date=1859-01-03
1859	1	3	9	58	0	-2	orig=-1.6R|orig.time=Noon|orig.date=1859-01-03
1859	1	3	11	58	0	-1.5	orig=-1.2R|orig.time=2:00PM|orig.date=1859-01-03
1859	1	3	18	58	0	-1.2	orig=-1R|orig.time=9:00PM|orig.date=1859-01-03
1859	1	4	4	58	0	-5.2	orig=-4.2R|orig.time=7:00AM|orig.date=1859-01-04
1859	1	4	9	58	0	-4.5	orig=-3.6R|orig.time=Noon|orig.date=1859-01-04
1859	1	4	11	58	0	-3.2	orig=-2.6R|orig.time=2:00PM|orig.date=1859-01-04
1859	1	4	18	58	0	-1.6	orig=-1.3R|orig.time=9:00PM|orig.date=1859-01-04
1859	1	5	4	58	0	-1.2	orig=-1R|orig.time=7:00AM|orig.date=1859-01-05
1859	1	5	9	58	0	-5.5	orig=-4.4R|orig.time=Noon|orig.date=1859-01-05
1859	1	5	11	58	0	-5.8	orig=-4.6R|orig.time=2:00PM|orig.date=1859-01-05
1859	1	5	18	58	0	-9.2	orig=-7.4R|orig.time=9:00PM|orig.date=1859-01-05
1859	1	6	4	58	0	-5	orig=-4R|orig.time=7:00AM|orig.date=1859-01-06
1859	1	6	9	58	0	-3	orig=-2.4R|orig.time=Noon|orig.date=1859-01-06
1859	1	6	11	58	0	-2.1	orig=-1.7R|orig.time=2:00PM|orig.date=1859-01-06
1859	1	6	18	58	0	-3.2	orig=-2.6R|orig.time=9:00PM|orig.date=1859-01-06
1859	1	7	4	58	0	-3.5	orig=-2.8R|orig.time=7:00AM|orig.date=1859-01-07
1859	1	7	9	58	0	-1.6	orig=-1.3R|orig.time=Noon|orig.date=1859-01-07
1859	1	7	11	58	0	-1.5	orig=-1.2R|orig.time=2:00PM|orig.date=1859-01-07
1859	1	7	18	58	0	-6.6	orig=-5.3R|orig.time=9:00PM|orig.date=1859-01-07
1859	1	8	4	58	0	-3.6	orig=-2.9R|orig.time=7:00AM|orig.date=1859-01-08
1859	1	8	9	58	0	-1.5	orig=-1.2R|orig.time=Noon|orig.date=1859-01-08
1859	1	8	11	58	0	-0.8	orig=-0.6R|orig.time=2:00PM|orig.date=1859-01-08
1859	1	8	18	58	0	-6.6	orig=-5.3R|orig.time=9:00PM|orig.date=1859-01-08
1859	1	9	4	58	0	-14.5	orig=-11.6R|orig.time=7:00AM|orig.date=1859-01-09
1859	1	9	9	58	0	-14.4	orig=-11.5R|orig.time=Noon|orig.date=1859-01-09
1859	1	9	11	58	0	-14.6	orig=-11.7R|orig.time=2:00PM|orig.date=1859-01-09
1859	1	9	18	58	0	-14	orig=-11.2R|orig.time=9:00PM|orig.date=1859-01-09
1859	1	10	4	58	0	-5.8	orig=-4.6R|orig.time=7:00AM|orig.date=1859-01-10
1859	1	10	9	58	0	-6	orig=-4.8R|orig.time=Noon|orig.date=1859-01-10
1859	1	10	11	58	0	-6.9	orig=-5.5R|orig.time=2:00PM|orig.date=1859-01-10
1859	1	10	18	58	0	-6.8	orig=-5.4R|orig.time=9:00PM|orig.date=1859-01-10
1859	1	11	4	58	0	-4.5	orig=-3.6R|orig.time=7:00AM|orig.date=1859-01-11
1859	1	11	9	58	0	0.8	orig=0.6R|orig.time=Noon|orig.date=1859-01-11
1859	1	11	11	58	0	0.2	orig=0.2R|orig.time=2:00PM|orig.date=1859-01-11
1859	1	11	18	58	0	2	orig=1.6R|orig.time=9:00PM|orig.date=1859-01-11
1859	1	12	4	58	0	-2.6	orig=-2.1R|orig.time=7:00AM|orig.date=1859-01-12
1859	1	12	9	58	0	2	orig=1.6R|orig.time=Noon|orig.date=1859-01-12
1859	1	12	11	58	0	1.5	orig=1.2R|orig.time=2:00PM|orig.date=1859-01-12
1859	1	12	18	58	0	1.2	orig=1R|orig.time=9:00PM|orig.date=1859-01-12
1859	1	13	4	58	0	-4.2	orig=-3.4R|orig.time=7:00AM|orig.date=1859-01-13
1859	1	13	9	58	0	-4	orig=-3.2R|orig.time=Noon|orig.date=1859-01-13
1859	1	13	11	58	0	-4.1	orig=-3.3R|orig.time=2:00PM|orig.date=1859-01-13
1859	1	13	18	58	0	-4.6	orig=-3.7R|orig.time=9:00PM|orig.date=1859-01-13
1859	1	14	4	58	0	-10	orig=-8R|orig.time=7:00AM|orig.date=1859-01-14
1859	1	14	9	58	0	-9.8	orig=-7.8R|orig.time=Noon|orig.date=1859-01-14
1859	1	14	11	58	0	-10.2	orig=-8.2R|orig.time=2:00PM|orig.date=1859-01-14
1859	1	14	18	58	0	-13.5	orig=-10.8R|orig.time=9:00PM|orig.date=1859-01-14
1859	1	15	4	58	0	-18.2	orig=-14.6R|orig.time=7:00AM|orig.date=1859-01-15
1859	1	15	9	58	0	-14.5	orig=-11.6R|orig.time=Noon|orig.date=1859-01-15
1859	1	15	11	58	0	-13.8	orig=-11R|orig.time=2:00PM|orig.date=1859-01-15
1859	1	15	18	58	0	-10.5	orig=-8.4R|orig.time=9:00PM|orig.date=1859-01-15
1859	1	16	4	58	0	-0.2	orig=-0.2R|orig.time=7:00AM|orig.date=1859-01-16
1859	1	16	9	58	0	0.5	orig=0.4R|orig.time=Noon|orig.date=1859-01-16
1859	1	16	11	58	0	0.2	orig=0.2R|orig.time=2:00PM|orig.date=1859-01-16
1859	1	16	18	58	0	-0.5	orig=-0.4R|orig.time=9:00PM|orig.date=1859-01-16
1859	1	17	4	58	0	1.8	orig=1.4R|orig.time=7:00AM|orig.date=1859-01-17
1859	1	17	9	58	0	0	orig=0R|orig.time=Noon|orig.date=1859-01-17
1859	1	17	11	58	0	0.8	orig=0.6R|orig.time=2:00PM|orig.date=1859-01-17
1859	1	17	18	58	0	-0.5	orig=-0.4R|orig.time=9:00PM|orig.date=1859-01-17
1859	1	18	4	58	0	-2.8	orig=-2.2R|orig.time=7:00AM|orig.date=1859-01-18
1859	1	18	9	58	0	-3.4	orig=-2.7R|orig.time=Noon|orig.date=1859-01-18
1859	1	18	11	58	0	-2.5	orig=-2R|orig.time=2:00PM|orig.date=1859-01-18
1859	1	18	18	58	0	-6.5	orig=-5.2R|orig.time=9:00PM|orig.date=1859-01-18
1859	1	19	4	58	0	-2.8	orig=-2.2R|orig.time=7:00AM|orig.date=1859-01-19
1859	1	19	9	58	0	0.8	orig=0.6R|orig.time=Noon|orig.date=1859-01-19
1859	1	19	11	58	0	1.5	orig=1.2R|orig.time=2:00PM|orig.date=1859-01-19
1859	1	19	18	58	0	1	orig=0.8R|orig.time=9:00PM|orig.date=1859-01-19
1859	1	20	4	58	0	2.4	orig=1.9R|orig.time=7:00AM|orig.date=1859-01-20
1859	1	20	9	58	0	2.8	orig=2.2R|orig.time=Noon|orig.date=1859-01-20
1859	1	20	11	58	0	4	orig=3.2R|orig.time=2:00PM|orig.date=1859-01-20
1859	1	20	18	58	0	1	orig=0.8R|orig.time=9:00PM|orig.date=1859-01-20
1859	1	21	4	58	0	1	orig=0.8R|orig.time=7:00AM|orig.date=1859-01-21
1859	1	21	9	58	0	1.2	orig=1R|orig.time=Noon|orig.date=1859-01-21
1859	1	21	11	58	0	1	orig=0.8R|orig.time=2:00PM|orig.date=1859-01-21
1859	1	21	18	58	0	-2.5	orig=-2R|orig.time=9:00PM|orig.date=1859-01-21
1859	1	22	4	58	0	-2.4	orig=-1.9R|orig.time=7:00AM|orig.date=1859-01-22
1859	1	22	9	58	0	-0.5	orig=-0.4R|orig.time=Noon|orig.date=1859-01-22
1859	1	22	11	58	0	0.8	orig=0.6R|orig.time=2:00PM|orig.date=1859-01-22
1859	1	22	18	58	0	0.8	orig=0.6R|orig.time=9:00PM|orig.date=1859-01-22
1859	1	23	4	58	0	-1.8	orig=-1.4R|orig.time=7:00AM|orig.date=1859-01-23
1859	1	23	9	58	0	0.1	orig=0.1R|orig.time=Noon|orig.date=1859-01-23
1859	1	23	11	58	0	0.4	orig=0.3R|orig.time=2:00PM|orig.date=1859-01-23
1859	1	23	18	58	0	-2	orig=-1.6R|orig.time=9:00PM|orig.date=1859-01-23
1859	1	24	4	58	0	-1.6	orig=-1.3R|orig.time=7:00AM|orig.date=1859-01-24
1859	1	24	9	58	0	-3.5	orig=-2.8R|orig.time=Noon|orig.date=1859-01-24
1859	1	24	11	58	0	-3	orig=-2.4R|orig.time=2:00PM|orig.date=1859-01-24
1859	1	24	18	58	0	-4.5	orig=-3.6R|orig.time=9:00PM|orig.date=1859-01-24
1859	1	25	4	58	0	-5.2	orig=-4.2R|orig.time=7:00AM|orig.date=1859-01-25
1859	1	25	9	58	0	-4.1	orig=-3.3R|orig.time=Noon|orig.date=1859-01-25
1859	1	25	11	58	0	-3.5	orig=-2.8R|orig.time=2:00PM|orig.date=1859-01-25
1859	1	25	18	58	0	-5.1	orig=-4.1R|orig.time=9:00PM|orig.date=1859-01-25
1859	1	26	4	58	0	-5.4	orig=-4.3R|orig.time=7:00AM|orig.date=1859-01-26
1859	1	26	9	58	0	-3	orig=-2.4R|orig.time=Noon|orig.date=1859-01-26
1859	1	26	11	58	0	-2.8	orig=-2.2R|orig.time=2:00PM|orig.date=1859-01-26
1859	1	26	18	58	0	-4	orig=-3.2R|orig.time=9:00PM|orig.date=1859-01-26
1859	1	27	4	58	0	-6.6	orig=-5.3R|orig.time=7:00AM|orig.date=1859-01-27
1859	1	27	9	58	0	-3.8	orig=-3R|orig.time=Noon|orig.date=1859-01-27
1859	1	27	11	58	0	-3	orig=-2.4R|orig.time=2:00PM|orig.date=1859-01-27
1859	1	27	18	58	0	-4.8	orig=-3.8R|orig.time=9:00PM|orig.date=1859-01-27
1859	1	28	4	58	0	-5.8	orig=-4.6R|orig.time=7:00AM|orig.date=1859-01-28
1859	1	28	9	58	0	-3.2	orig=-2.6R|orig.time=Noon|orig.date=1859-01-28
1859	1	28	11	58	0	-3.5	orig=-2.8R|orig.time=2:00PM|orig.date=1859-01-28
1859	1	28	18	58	0	-6.2	orig=-5R|orig.time=9:00PM|orig.date=1859-01-28
1859	1	29	4	58	0	-9.5	orig=-7.6R|orig.time=7:00AM|orig.date=1859-01-29
1859	1	29	9	58	0	-5	orig=-4R|orig.time=Noon|orig.date=1859-01-29
1859	1	29	11	58	0	-3.5	orig=-2.8R|orig.time=2:00PM|orig.date=1859-01-29
1859	1	29	18	58	0	-1	orig=-0.8R|orig.time=9:00PM|orig.date=1859-01-29
1859	1	30	4	58	0	-1	orig=-0.8R|orig.time=7:00AM|orig.date=1859-01-30
1859	1	30	9	58	0	1.1	orig=0.9R|orig.time=Noon|orig.date=1859-01-30
1859	1	30	11	58	0	2	orig=1.6R|orig.time=2:00PM|orig.date=1859-01-30
1859	1	30	18	58	0	-2	orig=-1.6R|orig.time=9:00PM|orig.date=1859-01-30
1859	1	31	4	58	0	-5	orig=-4R|orig.time=7:00AM|orig.date=1859-01-31
1859	1	31	9	58	0	-1.5	orig=-1.2R|orig.time=Noon|orig.date=1859-01-31
1859	1	31	11	58	0	-1	orig=-0.8R|orig.time=2:00PM|orig.date=1859-01-31
1859	1	31	18	58	0	-1.5	orig=-1.2R|orig.time=9:00PM|orig.date=1859-01-31
1859	2	1	4	58	0	-0.8	orig=-0.6R|orig.time=7:00AM|orig.date=1859-02-01
1859	2	1	9	58	0	1.2	orig=1R|orig.time=Noon|orig.date=1859-02-01
1859	2	1	11	58	0	1.6	orig=1.3R|orig.time=2:00PM|orig.date=1859-02-01
1859	2	1	18	58	0	-0.4	orig=-0.3R|orig.time=9:00PM|orig.date=1859-02-01
1859	2	2	4	58	0	-0.8	orig=-0.6R|orig.time=7:00AM|orig.date=1859-02-02
1859	2	2	9	58	0	2	orig=1.6R|orig.time=Noon|orig.date=1859-02-02
1859	2	2	11	58	0	2.1	orig=1.7R|orig.time=2:00PM|orig.date=1859-02-02
1859	2	2	18	58	0	-1.1	orig=-0.9R|orig.time=9:00PM|orig.date=1859-02-02
1859	2	3	4	58	0	-0.5	orig=-0.4R|orig.time=7:00AM|orig.date=1859-02-03
1859	2	3	9	58	0	1.8	orig=1.4R|orig.time=Noon|orig.date=1859-02-03
1859	2	3	11	58	0	1.8	orig=1.4R|orig.time=2:00PM|orig.date=1859-02-03
1859	2	3	18	58	0	1.1	orig=0.9R|orig.time=9:00PM|orig.date=1859-02-03
1859	2	4	4	58	0	0.6	orig=0.5R|orig.time=7:00AM|orig.date=1859-02-04
1859	2	4	9	58	0	1.9	orig=1.5R|orig.time=Noon|orig.date=1859-02-04
1859	2	4	11	58	0	3	orig=2.4R|orig.time=2:00PM|orig.date=1859-02-04
1859	2	4	18	58	0	0.6	orig=0.5R|orig.time=9:00PM|orig.date=1859-02-04
1859	2	5	4	58	0	-0.5	orig=-0.4R|orig.time=7:00AM|orig.date=1859-02-05
1859	2	5	9	58	0	0.2	orig=0.2R|orig.time=Noon|orig.date=1859-02-05
1859	2	5	11	58	0	0.9	orig=0.7R|orig.time=2:00PM|orig.date=1859-02-05
1859	2	5	18	58	0	0.4	orig=0.3R|orig.time=9:00PM|orig.date=1859-02-05
1859	2	6	4	58	0	-2.9	orig=-2.3R|orig.time=7:00AM|orig.date=1859-02-06
1859	2	6	9	58	0	-2	orig=-1.6R|orig.time=Noon|orig.date=1859-02-06
1859	2	6	11	58	0	-2.2	orig=-1.8R|orig.time=2:00PM|orig.date=1859-02-06
1859	2	6	18	58	0	-3.8	orig=-3R|orig.time=9:00PM|orig.date=1859-02-06
1859	2	7	4	58	0	-4.8	orig=-3.8R|orig.time=7:00AM|orig.date=1859-02-07
1859	2	7	9	58	0	-2.5	orig=-2R|orig.time=Noon|orig.date=1859-02-07
1859	2	7	11	58	0	-2.9	orig=-2.3R|orig.time=2:00PM|orig.date=1859-02-07
1859	2	7	18	58	0	-9.2	orig=-7.4R|orig.time=9:00PM|orig.date=1859-02-07
1859	2	8	4	58	0	-9.2	orig=-7.4R|orig.time=7:00AM|orig.date=1859-02-08
1859	2	8	9	58	0	-6	orig=-4.8R|orig.time=Noon|orig.date=1859-02-08
1859	2	8	11	58	0	-5.4	orig=-4.3R|orig.time=2:00PM|orig.date=1859-02-08
1859	2	8	18	58	0	-6	orig=-4.8R|orig.time=9:00PM|orig.date=1859-02-08
1859	2	9	4	58	0	-4.4	orig=-3.5R|orig.time=7:00AM|orig.date=1859-02-09
1859	2	9	9	58	0	-2.6	orig=-2.1R|orig.time=Noon|orig.date=1859-02-09
1859	2	9	11	58	0	-1.8	orig=-1.4R|orig.time=2:00PM|orig.date=1859-02-09
1859	2	9	18	58	0	-3	orig=-2.4R|orig.time=9:00PM|orig.date=1859-02-09
1859	2	10	4	58	0	-3.2	orig=-2.6R|orig.time=7:00AM|orig.date=1859-02-10
1859	2	10	9	58	0	-0.1	orig=-0.1R|orig.time=Noon|orig.date=1859-02-10
1859	2	10	11	58	0	-0.6	orig=-0.5R|orig.time=2:00PM|orig.date=1859-02-10
1859	2	10	18	58	0	-2	orig=-1.6R|orig.time=9:00PM|orig.date=1859-02-10
1859	2	11	4	58	0	-4.8	orig=-3.8R|orig.time=7:00AM|orig.date=1859-02-11
1859	2	11	9	58	0	-3.8	orig=-3R|orig.time=Noon|orig.date=1859-02-11
1859	2	11	11	58	0	-2.5	orig=-2R|orig.time=2:00PM|orig.date=1859-02-11
1859	2	11	18	58	0	-7.1	orig=-5.7R|orig.time=9:00PM|orig.date=1859-02-11
1859	2	12	4	58	0	-11	orig=-8.8R|orig.time=7:00AM|orig.date=1859-02-12
1859	2	12	9	58	0	-5.1	orig=-4.1R|orig.time=Noon|orig.date=1859-02-12
1859	2	12	11	58	0	-2.5	orig=-2R|orig.time=2:00PM|orig.date=1859-02-12
1859	2	12	18	58	0	-6.2	orig=-5R|orig.time=9:00PM|orig.date=1859-02-12
1859	2	13	4	58	0	-8.5	orig=-6.8R|orig.time=7:00AM|orig.date=1859-02-13
1859	2	13	9	58	0	-0.5	orig=-0.4R|orig.time=Noon|orig.date=1859-02-13
1859	2	13	11	58	0	0.5	orig=0.4R|orig.time=2:00PM|orig.date=1859-02-13
1859	2	13	18	58	0	-4	orig=-3.2R|orig.time=9:00PM|orig.date=1859-02-13
1859	2	14	4	58	0	-6.2	orig=-5R|orig.time=7:00AM|orig.date=1859-02-14
1859	2	14	9	58	0	-1.8	orig=-1.4R|orig.time=Noon|orig.date=1859-02-14
1859	2	14	11	58	0	-0.5	orig=-0.4R|orig.time=2:00PM|orig.date=1859-02-14
1859	2	14	18	58	0	-2.8	orig=-2.2R|orig.time=9:00PM|orig.date=1859-02-14
1859	2	15	4	58	0	-4	orig=-3.2R|orig.time=7:00AM|orig.date=1859-02-15
1859	2	15	9	58	0	-1.2	orig=-1R|orig.time=Noon|orig.date=1859-02-15
1859	2	15	11	58	0	0	orig=0R|orig.time=2:00PM|orig.date=1859-02-15
1859	2	15	18	58	0	-0.8	orig=-0.6R|orig.time=9:00PM|orig.date=1859-02-15
1859	2	16	4	58	0	-2.5	orig=-2R|orig.time=7:00AM|orig.date=1859-02-16
1859	2	16	9	58	0	2.2	orig=1.8R|orig.time=Noon|orig.date=1859-02-16
1859	2	16	11	58	0	3	orig=2.4R|orig.time=2:00PM|orig.date=1859-02-16
1859	2	16	18	58	0	0.8	orig=0.6R|orig.time=9:00PM|orig.date=1859-02-16
1859	2	17	4	58	0	1	orig=0.8R|orig.time=7:00AM|orig.date=1859-02-17
1859	2	17	9	58	0	2.2	orig=1.8R|orig.time=Noon|orig.date=1859-02-17
1859	2	17	11	58	0	3.2	orig=2.6R|orig.time=2:00PM|orig.date=1859-02-17
1859	2	17	18	58	0	2.8	orig=2.2R|orig.time=9:00PM|orig.date=1859-02-17
1859	2	18	4	58	0	1.8	orig=1.4R|orig.time=7:00AM|orig.date=1859-02-18
1859	2	18	9	58	0	3.8	orig=3R|orig.time=Noon|orig.date=1859-02-18
1859	2	18	11	58	0	1.8	orig=1.4R|orig.time=2:00PM|orig.date=1859-02-18
1859	2	18	18	58	0	0.8	orig=0.6R|orig.time=9:00PM|orig.date=1859-02-18
1859	2	19	4	58	0	-3.5	orig=-2.8R|orig.time=7:00AM|orig.date=1859-02-19
1859	2	19	9	58	0	-1.2	orig=-1R|orig.time=Noon|orig.date=1859-02-19
1859	2	19	11	58	0	-0.1	orig=-0.1R|orig.time=2:00PM|orig.date=1859-02-19
1859	2	19	18	58	0	-4.2	orig=-3.4R|orig.time=9:00PM|orig.date=1859-02-19
1859	2	20	4	58	0	-3.2	orig=-2.6R|orig.time=7:00AM|orig.date=1859-02-20
1859	2	20	9	58	0	2.2	orig=1.8R|orig.time=Noon|orig.date=1859-02-20
1859	2	20	11	58	0	1.6	orig=1.3R|orig.time=2:00PM|orig.date=1859-02-20
1859	2	20	18	58	0	-1.8	orig=-1.4R|orig.time=9:00PM|orig.date=1859-02-20
1859	2	21	4	58	0	-6.2	orig=-5R|orig.time=7:00AM|orig.date=1859-02-21
1859	2	21	9	58	0	-2.2	orig=-1.8R|orig.time=Noon|orig.date=1859-02-21
1859	2	21	11	58	0	-2.5	orig=-2R|orig.time=2:00PM|orig.date=1859-02-21
1859	2	21	18	58	0	-6.8	orig=-5.4R|orig.time=9:00PM|orig.date=1859-02-21
1859	2	22	4	58	0	-10.9	orig=-8.7R|orig.time=7:00AM|orig.date=1859-02-22
1859	2	22	9	58	0	-1.5	orig=-1.2R|orig.time=Noon|orig.date=1859-02-22
1859	2	22	11	58	0	-0.5	orig=-0.4R|orig.time=2:00PM|orig.date=1859-02-22
1859	2	22	18	58	0	-1.2	orig=-1R|orig.time=9:00PM|orig.date=1859-02-22
1859	2	23	4	58	0	-0.8	orig=-0.6R|orig.time=7:00AM|orig.date=1859-02-23
1859	2	23	9	58	0	2.5	orig=2R|orig.time=Noon|orig.date=1859-02-23
1859	2	23	11	58	0	2.5	orig=2R|orig.time=2:00PM|orig.date=1859-02-23
1859	2	23	18	58	0	0.8	orig=0.6R|orig.time=9:00PM|orig.date=1859-02-23
1859	2	24	4	58	0	-1.9	orig=-1.5R|orig.time=7:00AM|orig.date=1859-02-24
1859	2	24	9	58	0	-1.6	orig=-1.3R|orig.time=Noon|orig.date=1859-02-24
1859	2	24	11	58	0	-0.6	orig=-0.5R|orig.time=2:00PM|orig.date=1859-02-24
1859	2	24	18	58	0	-0.2	orig=-0.2R|orig.time=9:00PM|orig.date=1859-02-24
1859	2	25	4	58	0	-6	orig=-4.8R|orig.time=7:00AM|orig.date=1859-02-25
1859	2	25	9	58	0	-5.2	orig=-4.2R|orig.time=Noon|orig.date=1859-02-25
1859	2	25	11	58	0	-3	orig=-2.4R|orig.time=2:00PM|orig.date=1859-02-25
1859	2	25	18	58	0	-4	orig=-3.2R|orig.time=9:00PM|orig.date=1859-02-25
1859	2	26	4	58	0	-7	orig=-5.6R|orig.time=7:00AM|orig.date=1859-02-26
1859	2	26	9	58	0	-3.5	orig=-2.8R|orig.time=Noon|orig.date=1859-02-26
1859	2	26	11	58	0	-1.6	orig=-1.3R|orig.time=2:00PM|orig.date=1859-02-26
1859	2	26	18	58	0	-3.8	orig=-3R|orig.time=9:00PM|orig.date=1859-02-26
1859	2	27	4	58	0	-3.9	orig=-3.1R|orig.time=7:00AM|orig.date=1859-02-27
1859	2	27	9	58	0	-1.5	orig=-1.2R|orig.time=Noon|orig.date=1859-02-27
1859	2	27	11	58	0	-0.6	orig=-0.5R|orig.time=2:00PM|orig.date=1859-02-27
1859	2	27	18	58	0	0.8	orig=0.6R|orig.time=9:00PM|orig.date=1859-02-27
1859	2	28	4	58	0	-0.8	orig=-0.6R|orig.time=7:00AM|orig.date=1859-02-28
1859	2	28	9	58	0	3.8	orig=3R|orig.time=Noon|orig.date=1859-02-28
1859	2	28	11	58	0	5.6	orig=4.5R|orig.time=2:00PM|orig.date=1859-02-28
1859	2	28	18	58	0	1.5	orig=1.2R|orig.time=9:00PM|orig.date=1859-02-28
1859	3	1	4	58	0	-1.5	orig=-1.2R|orig.time=7:00AM|orig.date=1859-03-01
1859	3	1	9	58	0	-5	orig=-4R|orig.time=Noon|orig.date=1859-03-01
1859	3	1	11	58	0	-5	orig=-4R|orig.time=2:00PM|orig.date=1859-03-01
1859	3	1	18	58	0	-7.8	orig=-6.2R|orig.time=9:00PM|orig.date=1859-03-01
1859	3	2	4	58	0	-11.9	orig=-9.5R|orig.time=7:00AM|orig.date=1859-03-02
1859	3	2	9	58	0	-5.8	orig=-4.6R|orig.time=Noon|orig.date=1859-03-02
1859	3	2	11	58	0	-5.4	orig=-4.3R|orig.time=2:00PM|orig.date=1859-03-02
1859	3	2	18	58	0	-10	orig=-8R|orig.time=9:00PM|orig.date=1859-03-02
1859	3	3	4	58	0	-13.8	orig=-11R|orig.time=7:00AM|orig.date=1859-03-03
1859	3	3	9	58	0	-8.5	orig=-6.8R|orig.time=Noon|orig.date=1859-03-03
1859	3	3	11	58	0	-7.5	orig=-6R|orig.time=2:00PM|orig.date=1859-03-03
1859	3	3	18	58	0	-8.8	orig=-7R|orig.time=9:00PM|orig.date=1859-03-03
1859	3	4	4	58	0	-11.2	orig=-9R|orig.time=7:00AM|orig.date=1859-03-04
1859	3	4	9	58	0	-8.8	orig=-7R|orig.time=Noon|orig.date=1859-03-04
1859	3	4	11	58	0	-8.9	orig=-7.1R|orig.time=2:00PM|orig.date=1859-03-04
1859	3	4	18	58	0	-12	orig=-9.6R|orig.time=9:00PM|orig.date=1859-03-04
1859	3	5	4	58	0	-12.8	orig=-10.2R|orig.time=7:00AM|orig.date=1859-03-05
1859	3	5	9	58	0	-11.1	orig=-8.9R|orig.time=Noon|orig.date=1859-03-05
1859	3	5	11	58	0	-8.2	orig=-6.6R|orig.time=2:00PM|orig.date=1859-03-05
1859	3	5	18	58	0	-12	orig=-9.6R|orig.time=9:00PM|orig.date=1859-03-05
1859	3	6	4	58	0	-7.4	orig=-5.9R|orig.time=7:00AM|orig.date=1859-03-06
1859	3	6	9	58	0	0.8	orig=0.6R|orig.time=Noon|orig.date=1859-03-06
1859	3	6	11	58	0	3	orig=2.4R|orig.time=2:00PM|orig.date=1859-03-06
1859	3	6	18	58	0	0.5	orig=0.4R|orig.time=9:00PM|orig.date=1859-03-06
1859	3	7	4	58	0	0.8	orig=0.6R|orig.time=7:00AM|orig.date=1859-03-07
1859	3	7	9	58	0	0.9	orig=0.7R|orig.time=Noon|orig.date=1859-03-07
1859	3	7	11	58	0	0.2	orig=0.2R|orig.time=2:00PM|orig.date=1859-03-07
1859	3	7	18	58	0	-2	orig=-1.6R|orig.time=9:00PM|orig.date=1859-03-07
1859	3	8	4	58	0	-3.2	orig=-2.6R|orig.time=7:00AM|orig.date=1859-03-08
1859	3	8	9	58	0	0.5	orig=0.4R|orig.time=Noon|orig.date=1859-03-08
1859	3	8	11	58	0	0.8	orig=0.6R|orig.time=2:00PM|orig.date=1859-03-08
1859	3	8	18	58	0	-0.8	orig=-0.6R|orig.time=9:00PM|orig.date=1859-03-08
1859	3	9	4	58	0	-0.8	orig=-0.6R|orig.time=7:00AM|orig.date=1859-03-09
1859	3	9	9	58	0	1.5	orig=1.2R|orig.time=Noon|orig.date=1859-03-09
1859	3	9	11	58	0	1.1	orig=0.9R|orig.time=2:00PM|orig.date=1859-03-09
1859	3	9	18	58	0	0.2	orig=0.2R|orig.time=9:00PM|orig.date=1859-03-09
1859	3	10	4	58	0	0.1	orig=0.1R|orig.time=7:00AM|orig.date=1859-03-10
1859	3	10	9	58	0	3	orig=2.4R|orig.time=Noon|orig.date=1859-03-10
1859	3	10	11	58	0	2	orig=1.6R|orig.time=2:00PM|orig.date=1859-03-10
1859	3	10	18	58	0	0.8	orig=0.6R|orig.time=9:00PM|orig.date=1859-03-10
1859	3	11	4	58	0	-4.8	orig=-3.8R|orig.time=7:00AM|orig.date=1859-03-11
1859	3	11	9	58	0	-1.2	orig=-1R|orig.time=Noon|orig.date=1859-03-11
1859	3	11	11	58	0	0.6	orig=0.5R|orig.time=2:00PM|orig.date=1859-03-11
1859	3	11	18	58	0	-0.2	orig=-0.2R|orig.time=9:00PM|orig.date=1859-03-11
1859	3	12	4	58	0	-0.2	orig=-0.2R|orig.time=7:00AM|orig.date=1859-03-12
1859	3	12	9	58	0	5.2	orig=4.2R|orig.time=Noon|orig.date=1859-03-12
1859	3	12	11	58	0	6.1	orig=4.9R|orig.time=2:00PM|orig.date=1859-03-12
1859	3	12	18	58	0	3.2	orig=2.6R|orig.time=9:00PM|orig.date=1859-03-12
1859	3	13	4	58	0	4.6	orig=3.7R|orig.time=7:00AM|orig.date=1859-03-13
1859	3	13	9	58	0	7.5	orig=6R|orig.time=Noon|orig.date=1859-03-13
1859	3	13	11	58	0	7.2	orig=5.8R|orig.time=2:00PM|orig.date=1859-03-13
1859	3	13	18	58	0	6.1	orig=4.9R|orig.time=9:00PM|orig.date=1859-03-13
1859	3	14	4	58	0	5.9	orig=4.7R|orig.time=7:00AM|orig.date=1859-03-14
1859	3	14	9	58	0	10	orig=8R|orig.time=Noon|orig.date=1859-03-14
1859	3	14	11	58	0	10.4	orig=8.3R|orig.time=2:00PM|orig.date=1859-03-14
1859	3	14	18	58	0	6	orig=4.8R|orig.time=9:00PM|orig.date=1859-03-14
1859	3	15	4	58	0	2.4	orig=1.9R|orig.time=7:00AM|orig.date=1859-03-15
1859	3	15	9	58	0	6.2	orig=5R|orig.time=Noon|orig.date=1859-03-15
1859	3	15	11	58	0	7.2	orig=5.8R|orig.time=2:00PM|orig.date=1859-03-15
1859	3	15	18	58	0	2	orig=1.6R|orig.time=9:00PM|orig.date=1859-03-15
1859	3	16	4	58	0	0.8	orig=0.6R|orig.time=7:00AM|orig.date=1859-03-16
1859	3	16	9	58	0	3.1	orig=2.5R|orig.time=Noon|orig.date=1859-03-16
1859	3	16	11	58	0	6.5	orig=5.2R|orig.time=2:00PM|orig.date=1859-03-16
1859	3	16	18	58	0	7.2	orig=5.8R|orig.time=9:00PM|orig.date=1859-03-16
1859	3	17	4	58	0	4.1	orig=3.3R|orig.time=7:00AM|orig.date=1859-03-17
1859	3	17	9	58	0	6.8	orig=5.4R|orig.time=Noon|orig.date=1859-03-17
1859	3	17	11	58	0	7	orig=5.6R|orig.time=2:00PM|orig.date=1859-03-17
1859	3	17	18	58	0	4.2	orig=3.4R|orig.time=9:00PM|orig.date=1859-03-17
1859	3	18	4	58	0	2.2	orig=1.8R|orig.time=7:00AM|orig.date=1859-03-18
1859	3	18	9	58	0	4.5	orig=3.6R|orig.time=Noon|orig.date=1859-03-18
1859	3	18	11	58	0	4.9	orig=3.9R|orig.time=2:00PM|orig.date=1859-03-18
1859	3	18	18	58	0	1.8	orig=1.4R|orig.time=9:00PM|orig.date=1859-03-18
1859	3	19	4	58	0	0.5	orig=0.4R|orig.time=7:00AM|orig.date=1859-03-19
1859	3	19	9	58	0	7	orig=5.6R|orig.time=Noon|orig.date=1859-03-19
1859	3	19	11	58	0	8.2	orig=6.6R|orig.time=2:00PM|orig.date=1859-03-19
1859	3	19	18	58	0	2.5	orig=2R|orig.time=9:00PM|orig.date=1859-03-19
1859	3	20	4	58	0	0.5	orig=0.4R|orig.time=7:00AM|orig.date=1859-03-20
1859	3	20	9	58	0	3.8	orig=3R|orig.time=Noon|orig.date=1859-03-20
1859	3	20	11	58	0	3.9	orig=3.1R|orig.time=2:00PM|orig.date=1859-03-20
1859	3	20	18	58	0	2.2	orig=1.8R|orig.time=9:00PM|orig.date=1859-03-20
1859	3	21	4	58	0	2.1	orig=1.7R|orig.time=7:00AM|orig.date=1859-03-21
1859	3	21	9	58	0	6.5	orig=5.2R|orig.time=Noon|orig.date=1859-03-21
1859	3	21	11	58	0	6.6	orig=5.3R|orig.time=2:00PM|orig.date=1859-03-21
1859	3	21	18	58	0	5	orig=4R|orig.time=9:00PM|orig.date=1859-03-21
1859	3	22	4	58	0	3.6	orig=2.9R|orig.time=7:00AM|orig.date=1859-03-22
1859	3	22	9	58	0	10.1	orig=8.1R|orig.time=Noon|orig.date=1859-03-22
1859	3	22	11	58	0	11	orig=8.8R|orig.time=2:00PM|orig.date=1859-03-22
1859	3	22	18	58	0	5.2	orig=4.2R|orig.time=9:00PM|orig.date=1859-03-22
1859	3	23	4	58	0	4.5	orig=3.6R|orig.time=7:00AM|orig.date=1859-03-23
1859	3	23	9	58	0	6.6	orig=5.3R|orig.time=Noon|orig.date=1859-03-23
1859	3	23	11	58	0	7.5	orig=6R|orig.time=2:00PM|orig.date=1859-03-23
1859	3	23	18	58	0	1.8	orig=1.4R|orig.time=9:00PM|orig.date=1859-03-23
1859	3	24	4	58	0	0.5	orig=0.4R|orig.time=7:00AM|orig.date=1859-03-24
1859	3	24	9	58	0	4.8	orig=3.8R|orig.time=Noon|orig.date=1859-03-24
1859	3	24	11	58	0	5.1	orig=4.1R|orig.time=2:00PM|orig.date=1859-03-24
1859	3	24	18	58	0	2.2	orig=1.8R|orig.time=9:00PM|orig.date=1859-03-24
1859	3	25	4	58	0	-4.8	orig=-3.8R|orig.time=7:00AM|orig.date=1859-03-25
1859	3	25	9	58	0	-3.5	orig=-2.8R|orig.time=Noon|orig.date=1859-03-25
1859	3	25	11	58	0	-1.5	orig=-1.2R|orig.time=2:00PM|orig.date=1859-03-25
1859	3	25	18	58	0	-5	orig=-4R|orig.time=9:00PM|orig.date=1859-03-25
1859	3	26	4	58	0	-4.5	orig=-3.6R|orig.time=7:00AM|orig.date=1859-03-26
1859	3	26	9	58	0	1.4	orig=1.1R|orig.time=Noon|orig.date=1859-03-26
1859	3	26	11	58	0	2	orig=1.6R|orig.time=2:00PM|orig.date=1859-03-26
1859	3	26	18	58	0	-2	orig=-1.6R|orig.time=9:00PM|orig.date=1859-03-26
1859	3	27	4	58	0	-3.5	orig=-2.8R|orig.time=7:00AM|orig.date=1859-03-27
1859	3	27	9	58	0	1	orig=0.8R|orig.time=Noon|orig.date=1859-03-27
1859	3	27	11	58	0	0.4	orig=0.3R|orig.time=2:00PM|orig.date=1859-03-27
1859	3	27	18	58	0	-3	orig=-2.4R|orig.time=9:00PM|orig.date=1859-03-27
1859	3	28	4	58	0	-2.8	orig=-2.2R|orig.time=7:00AM|orig.date=1859-03-28
1859	3	28	9	58	0	0	orig=0R|orig.time=Noon|orig.date=1859-03-28
1859	3	28	11	58	0	0.8	orig=0.6R|orig.time=2:00PM|orig.date=1859-03-28
1859	3	28	18	58	0	-3.5	orig=-2.8R|orig.time=9:00PM|orig.date=1859-03-28
1859	3	29	4	58	0	-2.2	orig=-1.8R|orig.time=7:00AM|orig.date=1859-03-29
1859	3	29	9	58	0	2.8	orig=2.2R|orig.time=Noon|orig.date=1859-03-29
1859	3	29	11	58	0	4.2	orig=3.4R|orig.time=2:00PM|orig.date=1859-03-29
1859	3	29	18	58	0	1	orig=0.8R|orig.time=9:00PM|orig.date=1859-03-29
1859	3	30	4	58	0	-2.5	orig=-2R|orig.time=7:00AM|orig.date=1859-03-30
1859	3	30	9	58	0	1.2	orig=1R|orig.time=Noon|orig.date=1859-03-30
1859	3	30	11	58	0	2.8	orig=2.2R|orig.time=2:00PM|orig.date=1859-03-30
1859	3	30	18	58	0	-0.1	orig=-0.1R|orig.time=9:00PM|orig.date=1859-03-30
1859	3	31	4	58	0	-1	orig=-0.8R|orig.time=7:00AM|orig.date=1859-03-31
1859	3	31	9	58	0	1.8	orig=1.4R|orig.time=Noon|orig.date=1859-03-31
1859	3	31	11	58	0	2.2	orig=1.8R|orig.time=2:00PM|orig.date=1859-03-31
1859	3	31	18	58	0	1	orig=0.8R|orig.time=9:00PM|orig.date=1859-03-31
1859	4	1	4	58	0	-0.6	orig=-0.5R|orig.time=7:00AM|orig.date=1859-04-01
1859	4	1	9	58	0	1.8	orig=1.4R|orig.time=Noon|orig.date=1859-04-01
1859	4	1	11	58	0	6	orig=4.8R|orig.time=2:00PM|orig.date=1859-04-01
1859	4	1	18	58	0	2.8	orig=2.2R|orig.time=9:00PM|orig.date=1859-04-01
1859	4	2	4	58	0	0.8	orig=0.6R|orig.time=7:00AM|orig.date=1859-04-02
1859	4	2	9	58	0	2.6	orig=2.1R|orig.time=Noon|orig.date=1859-04-02
1859	4	2	11	58	0	2.8	orig=2.2R|orig.time=2:00PM|orig.date=1859-04-02
1859	4	2	18	58	0	0.2	orig=0.2R|orig.time=9:00PM|orig.date=1859-04-02
1859	4	3	4	58	0	-0.2	orig=-0.2R|orig.time=7:00AM|orig.date=1859-04-03
1859	4	3	9	58	0	4.1	orig=3.3R|orig.time=Noon|orig.date=1859-04-03
1859	4	3	11	58	0	6	orig=4.8R|orig.time=2:00PM|orig.date=1859-04-03
1859	4	3	18	58	0	1.5	orig=1.2R|orig.time=9:00PM|orig.date=1859-04-03
1859	4	4	4	58	0	1	orig=0.8R|orig.time=7:00AM|orig.date=1859-04-04
1859	4	4	9	58	0	6.5	orig=5.2R|orig.time=Noon|orig.date=1859-04-04
1859	4	4	11	58	0	6.4	orig=5.1R|orig.time=2:00PM|orig.date=1859-04-04
1859	4	4	18	58	0	3.8	orig=3R|orig.time=9:00PM|orig.date=1859-04-04
1859	4	5	4	58	0	2.5	orig=2R|orig.time=7:00AM|orig.date=1859-04-05
1859	4	5	9	58	0	4.2	orig=3.4R|orig.time=Noon|orig.date=1859-04-05
1859	4	5	11	58	0	5	orig=4R|orig.time=2:00PM|orig.date=1859-04-05
1859	4	5	18	58	0	0.8	orig=0.6R|orig.time=9:00PM|orig.date=1859-04-05
1859	4	6	4	58	0	-0.8	orig=-0.6R|orig.time=7:00AM|orig.date=1859-04-06
1859	4	6	9	58	0	2	orig=1.6R|orig.time=Noon|orig.date=1859-04-06
1859	4	6	11	58	0	3	orig=2.4R|orig.time=2:00PM|orig.date=1859-04-06
1859	4	6	18	58	0	0.2	orig=0.2R|orig.time=9:00PM|orig.date=1859-04-06
1859	4	7	4	58	0	-1.4	orig=-1.1R|orig.time=7:00AM|orig.date=1859-04-07
1859	4	7	9	58	0	2.4	orig=1.9R|orig.time=Noon|orig.date=1859-04-07
1859	4	7	11	58	0	4.9	orig=3.9R|orig.time=2:00PM|orig.date=1859-04-07
1859	4	7	18	58	0	0	orig=0R|orig.time=9:00PM|orig.date=1859-04-07
1859	4	8	4	58	0	1.2	orig=1R|orig.time=7:00AM|orig.date=1859-04-08
1859	4	8	9	58	0	4.8	orig=3.8R|orig.time=Noon|orig.date=1859-04-08
1859	4	8	11	58	0	5	orig=4R|orig.time=2:00PM|orig.date=1859-04-08
1859	4	8	18	58	0	1.5	orig=1.2R|orig.time=9:00PM|orig.date=1859-04-08
1859	4	9	4	58	0	2.5	orig=2R|orig.time=7:00AM|orig.date=1859-04-09
1859	4	9	9	58	0	8	orig=6.4R|orig.time=Noon|orig.date=1859-04-09
1859	4	9	11	58	0	9.8	orig=7.8R|orig.time=2:00PM|orig.date=1859-04-09
1859	4	9	18	58	0	5.8	orig=4.6R|orig.time=9:00PM|orig.date=1859-04-09
1859	4	10	4	58	0	1.6	orig=1.3R|orig.time=7:00AM|orig.date=1859-04-10
1859	4	10	9	58	0	7	orig=5.6R|orig.time=Noon|orig.date=1859-04-10
1859	4	10	11	58	0	7.2	orig=5.8R|orig.time=2:00PM|orig.date=1859-04-10
1859	4	10	18	58	0	6	orig=4.8R|orig.time=9:00PM|orig.date=1859-04-10
1859	4	11	4	58	0	5.2	orig=4.2R|orig.time=7:00AM|orig.date=1859-04-11
1859	4	11	9	58	0	13.1	orig=10.5R|orig.time=Noon|orig.date=1859-04-11
1859	4	11	11	58	0	14.5	orig=11.6R|orig.time=2:00PM|orig.date=1859-04-11
1859	4	11	18	58	0	8	orig=6.4R|orig.time=9:00PM|orig.date=1859-04-11
1859	4	12	4	58	0	6	orig=4.8R|orig.time=7:00AM|orig.date=1859-04-12
1859	4	12	9	58	0	7	orig=5.6R|orig.time=Noon|orig.date=1859-04-12
1859	4	12	11	58	0	7.2	orig=5.8R|orig.time=2:00PM|orig.date=1859-04-12
1859	4	12	18	58	0	7.2	orig=5.8R|orig.time=9:00PM|orig.date=1859-04-12
1859	4	13	4	58	0	7.2	orig=5.8R|orig.time=7:00AM|orig.date=1859-04-13
1859	4	13	9	58	0	17	orig=13.6R|orig.time=Noon|orig.date=1859-04-13
1859	4	13	11	58	0	16.5	orig=13.2R|orig.time=2:00PM|orig.date=1859-04-13
1859	4	13	18	58	0	13.2	orig=10.6R|orig.time=9:00PM|orig.date=1859-04-13
1859	4	14	4	58	0	9.2	orig=7.4R|orig.time=7:00AM|orig.date=1859-04-14
1859	4	14	9	58	0	15.8	orig=12.6R|orig.time=Noon|orig.date=1859-04-14
1859	4	14	11	58	0	13	orig=10.4R|orig.time=2:00PM|orig.date=1859-04-14
1859	4	14	18	58	0	5.8	orig=4.6R|orig.time=9:00PM|orig.date=1859-04-14
1859	4	15	4	58	0	3.5	orig=2.8R|orig.time=7:00AM|orig.date=1859-04-15
1859	4	15	9	58	0	6.5	orig=5.2R|orig.time=Noon|orig.date=1859-04-15
1859	4	15	11	58	0	6.8	orig=5.4R|orig.time=2:00PM|orig.date=1859-04-15
1859	4	15	18	58	0	3.8	orig=3R|orig.time=9:00PM|orig.date=1859-04-15
1859	4	16	4	58	0	3.9	orig=3.1R|orig.time=7:00AM|orig.date=1859-04-16
1859	4	16	9	58	0	6.4	orig=5.1R|orig.time=Noon|orig.date=1859-04-16
1859	4	16	11	58	0	5.1	orig=4.1R|orig.time=2:00PM|orig.date=1859-04-16
1859	4	16	18	58	0	7.5	orig=6R|orig.time=9:00PM|orig.date=1859-04-16
1859	4	17	4	58	0	5.5	orig=4.4R|orig.time=7:00AM|orig.date=1859-04-17
1859	4	17	9	58	0	10	orig=8R|orig.time=Noon|orig.date=1859-04-17
1859	4	17	11	58	0	10.5	orig=8.4R|orig.time=2:00PM|orig.date=1859-04-17
1859	4	17	18	58	0	5.2	orig=4.2R|orig.time=9:00PM|orig.date=1859-04-17
1859	4	18	4	58	0	5	orig=4R|orig.time=7:00AM|orig.date=1859-04-18
1859	4	18	9	58	0	5.4	orig=4.3R|orig.time=Noon|orig.date=1859-04-18
1859	4	18	11	58	0	6	orig=4.8R|orig.time=2:00PM|orig.date=1859-04-18
1859	4	18	18	58	0	3.2	orig=2.6R|orig.time=9:00PM|orig.date=1859-04-18
1859	4	19	4	58	0	2	orig=1.6R|orig.time=7:00AM|orig.date=1859-04-19
1859	4	19	9	58	0	8.4	orig=6.7R|orig.time=Noon|orig.date=1859-04-19
1859	4	19	11	58	0	11	orig=8.8R|orig.time=2:00PM|orig.date=1859-04-19
1859	4	19	18	58	0	5	orig=4R|orig.time=9:00PM|orig.date=1859-04-19
1859	4	20	4	58	0	5	orig=4R|orig.time=7:00AM|orig.date=1859-04-20
1859	4	20	9	58	0	13	orig=10.4R|orig.time=Noon|orig.date=1859-04-20
1859	4	20	11	58	0	14.8	orig=11.8R|orig.time=2:00PM|orig.date=1859-04-20
1859	4	20	18	58	0	9.5	orig=7.6R|orig.time=9:00PM|orig.date=1859-04-20
1859	4	21	4	58	0	7	orig=5.6R|orig.time=7:00AM|orig.date=1859-04-21
1859	4	21	9	58	0	14.6	orig=11.7R|orig.time=Noon|orig.date=1859-04-21
1859	4	21	11	58	0	16.5	orig=13.2R|orig.time=2:00PM|orig.date=1859-04-21
1859	4	21	18	58	0	12.2	orig=9.8R|orig.time=9:00PM|orig.date=1859-04-21
1859	4	22	4	58	0	10.4	orig=8.3R|orig.time=7:00AM|orig.date=1859-04-22
1859	4	22	9	58	0	18.1	orig=14.5R|orig.time=Noon|orig.date=1859-04-22
1859	4	22	11	58	0	21	orig=16.8R|orig.time=2:00PM|orig.date=1859-04-22
1859	4	22	18	58	0	15.6	orig=12.5R|orig.time=9:00PM|orig.date=1859-04-22
1859	4	23	4	58	0	14	orig=11.2R|orig.time=7:00AM|orig.date=1859-04-23
1859	4	23	9	58	0	21.5	orig=17.2R|orig.time=Noon|orig.date=1859-04-23
1859	4	23	11	58	0	23.1	orig=18.5R|orig.time=2:00PM|orig.date=1859-04-23
1859	4	23	18	58	0	17.8	orig=14.2R|orig.time=9:00PM|orig.date=1859-04-23
1859	4	24	4	58	0	13.8	orig=11R|orig.time=7:00AM|orig.date=1859-04-24
1859	4	24	9	58	0	20.8	orig=16.6R|orig.time=Noon|orig.date=1859-04-24
1859	4	24	11	58	0	22.8	orig=18.2R|orig.time=2:00PM|orig.date=1859-04-24
1859	4	24	18	58	0	17.8	orig=14.2R|orig.time=9:00PM|orig.date=1859-04-24
1859	4	25	4	58	0	14.4	orig=11.5R|orig.time=7:00AM|orig.date=1859-04-25
1859	4	25	9	58	0	20	orig=16R|orig.time=Noon|orig.date=1859-04-25
1859	4	25	11	58	0	24	orig=19.2R|orig.time=2:00PM|orig.date=1859-04-25
1859	4	25	18	58	0	18.5	orig=14.8R|orig.time=9:00PM|orig.date=1859-04-25
1859	4	26	4	58	0	13.8	orig=11R|orig.time=7:00AM|orig.date=1859-04-26
1859	4	26	9	58	0	20.5	orig=16.4R|orig.time=Noon|orig.date=1859-04-26
1859	4	26	11	58	0	21.5	orig=17.2R|orig.time=2:00PM|orig.date=1859-04-26
1859	4	26	18	58	0	15.2	orig=12.2R|orig.time=9:00PM|orig.date=1859-04-26
1859	4	27	4	58	0	12.8	orig=10.2R|orig.time=7:00AM|orig.date=1859-04-27
1859	4	27	9	58	0	19	orig=15.2R|orig.time=Noon|orig.date=1859-04-27
1859	4	27	11	58	0	19.8	orig=15.8R|orig.time=2:00PM|orig.date=1859-04-27
1859	4	27	18	58	0	16	orig=12.8R|orig.time=9:00PM|orig.date=1859-04-27
1859	4	28	4	58	0	13.2	orig=10.6R|orig.time=7:00AM|orig.date=1859-04-28
1859	4	28	9	58	0	17	orig=13.6R|orig.time=Noon|orig.date=1859-04-28
1859	4	28	11	58	0	17.5	orig=14R|orig.time=2:00PM|orig.date=1859-04-28
1859	4	28	18	58	0	13.5	orig=10.8R|orig.time=9:00PM|orig.date=1859-04-28
1859	4	29	4	58	0	11.5	orig=9.2R|orig.time=7:00AM|orig.date=1859-04-29
1859	4	29	9	58	0	12.2	orig=9.8R|orig.time=Noon|orig.date=1859-04-29
1859	4	29	11	58	0	13	orig=10.4R|orig.time=2:00PM|orig.date=1859-04-29
1859	4	29	18	58	0	11.5	orig=9.2R|orig.time=9:00PM|orig.date=1859-04-29
1859	4	30	4	58	0	10.6	orig=8.5R|orig.time=7:00AM|orig.date=1859-04-30
1859	4	30	9	58	0	15.5	orig=12.4R|orig.time=Noon|orig.date=1859-04-30
1859	4	30	11	58	0	16	orig=12.8R|orig.time=2:00PM|orig.date=1859-04-30
1859	4	30	18	58	0	12.8	orig=10.2R|orig.time=9:00PM|orig.date=1859-04-30
1859	5	1	4	58	0	9.5	orig=7.6R|orig.time=7:00AM|orig.date=1859-05-01
1859	5	1	9	58	0	16.5	orig=13.2R|orig.time=Noon|orig.date=1859-05-01
1859	5	1	11	58	0	17.9	orig=14.3R|orig.time=2:00PM|orig.date=1859-05-01
1859	5	1	18	58	0	13.2	orig=10.6R|orig.time=9:00PM|orig.date=1859-05-01
1859	5	2	4	58	0	14.1	orig=11.3R|orig.time=7:00AM|orig.date=1859-05-02
1859	5	2	9	58	0	18	orig=14.4R|orig.time=Noon|orig.date=1859-05-02
1859	5	2	11	58	0	11	orig=8.8R|orig.time=2:00PM|orig.date=1859-05-02
1859	5	2	18	58	0	6.5	orig=5.2R|orig.time=9:00PM|orig.date=1859-05-02
1859	5	3	4	58	0	4.8	orig=3.8R|orig.time=7:00AM|orig.date=1859-05-03
1859	5	3	9	58	0	9.2	orig=7.4R|orig.time=Noon|orig.date=1859-05-03
1859	5	3	11	58	0	9.8	orig=7.8R|orig.time=2:00PM|orig.date=1859-05-03
1859	5	3	18	58	0	5.8	orig=4.6R|orig.time=9:00PM|orig.date=1859-05-03
1859	5	4	4	58	0	5.6	orig=4.5R|orig.time=7:00AM|orig.date=1859-05-04
1859	5	4	9	58	0	13.2	orig=10.6R|orig.time=Noon|orig.date=1859-05-04
1859	5	4	11	58	0	14	orig=11.2R|orig.time=2:00PM|orig.date=1859-05-04
1859	5	4	18	58	0	12.8	orig=10.2R|orig.time=9:00PM|orig.date=1859-05-04
1859	5	5	4	58	0	12.2	orig=9.8R|orig.time=7:00AM|orig.date=1859-05-05
1859	5	5	9	58	0	20.4	orig=16.3R|orig.time=Noon|orig.date=1859-05-05
1859	5	5	11	58	0	22	orig=17.6R|orig.time=2:00PM|orig.date=1859-05-05
1859	5	5	18	58	0	16.8	orig=13.4R|orig.time=9:00PM|orig.date=1859-05-05
1859	5	6	4	58	0	15.8	orig=12.6R|orig.time=7:00AM|orig.date=1859-05-06
1859	5	6	9	58	0	16.5	orig=13.2R|orig.time=Noon|orig.date=1859-05-06
1859	5	6	11	58	0	16	orig=12.8R|orig.time=2:00PM|orig.date=1859-05-06
1859	5	6	18	58	0	11.9	orig=9.5R|orig.time=9:00PM|orig.date=1859-05-06
1859	5	7	4	58	0	7	orig=5.6R|orig.time=7:00AM|orig.date=1859-05-07
1859	5	7	9	58	0	11.5	orig=9.2R|orig.time=Noon|orig.date=1859-05-07
1859	5	7	11	58	0	13.6	orig=10.9R|orig.time=2:00PM|orig.date=1859-05-07
1859	5	7	18	58	0	8.9	orig=7.1R|orig.time=9:00PM|orig.date=1859-05-07
1859	5	8	4	58	0	10.6	orig=8.5R|orig.time=7:00AM|orig.date=1859-05-08
1859	5	8	9	58	0	16	orig=12.8R|orig.time=Noon|orig.date=1859-05-08
1859	5	8	11	58	0	18	orig=14.4R|orig.time=2:00PM|orig.date=1859-05-08
1859	5	8	18	58	0	12.8	orig=10.2R|orig.time=9:00PM|orig.date=1859-05-08
1859	5	9	4	58	0	11.2	orig=9R|orig.time=7:00AM|orig.date=1859-05-09
1859	5	9	9	58	0	15.5	orig=12.4R|orig.time=Noon|orig.date=1859-05-09
1859	5	9	11	58	0	16	orig=12.8R|orig.time=2:00PM|orig.date=1859-05-09
1859	5	9	18	58	0	11	orig=8.8R|orig.time=9:00PM|orig.date=1859-05-09
1859	5	10	4	58	0	7.9	orig=6.3R|orig.time=7:00AM|orig.date=1859-05-10
1859	5	10	9	58	0	14	orig=11.2R|orig.time=Noon|orig.date=1859-05-10
1859	5	10	11	58	0	14.8	orig=11.8R|orig.time=2:00PM|orig.date=1859-05-10
1859	5	10	18	58	0	10	orig=8R|orig.time=9:00PM|orig.date=1859-05-10
1859	5	11	4	58	0	8.1	orig=6.5R|orig.time=7:00AM|orig.date=1859-05-11
1859	5	11	9	58	0	14.6	orig=11.7R|orig.time=Noon|orig.date=1859-05-11
1859	5	11	11	58	0	15	orig=12R|orig.time=2:00PM|orig.date=1859-05-11
1859	5	11	18	58	0	10.6	orig=8.5R|orig.time=9:00PM|orig.date=1859-05-11
1859	5	12	4	58	0	10	orig=8R|orig.time=7:00AM|orig.date=1859-05-12
1859	5	12	9	58	0	18.9	orig=15.1R|orig.time=Noon|orig.date=1859-05-12
1859	5	12	11	58	0	16.2	orig=13R|orig.time=2:00PM|orig.date=1859-05-12
1859	5	12	18	58	0	12.5	orig=10R|orig.time=9:00PM|orig.date=1859-05-12
1859	5	13	4	58	0	7.1	orig=5.7R|orig.time=7:00AM|orig.date=1859-05-13
1859	5	13	9	58	0	10.5	orig=8.4R|orig.time=Noon|orig.date=1859-05-13
1859	5	13	11	58	0	12.8	orig=10.2R|orig.time=2:00PM|orig.date=1859-05-13
1859	5	13	18	58	0	10.2	orig=8.2R|orig.time=9:00PM|orig.date=1859-05-13
1859	5	14	4	58	0	10.4	orig=8.3R|orig.time=7:00AM|orig.date=1859-05-14
1859	5	14	9	58	0	11.1	orig=8.9R|orig.time=Noon|orig.date=1859-05-14
1859	5	14	11	58	0	11	orig=8.8R|orig.time=2:00PM|orig.date=1859-05-14
1859	5	14	18	58	0	12.6	orig=10.1R|orig.time=9:00PM|orig.date=1859-05-14
1859	5	15	4	58	0	11.2	orig=9R|orig.time=7:00AM|orig.date=1859-05-15
1859	5	15	9	58	0	17	orig=13.6R|orig.time=Noon|orig.date=1859-05-15
1859	5	15	11	58	0	16.2	orig=13R|orig.time=2:00PM|orig.date=1859-05-15
1859	5	15	18	58	0	12.8	orig=10.2R|orig.time=9:00PM|orig.date=1859-05-15
1859	5	16	4	58	0	10.2	orig=8.2R|orig.time=7:00AM|orig.date=1859-05-16
1859	5	16	9	58	0	18.5	orig=14.8R|orig.time=Noon|orig.date=1859-05-16
1859	5	16	11	58	0	19.8	orig=15.8R|orig.time=2:00PM|orig.date=1859-05-16
1859	5	16	18	58	0	14.2	orig=11.4R|orig.time=9:00PM|orig.date=1859-05-16
1859	5	17	4	58	0	13.8	orig=11R|orig.time=7:00AM|orig.date=1859-05-17
1859	5	17	9	58	0	20.5	orig=16.4R|orig.time=Noon|orig.date=1859-05-17
1859	5	17	11	58	0	21.5	orig=17.2R|orig.time=2:00PM|orig.date=1859-05-17
1859	5	17	18	58	0	15	orig=12R|orig.time=9:00PM|orig.date=1859-05-17
1859	5	18	4	58	0	15	orig=12R|orig.time=7:00AM|orig.date=1859-05-18
1859	5	18	9	58	0	23	orig=18.4R|orig.time=Noon|orig.date=1859-05-18
1859	5	18	11	58	0	23.5	orig=18.8R|orig.time=2:00PM|orig.date=1859-05-18
1859	5	18	18	58	0	17	orig=13.6R|orig.time=9:00PM|orig.date=1859-05-18
1859	5	19	4	58	0	16.9	orig=13.5R|orig.time=7:00AM|orig.date=1859-05-19
1859	5	19	9	58	0	24	orig=19.2R|orig.time=Noon|orig.date=1859-05-19
1859	5	19	11	58	0	25	orig=20R|orig.time=2:00PM|orig.date=1859-05-19
1859	5	19	18	58	0	19	orig=15.2R|orig.time=9:00PM|orig.date=1859-05-19
1859	5	20	4	58	0	15.9	orig=12.7R|orig.time=7:00AM|orig.date=1859-05-20
1859	5	20	9	58	0	24.2	orig=19.4R|orig.time=Noon|orig.date=1859-05-20
1859	5	20	11	58	0	25.1	orig=20.1R|orig.time=2:00PM|orig.date=1859-05-20
1859	5	20	18	58	0	18.8	orig=15R|orig.time=9:00PM|orig.date=1859-05-20
1859	5	21	4	58	0	15.6	orig=12.5R|orig.time=7:00AM|orig.date=1859-05-21
1859	5	21	9	58	0	20.2	orig=16.2R|orig.time=Noon|orig.date=1859-05-21
1859	5	21	11	58	0	19.5	orig=15.6R|orig.time=2:00PM|orig.date=1859-05-21
1859	5	21	18	58	0	16.2	orig=13R|orig.time=9:00PM|orig.date=1859-05-21
1859	5	22	4	58	0	14.5	orig=11.6R|orig.time=7:00AM|orig.date=1859-05-22
1859	5	22	9	58	0	22.2	orig=17.8R|orig.time=Noon|orig.date=1859-05-22
1859	5	22	11	58	0	23.8	orig=19R|orig.time=2:00PM|orig.date=1859-05-22
1859	5	22	18	58	0	18.5	orig=14.8R|orig.time=9:00PM|orig.date=1859-05-22
1859	5	23	4	58	0	16.5	orig=13.2R|orig.time=7:00AM|orig.date=1859-05-23
1859	5	23	9	58	0	24.2	orig=19.4R|orig.time=Noon|orig.date=1859-05-23
1859	5	23	11	58	0	24.2	orig=19.4R|orig.time=2:00PM|orig.date=1859-05-23
1859	5	23	18	58	0	19.8	orig=15.8R|orig.time=9:00PM|orig.date=1859-05-23
1859	5	24	4	58	0	17.5	orig=14R|orig.time=7:00AM|orig.date=1859-05-24
1859	5	24	9	58	0	26	orig=20.8R|orig.time=Noon|orig.date=1859-05-24
1859	5	24	11	58	0	26.8	orig=21.4R|orig.time=2:00PM|orig.date=1859-05-24
1859	5	24	18	58	0	19.8	orig=15.8R|orig.time=9:00PM|orig.date=1859-05-24
1859	5	25	4	58	0	16.5	orig=13.2R|orig.time=7:00AM|orig.date=1859-05-25
1859	5	25	9	58	0	20	orig=16R|orig.time=Noon|orig.date=1859-05-25
1859	5	25	11	58	0	20.8	orig=16.6R|orig.time=2:00PM|orig.date=1859-05-25
1859	5	25	18	58	0	15.5	orig=12.4R|orig.time=9:00PM|orig.date=1859-05-25
1859	5	26	4	58	0	13.5	orig=10.8R|orig.time=7:00AM|orig.date=1859-05-26
1859	5	26	9	58	0	20.6	orig=16.5R|orig.time=Noon|orig.date=1859-05-26
1859	5	26	11	58	0	20.6	orig=16.5R|orig.time=2:00PM|orig.date=1859-05-26
1859	5	26	18	58	0	18.2	orig=14.6R|orig.time=9:00PM|orig.date=1859-05-26
1859	5	27	4	58	0	13.1	orig=10.5R|orig.time=7:00AM|orig.date=1859-05-27
1859	5	27	9	58	0	15	orig=12R|orig.time=Noon|orig.date=1859-05-27
1859	5	27	11	58	0	15.2	orig=12.2R|orig.time=2:00PM|orig.date=1859-05-27
1859	5	27	18	58	0	11.2	orig=9R|orig.time=9:00PM|orig.date=1859-05-27
1859	5	28	4	58	0	12.8	orig=10.2R|orig.time=7:00AM|orig.date=1859-05-28
1859	5	28	9	58	0	21.5	orig=17.2R|orig.time=Noon|orig.date=1859-05-28
1859	5	28	11	58	0	21.5	orig=17.2R|orig.time=2:00PM|orig.date=1859-05-28
1859	5	28	18	58	0	14	orig=11.2R|orig.time=9:00PM|orig.date=1859-05-28
1859	5	29	4	58	0	15	orig=12R|orig.time=7:00AM|orig.date=1859-05-29
1859	5	29	9	58	0	22.8	orig=18.2R|orig.time=Noon|orig.date=1859-05-29
1859	5	29	11	58	0	24	orig=19.2R|orig.time=2:00PM|orig.date=1859-05-29
1859	5	29	18	58	0	19	orig=15.2R|orig.time=9:00PM|orig.date=1859-05-29
1859	5	30	4	58	0	16.6	orig=13.3R|orig.time=7:00AM|orig.date=1859-05-30
1859	5	30	9	58	0	23.9	orig=19.1R|orig.time=Noon|orig.date=1859-05-30
1859	5	30	11	58	0	24.5	orig=19.6R|orig.time=2:00PM|orig.date=1859-05-30
1859	5	30	18	58	0	21	orig=16.8R|orig.time=9:00PM|orig.date=1859-05-30
1859	5	31	4	58	0	19.4	orig=15.5R|orig.time=7:00AM|orig.date=1859-05-31
1859	5	31	9	58	0	23.5	orig=18.8R|orig.time=Noon|orig.date=1859-05-31
1859	5	31	11	58	0	21	orig=16.8R|orig.time=2:00PM|orig.date=1859-05-31
1859	5	31	18	58	0	18.2	orig=14.6R|orig.time=9:00PM|orig.date=1859-05-31
1859	6	1	4	58	0	16.9	orig=13.5R|orig.time=7:00AM|orig.date=1859-06-01
1859	6	1	9	58	0	22	orig=17.6R|orig.time=Noon|orig.date=1859-06-01
1859	6	1	11	58	0	23.8	orig=19R|orig.time=2:00PM|orig.date=1859-06-01
1859	6	1	18	58	0	17.5	orig=14R|orig.time=9:00PM|orig.date=1859-06-01
1859	6	2	4	58	0	18.8	orig=15R|orig.time=7:00AM|orig.date=1859-06-02
1859	6	2	9	58	0	26.1	orig=20.9R|orig.time=Noon|orig.date=1859-06-02
1859	6	2	11	58	0	26	orig=20.8R|orig.time=2:00PM|orig.date=1859-06-02
1859	6	2	18	58	0	19.2	orig=15.4R|orig.time=9:00PM|orig.date=1859-06-02
1859	6	3	4	58	0	18.8	orig=15R|orig.time=7:00AM|orig.date=1859-06-03
1859	6	3	9	58	0	19.4	orig=15.5R|orig.time=Noon|orig.date=1859-06-03
1859	6	3	11	58	0	19.6	orig=15.7R|orig.time=2:00PM|orig.date=1859-06-03
1859	6	3	18	58	0	18.8	orig=15R|orig.time=9:00PM|orig.date=1859-06-03
1859	6	4	4	58	0	18.5	orig=14.8R|orig.time=7:00AM|orig.date=1859-06-04
1859	6	4	9	58	0	27.5	orig=22R|orig.time=Noon|orig.date=1859-06-04
1859	6	4	11	58	0	18.6	orig=14.9R|orig.time=2:00PM|orig.date=1859-06-04
1859	6	4	18	58	0	18.5	orig=14.8R|orig.time=9:00PM|orig.date=1859-06-04
1859	6	5	4	58	0	8.5	orig=6.8R|orig.time=7:00AM|orig.date=1859-06-05
1859	6	5	9	58	0	9.8	orig=7.8R|orig.time=Noon|orig.date=1859-06-05
1859	6	5	11	58	0	10	orig=8R|orig.time=2:00PM|orig.date=1859-06-05
1859	6	5	18	58	0	8.2	orig=6.6R|orig.time=9:00PM|orig.date=1859-06-05
1859	6	6	4	58	0	4.4	orig=3.5R|orig.time=7:00AM|orig.date=1859-06-06
1859	6	6	9	58	0	8	orig=6.4R|orig.time=Noon|orig.date=1859-06-06
1859	6	6	11	58	0	4.5	orig=3.6R|orig.time=2:00PM|orig.date=1859-06-06
1859	6	6	18	58	0	4.2	orig=3.4R|orig.time=9:00PM|orig.date=1859-06-06
1859	6	7	4	58	0	4.2	orig=3.4R|orig.time=7:00AM|orig.date=1859-06-07
1859	6	7	9	58	0	9	orig=7.2R|orig.time=Noon|orig.date=1859-06-07
1859	6	7	11	58	0	10.1	orig=8.1R|orig.time=2:00PM|orig.date=1859-06-07
1859	6	7	18	58	0	9.5	orig=7.6R|orig.time=9:00PM|orig.date=1859-06-07
1859	6	8	4	58	0	7.5	orig=6R|orig.time=7:00AM|orig.date=1859-06-08
1859	6	8	9	58	0	14.2	orig=11.4R|orig.time=Noon|orig.date=1859-06-08
1859	6	8	11	58	0	14.8	orig=11.8R|orig.time=2:00PM|orig.date=1859-06-08
1859	6	8	18	58	0	12.5	orig=10R|orig.time=9:00PM|orig.date=1859-06-08
1859	6	9	4	58	0	12	orig=9.6R|orig.time=7:00AM|orig.date=1859-06-09
1859	6	9	9	58	0	15.8	orig=12.6R|orig.time=Noon|orig.date=1859-06-09
1859	6	9	11	58	0	18.2	orig=14.6R|orig.time=2:00PM|orig.date=1859-06-09
1859	6	9	18	58	0	14	orig=11.2R|orig.time=9:00PM|orig.date=1859-06-09
1859	6	10	4	58	0	12.9	orig=10.3R|orig.time=7:00AM|orig.date=1859-06-10
1859	6	10	9	58	0	20	orig=16R|orig.time=Noon|orig.date=1859-06-10
1859	6	10	11	58	0	19.4	orig=15.5R|orig.time=2:00PM|orig.date=1859-06-10
1859	6	10	18	58	0	16.5	orig=13.2R|orig.time=9:00PM|orig.date=1859-06-10
1859	6	11	4	58	0	15	orig=12R|orig.time=7:00AM|orig.date=1859-06-11
1859	6	11	9	58	0	21.8	orig=17.4R|orig.time=Noon|orig.date=1859-06-11
1859	6	11	11	58	0	23.5	orig=18.8R|orig.time=2:00PM|orig.date=1859-06-11
1859	6	11	18	58	0	18.2	orig=14.6R|orig.time=9:00PM|orig.date=1859-06-11
1859	6	12	4	58	0	14.4	orig=11.5R|orig.time=7:00AM|orig.date=1859-06-12
1859	6	12	9	58	0	21.8	orig=17.4R|orig.time=Noon|orig.date=1859-06-12
1859	6	12	11	58	0	21.9	orig=17.5R|orig.time=2:00PM|orig.date=1859-06-12
1859	6	12	18	58	0	18	orig=14.4R|orig.time=9:00PM|orig.date=1859-06-12
1859	6	13	4	58	0	15.4	orig=12.3R|orig.time=7:00AM|orig.date=1859-06-13
1859	6	13	9	58	0	22.6	orig=18.1R|orig.time=Noon|orig.date=1859-06-13
1859	6	13	11	58	0	22.8	orig=18.2R|orig.time=2:00PM|orig.date=1859-06-13
1859	6	13	18	58	0	17.9	orig=14.3R|orig.time=9:00PM|orig.date=1859-06-13
1859	6	14	4	58	0	17.5	orig=14R|orig.time=7:00AM|orig.date=1859-06-14
1859	6	14	9	58	0	24	orig=19.2R|orig.time=Noon|orig.date=1859-06-14
1859	6	14	11	58	0	26	orig=20.8R|orig.time=2:00PM|orig.date=1859-06-14
1859	6	14	18	58	0	18	orig=14.4R|orig.time=9:00PM|orig.date=1859-06-14
1859	6	15	4	58	0	16.8	orig=13.4R|orig.time=7:00AM|orig.date=1859-06-15
1859	6	15	9	58	0	24	orig=19.2R|orig.time=Noon|orig.date=1859-06-15
1859	6	15	11	58	0	24.4	orig=19.5R|orig.time=2:00PM|orig.date=1859-06-15
1859	6	15	18	58	0	19.8	orig=15.8R|orig.time=9:00PM|orig.date=1859-06-15
1859	6	16	4	58	0	12.5	orig=10R|orig.time=7:00AM|orig.date=1859-06-16
1859	6	16	9	58	0	17.2	orig=13.8R|orig.time=Noon|orig.date=1859-06-16
1859	6	16	11	58	0	19.2	orig=15.4R|orig.time=2:00PM|orig.date=1859-06-16
1859	6	16	18	58	0	14.5	orig=11.6R|orig.time=9:00PM|orig.date=1859-06-16
1859	6	17	4	58	0	15	orig=12R|orig.time=7:00AM|orig.date=1859-06-17
1859	6	17	9	58	0	20.8	orig=16.6R|orig.time=Noon|orig.date=1859-06-17
1859	6	17	11	58	0	22.9	orig=18.3R|orig.time=2:00PM|orig.date=1859-06-17
1859	6	17	18	58	0	18	orig=14.4R|orig.time=9:00PM|orig.date=1859-06-17
1859	6	18	4	58	0	16.9	orig=13.5R|orig.time=7:00AM|orig.date=1859-06-18
1859	6	18	9	58	0	25.8	orig=20.6R|orig.time=Noon|orig.date=1859-06-18
1859	6	18	11	58	0	26	orig=20.8R|orig.time=2:00PM|orig.date=1859-06-18
1859	6	18	18	58	0	21	orig=16.8R|orig.time=9:00PM|orig.date=1859-06-18
1859	6	19	4	58	0	18.1	orig=14.5R|orig.time=7:00AM|orig.date=1859-06-19
1859	6	19	9	58	0	22.8	orig=18.2R|orig.time=Noon|orig.date=1859-06-19
1859	6	19	11	58	0	22	orig=17.6R|orig.time=2:00PM|orig.date=1859-06-19
1859	6	19	18	58	0	16.5	orig=13.2R|orig.time=9:00PM|orig.date=1859-06-19
1859	6	20	4	58	0	14.5	orig=11.6R|orig.time=7:00AM|orig.date=1859-06-20
1859	6	20	9	58	0	20.4	orig=16.3R|orig.time=Noon|orig.date=1859-06-20
1859	6	20	11	58	0	16.8	orig=13.4R|orig.time=2:00PM|orig.date=1859-06-20
1859	6	20	18	58	0	15.1	orig=12.1R|orig.time=9:00PM|orig.date=1859-06-20
1859	6	21	4	58	0	13.8	orig=11R|orig.time=7:00AM|orig.date=1859-06-21
1859	6	21	9	58	0	19.5	orig=15.6R|orig.time=Noon|orig.date=1859-06-21
1859	6	21	11	58	0	20.5	orig=16.4R|orig.time=2:00PM|orig.date=1859-06-21
1859	6	21	18	58	0	16.1	orig=12.9R|orig.time=9:00PM|orig.date=1859-06-21
1859	6	22	4	58	0	15.2	orig=12.2R|orig.time=7:00AM|orig.date=1859-06-22
1859	6	22	9	58	0	23.2	orig=18.6R|orig.time=Noon|orig.date=1859-06-22
1859	6	22	11	58	0	24	orig=19.2R|orig.time=2:00PM|orig.date=1859-06-22
1859	6	22	18	58	0	18.8	orig=15R|orig.time=9:00PM|orig.date=1859-06-22
1859	6	23	4	58	0	16.8	orig=13.4R|orig.time=7:00AM|orig.date=1859-06-23
1859	6	23	9	58	0	22.2	orig=17.8R|orig.time=Noon|orig.date=1859-06-23
1859	6	23	11	58	0	21.2	orig=17R|orig.time=2:00PM|orig.date=1859-06-23
1859	6	23	18	58	0	19	orig=15.2R|orig.time=9:00PM|orig.date=1859-06-23
1859	6	24	4	58	0	16.2	orig=13R|orig.time=7:00AM|orig.date=1859-06-24
1859	6	24	9	58	0	23.8	orig=19R|orig.time=Noon|orig.date=1859-06-24
1859	6	24	11	58	0	23.2	orig=18.6R|orig.time=2:00PM|orig.date=1859-06-24
1859	6	24	18	58	0	19.9	orig=15.9R|orig.time=9:00PM|orig.date=1859-06-24
1859	6	25	4	58	0	18	orig=14.4R|orig.time=7:00AM|orig.date=1859-06-25
1859	6	25	9	58	0	26.1	orig=20.9R|orig.time=Noon|orig.date=1859-06-25
1859	6	25	11	58	0	27.5	orig=22R|orig.time=2:00PM|orig.date=1859-06-25
1859	6	25	18	58	0	18	orig=14.4R|orig.time=9:00PM|orig.date=1859-06-25
1859	6	26	4	58	0	12	orig=9.6R|orig.time=7:00AM|orig.date=1859-06-26
1859	6	26	9	58	0	13	orig=10.4R|orig.time=Noon|orig.date=1859-06-26
1859	6	26	11	58	0	15	orig=12R|orig.time=2:00PM|orig.date=1859-06-26
1859	6	26	18	58	0	15	orig=12R|orig.time=9:00PM|orig.date=1859-06-26
1859	6	27	4	58	0	15.8	orig=12.6R|orig.time=7:00AM|orig.date=1859-06-27
1859	6	27	9	58	0	22.8	orig=18.2R|orig.time=Noon|orig.date=1859-06-27
1859	6	27	11	58	0	23.5	orig=18.8R|orig.time=2:00PM|orig.date=1859-06-27
1859	6	27	18	58	0	18.4	orig=14.7R|orig.time=9:00PM|orig.date=1859-06-27
1859	6	28	4	58	0	16.5	orig=13.2R|orig.time=7:00AM|orig.date=1859-06-28
1859	6	28	9	58	0	21.8	orig=17.4R|orig.time=Noon|orig.date=1859-06-28
1859	6	28	11	58	0	21.9	orig=17.5R|orig.time=2:00PM|orig.date=1859-06-28
1859	6	28	18	58	0	20.5	orig=16.4R|orig.time=9:00PM|orig.date=1859-06-28
1859	6	29	4	58	0	16.9	orig=13.5R|orig.time=7:00AM|orig.date=1859-06-29
1859	6	29	9	58	0	20.8	orig=16.6R|orig.time=Noon|orig.date=1859-06-29
1859	6	29	11	58	0	22.9	orig=18.3R|orig.time=2:00PM|orig.date=1859-06-29
1859	6	29	18	58	0	22	orig=17.6R|orig.time=9:00PM|orig.date=1859-06-29
1859	6	30	4	58	0	19.4	orig=15.5R|orig.time=7:00AM|orig.date=1859-06-30
1859	6	30	9	58	0	26	orig=20.8R|orig.time=Noon|orig.date=1859-06-30
1859	6	30	11	58	0	26.5	orig=21.2R|orig.time=2:00PM|orig.date=1859-06-30
1859	6	30	18	58	0	23	orig=18.4R|orig.time=9:00PM|orig.date=1859-06-30
1859	7	1	4	58	0	20.4	orig=16.3R|orig.time=7:00AM|orig.date=1859-07-01
1859	7	1	9	58	0	27.2	orig=21.8R|orig.time=Noon|orig.date=1859-07-01
1859	7	1	11	58	0	27.6	orig=22.1R|orig.time=2:00PM|orig.date=1859-07-01
1859	7	1	18	58	0	24	orig=19.2R|orig.time=9:00PM|orig.date=1859-07-01
1859	7	2	4	58	0	20.5	orig=16.4R|orig.time=7:00AM|orig.date=1859-07-02
1859	7	2	9	58	0	28	orig=22.4R|orig.time=Noon|orig.date=1859-07-02
1859	7	2	11	58	0	27.2	orig=21.8R|orig.time=2:00PM|orig.date=1859-07-02
1859	7	2	18	58	0	22.1	orig=17.7R|orig.time=9:00PM|orig.date=1859-07-02
1859	7	3	4	58	0	22.5	orig=18R|orig.time=7:00AM|orig.date=1859-07-03
1859	7	3	9	58	0	29.9	orig=23.9R|orig.time=Noon|orig.date=1859-07-03
1859	7	3	11	58	0	24.5	orig=19.6R|orig.time=2:00PM|orig.date=1859-07-03
1859	7	3	18	58	0	23.5	orig=18.8R|orig.time=9:00PM|orig.date=1859-07-03
1859	7	4	4	58	0	22.2	orig=17.8R|orig.time=7:00AM|orig.date=1859-07-04
1859	7	4	9	58	0	26.5	orig=21.2R|orig.time=Noon|orig.date=1859-07-04
1859	7	4	11	58	0	21.6	orig=17.3R|orig.time=2:00PM|orig.date=1859-07-04
1859	7	4	18	58	0	21.2	orig=17R|orig.time=9:00PM|orig.date=1859-07-04
1859	7	5	4	58	0	17.9	orig=14.3R|orig.time=7:00AM|orig.date=1859-07-05
1859	7	5	9	58	0	23.8	orig=19R|orig.time=Noon|orig.date=1859-07-05
1859	7	5	11	58	0	23.5	orig=18.8R|orig.time=2:00PM|orig.date=1859-07-05
1859	7	5	18	58	0	18.5	orig=14.8R|orig.time=9:00PM|orig.date=1859-07-05
1859	7	6	4	58	0	14.4	orig=11.5R|orig.time=7:00AM|orig.date=1859-07-06
1859	7	6	9	58	0	17.1	orig=13.7R|orig.time=Noon|orig.date=1859-07-06
1859	7	6	11	58	0	16.6	orig=13.3R|orig.time=2:00PM|orig.date=1859-07-06
1859	7	6	18	58	0	14.8	orig=11.8R|orig.time=9:00PM|orig.date=1859-07-06
1859	7	7	4	58	0	12.9	orig=10.3R|orig.time=7:00AM|orig.date=1859-07-07
1859	7	7	9	58	0	17	orig=13.6R|orig.time=Noon|orig.date=1859-07-07
1859	7	7	11	58	0	19.4	orig=15.5R|orig.time=2:00PM|orig.date=1859-07-07
1859	7	7	18	58	0	16	orig=12.8R|orig.time=9:00PM|orig.date=1859-07-07
1859	7	8	4	58	0	17	orig=13.6R|orig.time=7:00AM|orig.date=1859-07-08
1859	7	8	9	58	0	23.2	orig=18.6R|orig.time=Noon|orig.date=1859-07-08
1859	7	8	11	58	0	24.6	orig=19.7R|orig.time=2:00PM|orig.date=1859-07-08
1859	7	8	18	58	0	20.5	orig=16.4R|orig.time=9:00PM|orig.date=1859-07-08
1859	7	9	4	58	0	21.9	orig=17.5R|orig.time=7:00AM|orig.date=1859-07-09
1859	7	9	9	58	0	26.4	orig=21.1R|orig.time=Noon|orig.date=1859-07-09
1859	7	9	11	58	0	26.2	orig=21R|orig.time=2:00PM|orig.date=1859-07-09
1859	7	9	18	58	0	19	orig=15.2R|orig.time=9:00PM|orig.date=1859-07-09
1859	7	10	4	58	0	16.4	orig=13.1R|orig.time=7:00AM|orig.date=1859-07-10
1859	7	10	9	58	0	19.8	orig=15.8R|orig.time=Noon|orig.date=1859-07-10
1859	7	10	11	58	0	16.4	orig=13.1R|orig.time=2:00PM|orig.date=1859-07-10
1859	7	10	18	58	0	13.8	orig=11R|orig.time=9:00PM|orig.date=1859-07-10
1859	7	11	4	58	0	13.2	orig=10.6R|orig.time=7:00AM|orig.date=1859-07-11
1859	7	11	9	58	0	17.2	orig=13.8R|orig.time=Noon|orig.date=1859-07-11
1859	7	11	11	58	0	17.8	orig=14.2R|orig.time=2:00PM|orig.date=1859-07-11
1859	7	11	18	58	0	14.8	orig=11.8R|orig.time=9:00PM|orig.date=1859-07-11
1859	7	12	4	58	0	13.8	orig=11R|orig.time=7:00AM|orig.date=1859-07-12
1859	7	12	9	58	0	18.8	orig=15R|orig.time=Noon|orig.date=1859-07-12
1859	7	12	11	58	0	19.8	orig=15.8R|orig.time=2:00PM|orig.date=1859-07-12
1859	7	12	18	58	0	16.1	orig=12.9R|orig.time=9:00PM|orig.date=1859-07-12
1859	7	13	4	58	0	16.2	orig=13R|orig.time=7:00AM|orig.date=1859-07-13
1859	7	13	9	58	0	22.8	orig=18.2R|orig.time=Noon|orig.date=1859-07-13
1859	7	13	11	58	0	24.1	orig=19.3R|orig.time=2:00PM|orig.date=1859-07-13
1859	7	13	18	58	0	20.4	orig=16.3R|orig.time=9:00PM|orig.date=1859-07-13
1859	7	14	4	58	0	18.8	orig=15R|orig.time=7:00AM|orig.date=1859-07-14
1859	7	14	9	58	0	25.5	orig=20.4R|orig.time=Noon|orig.date=1859-07-14
1859	7	14	11	58	0	25.2	orig=20.2R|orig.time=2:00PM|orig.date=1859-07-14
1859	7	14	18	58	0	19.2	orig=15.4R|orig.time=9:00PM|orig.date=1859-07-14
1859	7	15	4	58	0	17.8	orig=14.2R|orig.time=7:00AM|orig.date=1859-07-15
1859	7	15	9	58	0	22.8	orig=18.2R|orig.time=Noon|orig.date=1859-07-15
1859	7	15	11	58	0	24.5	orig=19.6R|orig.time=2:00PM|orig.date=1859-07-15
1859	7	15	18	58	0	18.6	orig=14.9R|orig.time=9:00PM|orig.date=1859-07-15
1859	7	16	4	58	0	13.1	orig=10.5R|orig.time=7:00AM|orig.date=1859-07-16
1859	7	16	9	58	0	16.8	orig=13.4R|orig.time=Noon|orig.date=1859-07-16
1859	7	16	11	58	0	16	orig=12.8R|orig.time=2:00PM|orig.date=1859-07-16
1859	7	16	18	58	0	13.5	orig=10.8R|orig.time=9:00PM|orig.date=1859-07-16
1859	7	17	4	58	0	12.5	orig=10R|orig.time=7:00AM|orig.date=1859-07-17
1859	7	17	9	58	0	15	orig=12R|orig.time=Noon|orig.date=1859-07-17
1859	7	17	11	58	0	16.2	orig=13R|orig.time=2:00PM|orig.date=1859-07-17
1859	7	17	18	58	0	14.1	orig=11.3R|orig.time=9:00PM|orig.date=1859-07-17
1859	7	18	4	58	0	14.8	orig=11.8R|orig.time=7:00AM|orig.date=1859-07-18
1859	7	18	9	58	0	21.1	orig=16.9R|orig.time=Noon|orig.date=1859-07-18
1859	7	18	11	58	0	21.2	orig=17R|orig.time=2:00PM|orig.date=1859-07-18
1859	7	18	18	58	0	16	orig=12.8R|orig.time=9:00PM|orig.date=1859-07-18
1859	7	19	4	58	0	15.2	orig=12.2R|orig.time=7:00AM|orig.date=1859-07-19
1859	7	19	9	58	0	24.2	orig=19.4R|orig.time=Noon|orig.date=1859-07-19
1859	7	19	11	58	0	26.2	orig=21R|orig.time=2:00PM|orig.date=1859-07-19
1859	7	19	18	58	0	22.1	orig=17.7R|orig.time=9:00PM|orig.date=1859-07-19
1859	7	20	4	58	0	21.9	orig=17.5R|orig.time=7:00AM|orig.date=1859-07-20
1859	7	20	9	58	0	26	orig=20.8R|orig.time=Noon|orig.date=1859-07-20
1859	7	20	11	58	0	29	orig=23.2R|orig.time=2:00PM|orig.date=1859-07-20
1859	7	20	18	58	0	22.2	orig=17.8R|orig.time=9:00PM|orig.date=1859-07-20
1859	7	21	4	58	0	15.8	orig=12.6R|orig.time=7:00AM|orig.date=1859-07-21
1859	7	21	9	58	0	20.5	orig=16.4R|orig.time=Noon|orig.date=1859-07-21
1859	7	21	11	58	0	19.8	orig=15.8R|orig.time=2:00PM|orig.date=1859-07-21
1859	7	21	18	58	0	14.8	orig=11.8R|orig.time=9:00PM|orig.date=1859-07-21
1859	7	22	4	58	0	13.2	orig=10.6R|orig.time=7:00AM|orig.date=1859-07-22
1859	7	22	9	58	0	19.5	orig=15.6R|orig.time=Noon|orig.date=1859-07-22
1859	7	22	11	58	0	19.9	orig=15.9R|orig.time=2:00PM|orig.date=1859-07-22
1859	7	22	18	58	0	17	orig=13.6R|orig.time=9:00PM|orig.date=1859-07-22
1859	7	23	4	58	0	17.2	orig=13.8R|orig.time=7:00AM|orig.date=1859-07-23
1859	7	23	9	58	0	25.5	orig=20.4R|orig.time=Noon|orig.date=1859-07-23
1859	7	23	11	58	0	26.5	orig=21.2R|orig.time=2:00PM|orig.date=1859-07-23
1859	7	23	18	58	0	21.2	orig=17R|orig.time=9:00PM|orig.date=1859-07-23
1859	7	24	4	58	0	20.8	orig=16.6R|orig.time=7:00AM|orig.date=1859-07-24
1859	7	24	9	58	0	31.9	orig=25.5R|orig.time=Noon|orig.date=1859-07-24
1859	7	24	11	58	0	32.5	orig=26R|orig.time=2:00PM|orig.date=1859-07-24
1859	7	24	18	58	0	25.2	orig=20.2R|orig.time=9:00PM|orig.date=1859-07-24
1859	7	25	4	58	0	22.5	orig=18R|orig.time=7:00AM|orig.date=1859-07-25
1859	7	25	9	58	0	32	orig=25.6R|orig.time=Noon|orig.date=1859-07-25
1859	7	25	11	58	0	32.2	orig=25.8R|orig.time=2:00PM|orig.date=1859-07-25
1859	7	25	18	58	0	21.1	orig=16.9R|orig.time=9:00PM|orig.date=1859-07-25
1859	7	26	4	58	0	21.8	orig=17.47R|orig.time=7:00AM|orig.date=1859-07-26
1859	7	26	9	58	0	30	orig=24R|orig.time=Noon|orig.date=1859-07-26
1859	7	26	11	58	0	31	orig=24.8R|orig.time=2:00PM|orig.date=1859-07-26
1859	7	26	18	58	0	26	orig=20.8R|orig.time=9:00PM|orig.date=1859-07-26
1859	7	27	4	58	0	23.1	orig=18.5R|orig.time=7:00AM|orig.date=1859-07-27
1859	7	27	9	58	0	27.8	orig=22.2R|orig.time=Noon|orig.date=1859-07-27
1859	7	27	11	58	0	33.5	orig=26.8R|orig.time=2:00PM|orig.date=1859-07-27
1859	7	27	18	58	0	26.5	orig=21.2R|orig.time=9:00PM|orig.date=1859-07-27
1859	7	28	4	58	0	23.8	orig=19R|orig.time=7:00AM|orig.date=1859-07-28
1859	7	28	9	58	0	27.9	orig=22.3R|orig.time=Noon|orig.date=1859-07-28
1859	7	28	11	58	0	29.5	orig=23.6R|orig.time=2:00PM|orig.date=1859-07-28
1859	7	28	18	58	0	23.6	orig=18.9R|orig.time=9:00PM|orig.date=1859-07-28
1859	7	29	4	58	0	22.5	orig=18R|orig.time=7:00AM|orig.date=1859-07-29
1859	7	29	9	58	0	28.4	orig=22.7R|orig.time=Noon|orig.date=1859-07-29
1859	7	29	11	58	0	29.2	orig=23.4R|orig.time=2:00PM|orig.date=1859-07-29
1859	7	29	18	58	0	23.1	orig=18.5R|orig.time=9:00PM|orig.date=1859-07-29
1859	7	30	4	58	0	20.9	orig=16.7R|orig.time=7:00AM|orig.date=1859-07-30
1859	7	30	9	58	0	27.5	orig=22R|orig.time=Noon|orig.date=1859-07-30
1859	7	30	11	58	0	28.2	orig=22.6R|orig.time=2:00PM|orig.date=1859-07-30
1859	7	30	18	58	0	23.8	orig=19R|orig.time=9:00PM|orig.date=1859-07-30
1859	7	31	4	58	0	18.1	orig=14.5R|orig.time=7:00AM|orig.date=1859-07-31
1859	7	31	9	58	0	23.4	orig=18.7R|orig.time=Noon|orig.date=1859-07-31
1859	7	31	11	58	0	23.8	orig=19R|orig.time=2:00PM|orig.date=1859-07-31
1859	7	31	18	58	0	21.5	orig=17.2R|orig.time=9:00PM|orig.date=1859-07-31
1859	8	1	4	58	0	21.4	orig=17.1R|orig.time=7:00AM|orig.date=1859-08-01
1859	8	1	9	58	0	25.8	orig=20.6R|orig.time=Noon|orig.date=1859-08-01
1859	8	1	11	58	0	27.4	orig=21.9R|orig.time=2:00PM|orig.date=1859-08-01
1859	8	1	18	58	0	22.2	orig=17.8R|orig.time=9:00PM|orig.date=1859-08-01
1859	8	2	4	58	0	19.4	orig=15.5R|orig.time=7:00AM|orig.date=1859-08-02
1859	8	2	9	58	0	23.8	orig=19R|orig.time=Noon|orig.date=1859-08-02
1859	8	2	11	58	0	28	orig=22.4R|orig.time=2:00PM|orig.date=1859-08-02
1859	8	2	18	58	0	22.2	orig=17.8R|orig.time=9:00PM|orig.date=1859-08-02
1859	8	3	4	58	0	18	orig=14.4R|orig.time=7:00AM|orig.date=1859-08-03
1859	8	3	9	58	0	24.5	orig=19.6R|orig.time=Noon|orig.date=1859-08-03
1859	8	3	11	58	0	25.6	orig=20.5R|orig.time=2:00PM|orig.date=1859-08-03
1859	8	3	18	58	0	21.9	orig=17.5R|orig.time=9:00PM|orig.date=1859-08-03
1859	8	4	4	58	0	17.9	orig=14.3R|orig.time=7:00AM|orig.date=1859-08-04
1859	8	4	9	58	0	26	orig=20.8R|orig.time=Noon|orig.date=1859-08-04
1859	8	4	11	58	0	26.4	orig=21.1R|orig.time=2:00PM|orig.date=1859-08-04
1859	8	4	18	58	0	21.2	orig=17R|orig.time=9:00PM|orig.date=1859-08-04
1859	8	5	4	58	0	19.4	orig=15.5R|orig.time=7:00AM|orig.date=1859-08-05
1859	8	5	9	58	0	26.8	orig=21.4R|orig.time=Noon|orig.date=1859-08-05
1859	8	5	11	58	0	28.2	orig=22.6R|orig.time=2:00PM|orig.date=1859-08-05
1859	8	5	18	58	0	22.5	orig=18R|orig.time=9:00PM|orig.date=1859-08-05
1859	8	6	4	58	0	21.5	orig=17.2R|orig.time=7:00AM|orig.date=1859-08-06
1859	8	6	9	58	0	32.9	orig=26.3R|orig.time=Noon|orig.date=1859-08-06
1859	8	6	11	58	0	33	orig=26.4R|orig.time=2:00PM|orig.date=1859-08-06
1859	8	6	18	58	0	23.5	orig=18.8R|orig.time=9:00PM|orig.date=1859-08-06
1859	8	7	4	58	0	17.5	orig=14R|orig.time=7:00AM|orig.date=1859-08-07
1859	8	7	9	58	0	23.4	orig=18.7R|orig.time=Noon|orig.date=1859-08-07
1859	8	7	11	58	0	24.1	orig=19.3R|orig.time=2:00PM|orig.date=1859-08-07
1859	8	7	18	58	0	19.6	orig=15.7R|orig.time=9:00PM|orig.date=1859-08-07
1859	8	8	4	58	0	19.2	orig=15.4R|orig.time=7:00AM|orig.date=1859-08-08
1859	8	8	9	58	0	23.9	orig=19.1R|orig.time=Noon|orig.date=1859-08-08
1859	8	8	11	58	0	25.1	orig=20.1R|orig.time=2:00PM|orig.date=1859-08-08
1859	8	8	18	58	0	21.5	orig=17.2R|orig.time=9:00PM|orig.date=1859-08-08
1859	8	9	4	58	0	20.8	orig=16.6R|orig.time=7:00AM|orig.date=1859-08-09
1859	8	9	9	58	0	30.5	orig=24.4R|orig.time=Noon|orig.date=1859-08-09
1859	8	9	11	58	0	31.2	orig=25R|orig.time=2:00PM|orig.date=1859-08-09
1859	8	9	18	58	0	25	orig=20R|orig.time=9:00PM|orig.date=1859-08-09
1859	8	10	4	58	0	23.1	orig=18.5R|orig.time=7:00AM|orig.date=1859-08-10
1859	8	10	9	58	0	31.9	orig=25.5R|orig.time=Noon|orig.date=1859-08-10
1859	8	10	11	58	0	32.6	orig=26.1R|orig.time=2:00PM|orig.date=1859-08-10
1859	8	10	18	58	0	24.1	orig=19.3R|orig.time=9:00PM|orig.date=1859-08-10
1859	8	11	4	58	0	18.2	orig=14.6R|orig.time=7:00AM|orig.date=1859-08-11
1859	8	11	9	58	0	26.4	orig=21.1R|orig.time=Noon|orig.date=1859-08-11
1859	8	11	11	58	0	23.5	orig=18.8R|orig.time=2:00PM|orig.date=1859-08-11
1859	8	11	18	58	0	16.6	orig=13.3R|orig.time=9:00PM|orig.date=1859-08-11
1859	8	12	4	58	0	16.6	orig=13.3R|orig.time=7:00AM|orig.date=1859-08-12
1859	8	12	9	58	0	14	orig=11.2R|orig.time=Noon|orig.date=1859-08-12
1859	8	12	11	58	0	14.2	orig=11.4R|orig.time=2:00PM|orig.date=1859-08-12
1859	8	12	18	58	0	13.5	orig=10.8R|orig.time=9:00PM|orig.date=1859-08-12
1859	8	13	4	58	0	12.8	orig=10.2R|orig.time=7:00AM|orig.date=1859-08-13
1859	8	13	9	58	0	19.8	orig=15.8R|orig.time=Noon|orig.date=1859-08-13
1859	8	13	11	58	0	20.8	orig=16.6R|orig.time=2:00PM|orig.date=1859-08-13
1859	8	13	18	58	0	17	orig=13.6R|orig.time=9:00PM|orig.date=1859-08-13
1859	8	14	4	58	0	15.4	orig=12.3R|orig.time=7:00AM|orig.date=1859-08-14
1859	8	14	9	58	0	22.2	orig=17.8R|orig.time=Noon|orig.date=1859-08-14
1859	8	14	11	58	0	22.5	orig=18R|orig.time=2:00PM|orig.date=1859-08-14
1859	8	14	18	58	0	18.5	orig=14.8R|orig.time=9:00PM|orig.date=1859-08-14
1859	8	15	4	58	0	16.2	orig=13R|orig.time=7:00AM|orig.date=1859-08-15
1859	8	15	9	58	0	22.5	orig=18R|orig.time=Noon|orig.date=1859-08-15
1859	8	15	11	58	0	23.4	orig=18.7R|orig.time=2:00PM|orig.date=1859-08-15
1859	8	15	18	58	0	17	orig=13.6R|orig.time=9:00PM|orig.date=1859-08-15
1859	8	16	4	58	0	13.1	orig=10.5R|orig.time=7:00AM|orig.date=1859-08-16
1859	8	16	9	58	0	18.8	orig=15R|orig.time=Noon|orig.date=1859-08-16
1859	8	16	11	58	0	20	orig=16R|orig.time=2:00PM|orig.date=1859-08-16
1859	8	16	18	58	0	16.8	orig=13.4R|orig.time=9:00PM|orig.date=1859-08-16
1859	8	17	4	58	0	13.8	orig=11R|orig.time=7:00AM|orig.date=1859-08-17
1859	8	17	9	58	0	20.8	orig=16.6R|orig.time=Noon|orig.date=1859-08-17
1859	8	17	11	58	0	21.5	orig=17.2R|orig.time=2:00PM|orig.date=1859-08-17
1859	8	17	18	58	0	16	orig=12.8R|orig.time=9:00PM|orig.date=1859-08-17
1859	8	18	4	58	0	14.8	orig=11.8R|orig.time=7:00AM|orig.date=1859-08-18
1859	8	18	9	58	0	21.4	orig=17.1R|orig.time=Noon|orig.date=1859-08-18
1859	8	18	11	58	0	22	orig=17.6R|orig.time=2:00PM|orig.date=1859-08-18
1859	8	18	18	58	0	16.9	orig=13.5R|orig.time=9:00PM|orig.date=1859-08-18
1859	8	19	4	58	0	15.4	orig=12.3R|orig.time=7:00AM|orig.date=1859-08-19
1859	8	19	9	58	0	24.9	orig=19.9R|orig.time=Noon|orig.date=1859-08-19
1859	8	19	11	58	0	25.1	orig=20.1R|orig.time=2:00PM|orig.date=1859-08-19
1859	8	19	18	58	0	19.6	orig=15.7R|orig.time=9:00PM|orig.date=1859-08-19
1859	8	20	4	58	0	17.5	orig=14R|orig.time=7:00AM|orig.date=1859-08-20
1859	8	20	9	58	0	26.4	orig=21.1R|orig.time=Noon|orig.date=1859-08-20
1859	8	20	11	58	0	26.9	orig=21.5R|orig.time=2:00PM|orig.date=1859-08-20
1859	8	20	18	58	0	20.2	orig=16.2R|orig.time=9:00PM|orig.date=1859-08-20
1859	8	21	4	58	0	18.9	orig=15.1R|orig.time=7:00AM|orig.date=1859-08-21
1859	8	21	9	58	0	24.2	orig=19.4R|orig.time=Noon|orig.date=1859-08-21
1859	8	21	11	58	0	25.4	orig=20.3R|orig.time=2:00PM|orig.date=1859-08-21
1859	8	21	18	58	0	21.6	orig=17.3R|orig.time=9:00PM|orig.date=1859-08-21
1859	8	22	4	58	0	18.1	orig=14.5R|orig.time=7:00AM|orig.date=1859-08-22
1859	8	22	9	58	0	28	orig=22.4R|orig.time=Noon|orig.date=1859-08-22
1859	8	22	11	58	0	29.2	orig=23.4R|orig.time=2:00PM|orig.date=1859-08-22
1859	8	22	18	58	0	22.8	orig=18.2R|orig.time=9:00PM|orig.date=1859-08-22
1859	8	23	4	58	0	19.8	orig=15.8R|orig.time=7:00AM|orig.date=1859-08-23
1859	8	23	9	58	0	26.2	orig=21R|orig.time=Noon|orig.date=1859-08-23
1859	8	23	11	58	0	26.6	orig=21.3R|orig.time=2:00PM|orig.date=1859-08-23
1859	8	23	18	58	0	22.2	orig=17.8R|orig.time=9:00PM|orig.date=1859-08-23
1859	8	24	4	58	0	18.1	orig=14.5R|orig.time=7:00AM|orig.date=1859-08-24
1859	8	24	9	58	0	25.8	orig=20.6R|orig.time=Noon|orig.date=1859-08-24
1859	8	24	11	58	0	28.1	orig=22.5R|orig.time=2:00PM|orig.date=1859-08-24
1859	8	24	18	58	0	22.5	orig=18R|orig.time=9:00PM|orig.date=1859-08-24
1859	8	25	4	58	0	16.2	orig=13R|orig.time=7:00AM|orig.date=1859-08-25
1859	8	25	9	58	0	25.5	orig=20.4R|orig.time=Noon|orig.date=1859-08-25
1859	8	25	11	58	0	26	orig=20.8R|orig.time=2:00PM|orig.date=1859-08-25
1859	8	25	18	58	0	21	orig=16.8R|orig.time=9:00PM|orig.date=1859-08-25
1859	8	26	4	58	0	15.8	orig=12.6R|orig.time=7:00AM|orig.date=1859-08-26
1859	8	26	9	58	0	24.5	orig=19.6R|orig.time=Noon|orig.date=1859-08-26
1859	8	26	11	58	0	25.2	orig=20.2R|orig.time=2:00PM|orig.date=1859-08-26
1859	8	26	18	58	0	21.1	orig=16.9R|orig.time=9:00PM|orig.date=1859-08-26
1859	8	27	4	58	0	17.1	orig=13.7R|orig.time=7:00AM|orig.date=1859-08-27
1859	8	27	9	58	0	26	orig=20.8R|orig.time=Noon|orig.date=1859-08-27
1859	8	27	11	58	0	27.1	orig=21.7R|orig.time=2:00PM|orig.date=1859-08-27
1859	8	27	18	58	0	21.9	orig=17.5R|orig.time=9:00PM|orig.date=1859-08-27
1859	8	28	4	58	0	19.1	orig=15.3R|orig.time=7:00AM|orig.date=1859-08-28
1859	8	28	9	58	0	27	orig=21.6R|orig.time=Noon|orig.date=1859-08-28
1859	8	28	11	58	0	28.2	orig=22.6R|orig.time=2:00PM|orig.date=1859-08-28
1859	8	28	18	58	0	24.4	orig=19.5R|orig.time=9:00PM|orig.date=1859-08-28
1859	8	29	4	58	0	20.9	orig=16.7R|orig.time=7:00AM|orig.date=1859-08-29
1859	8	29	9	58	0	27.2	orig=21.8R|orig.time=Noon|orig.date=1859-08-29
1859	8	29	11	58	0	28.5	orig=22.8R|orig.time=2:00PM|orig.date=1859-08-29
1859	8	29	18	58	0	24.4	orig=19.5R|orig.time=9:00PM|orig.date=1859-08-29
1859	8	30	4	58	0	20	orig=16R|orig.time=7:00AM|orig.date=1859-08-30
1859	8	30	9	58	0	29.4	orig=23.5R|orig.time=Noon|orig.date=1859-08-30
1859	8	30	11	58	0	30	orig=24R|orig.time=2:00PM|orig.date=1859-08-30
1859	8	30	18	58	0	24.8	orig=19.8R|orig.time=9:00PM|orig.date=1859-08-30
1859	8	31	4	58	0	21.9	orig=17.5R|orig.time=7:00AM|orig.date=1859-08-31
1859	8	31	9	58	0	30.4	orig=24.3R|orig.time=Noon|orig.date=1859-08-31
1859	8	31	11	58	0	31.2	orig=25R|orig.time=2:00PM|orig.date=1859-08-31
1859	8	31	18	58	0	24.2	orig=19.4R|orig.time=9:00PM|orig.date=1859-08-31
1859	9	1	4	58	0	18.8	orig=15R|orig.time=7:00AM|orig.date=1859-09-01
1859	9	1	9	58	0	29.5	orig=23.6R|orig.time=Noon|orig.date=1859-09-01
1859	9	1	11	58	0	29.2	orig=23.4R|orig.time=2:00PM|orig.date=1859-09-01
1859	9	1	18	58	0	24.8	orig=19.8R|orig.time=9:00PM|orig.date=1859-09-01
1859	9	2	4	58	0	22	orig=17.6R|orig.time=7:00AM|orig.date=1859-09-02
1859	9	2	9	58	0	27	orig=21.6R|orig.time=Noon|orig.date=1859-09-02
1859	9	2	11	58	0	26.8	orig=21.4R|orig.time=2:00PM|orig.date=1859-09-02
1859	9	2	18	58	0	18.5	orig=14.8R|orig.time=9:00PM|orig.date=1859-09-02
1859	9	3	4	58	0	18.1	orig=14.5R|orig.time=7:00AM|orig.date=1859-09-03
1859	9	3	9	58	0	25.2	orig=20.2R|orig.time=Noon|orig.date=1859-09-03
1859	9	3	11	58	0	23.2	orig=18.6R|orig.time=2:00PM|orig.date=1859-09-03
1859	9	3	18	58	0	15.8	orig=12.6R|orig.time=9:00PM|orig.date=1859-09-03
1859	9	4	4	58	0	13.1	orig=10.5R|orig.time=7:00AM|orig.date=1859-09-04
1859	9	4	9	58	0	14.8	orig=11.8R|orig.time=Noon|orig.date=1859-09-04
1859	9	4	11	58	0	14.1	orig=11.3R|orig.time=2:00PM|orig.date=1859-09-04
1859	9	4	18	58	0	14.8	orig=11.8R|orig.time=9:00PM|orig.date=1859-09-04
1859	9	5	4	58	0	12.8	orig=10.2R|orig.time=7:00AM|orig.date=1859-09-05
1859	9	5	9	58	0	14.8	orig=11.8R|orig.time=Noon|orig.date=1859-09-05
1859	9	5	11	58	0	16.1	orig=12.9R|orig.time=2:00PM|orig.date=1859-09-05
1859	9	5	18	58	0	14.6	orig=11.7R|orig.time=9:00PM|orig.date=1859-09-05
1859	9	6	4	58	0	11.8	orig=9.4R|orig.time=7:00AM|orig.date=1859-09-06
1859	9	6	9	58	0	17.5	orig=14R|orig.time=Noon|orig.date=1859-09-06
1859	9	6	11	58	0	19.1	orig=15.3R|orig.time=2:00PM|orig.date=1859-09-06
1859	9	6	18	58	0	18.9	orig=15.1R|orig.time=9:00PM|orig.date=1859-09-06
1859	9	7	4	58	0	11.6	orig=9.3R|orig.time=7:00AM|orig.date=1859-09-07
1859	9	7	9	58	0	18.2	orig=14.6R|orig.time=Noon|orig.date=1859-09-07
1859	9	7	11	58	0	19	orig=15.2R|orig.time=2:00PM|orig.date=1859-09-07
1859	9	7	18	58	0	16.2	orig=13R|orig.time=9:00PM|orig.date=1859-09-07
1859	9	8	4	58	0	10.6	orig=8.5R|orig.time=7:00AM|orig.date=1859-09-08
1859	9	8	9	58	0	18.2	orig=14.6R|orig.time=Noon|orig.date=1859-09-08
1859	9	8	11	58	0	20	orig=16R|orig.time=2:00PM|orig.date=1859-09-08
1859	9	8	18	58	0	15	orig=12R|orig.time=9:00PM|orig.date=1859-09-08
1859	9	9	4	58	0	10.6	orig=8.5R|orig.time=7:00AM|orig.date=1859-09-09
1859	9	9	9	58	0	15.8	orig=12.6R|orig.time=Noon|orig.date=1859-09-09
1859	9	9	11	58	0	17.5	orig=14R|orig.time=2:00PM|orig.date=1859-09-09
1859	9	9	18	58	0	13.2	orig=10.6R|orig.time=9:00PM|orig.date=1859-09-09
1859	9	10	4	58	0	12.2	orig=9.8R|orig.time=7:00AM|orig.date=1859-09-10
1859	9	10	9	58	0	17.2	orig=13.8R|orig.time=Noon|orig.date=1859-09-10
1859	9	10	11	58	0	16.4	orig=13.1R|orig.time=2:00PM|orig.date=1859-09-10
1859	9	10	18	58	0	13.2	orig=10.6R|orig.time=9:00PM|orig.date=1859-09-10
1859	9	11	4	58	0	12.8	orig=10.2R|orig.time=7:00AM|orig.date=1859-09-11
1859	9	11	9	58	0	20	orig=16R|orig.time=Noon|orig.date=1859-09-11
1859	9	11	11	58	0	19.8	orig=15.8R|orig.time=2:00PM|orig.date=1859-09-11
1859	9	11	18	58	0	14.5	orig=11.6R|orig.time=9:00PM|orig.date=1859-09-11
1859	9	12	4	58	0	12.2	orig=9.8R|orig.time=7:00AM|orig.date=1859-09-12
1859	9	12	9	58	0	16.2	orig=13R|orig.time=Noon|orig.date=1859-09-12
1859	9	12	11	58	0	15.2	orig=12.2R|orig.time=2:00PM|orig.date=1859-09-12
1859	9	12	18	58	0	12.2	orig=9.8R|orig.time=9:00PM|orig.date=1859-09-12
1859	9	13	4	58	0	11.9	orig=9.5R|orig.time=7:00AM|orig.date=1859-09-13
1859	9	13	9	58	0	16.4	orig=13.1R|orig.time=Noon|orig.date=1859-09-13
1859	9	13	11	58	0	17.2	orig=13.8R|orig.time=2:00PM|orig.date=1859-09-13
1859	9	13	18	58	0	13.2	orig=10.6R|orig.time=9:00PM|orig.date=1859-09-13
1859	9	14	4	58	0	12.5	orig=10R|orig.time=7:00AM|orig.date=1859-09-14
1859	9	14	9	58	0	15.2	orig=12.2R|orig.time=Noon|orig.date=1859-09-14
1859	9	14	11	58	0	15.6	orig=12.5R|orig.time=2:00PM|orig.date=1859-09-14
1859	9	14	18	58	0	13	orig=10.4R|orig.time=9:00PM|orig.date=1859-09-14
1859	9	15	4	58	0	10	orig=8R|orig.time=7:00AM|orig.date=1859-09-15
1859	9	15	9	58	0	15.6	orig=12.5R|orig.time=Noon|orig.date=1859-09-15
1859	9	15	11	58	0	15.5	orig=12.4R|orig.time=2:00PM|orig.date=1859-09-15
1859	9	15	18	58	0	12	orig=9.6R|orig.time=9:00PM|orig.date=1859-09-15
1859	9	16	4	58	0	9.4	orig=7.5R|orig.time=7:00AM|orig.date=1859-09-16
1859	9	16	9	58	0	17.4	orig=13.9R|orig.time=Noon|orig.date=1859-09-16
1859	9	16	11	58	0	17.2	orig=13.8R|orig.time=2:00PM|orig.date=1859-09-16
1859	9	16	18	58	0	11.8	orig=9.4R|orig.time=9:00PM|orig.date=1859-09-16
1859	9	17	4	58	0	13.1	orig=10.5R|orig.time=7:00AM|orig.date=1859-09-17
1859	9	17	9	58	0	18	orig=14.4R|orig.time=Noon|orig.date=1859-09-17
1859	9	17	11	58	0	19.2	orig=15.4R|orig.time=2:00PM|orig.date=1859-09-17
1859	9	17	18	58	0	14.8	orig=11.8R|orig.time=9:00PM|orig.date=1859-09-17
1859	9	18	4	58	0	14.1	orig=11.3R|orig.time=7:00AM|orig.date=1859-09-18
1859	9	18	9	58	0	24.8	orig=19.8R|orig.time=Noon|orig.date=1859-09-18
1859	9	18	11	58	0	25	orig=20R|orig.time=2:00PM|orig.date=1859-09-18
1859	9	18	18	58	0	20	orig=16R|orig.time=9:00PM|orig.date=1859-09-18
1859	9	19	4	58	0	13.5	orig=10.8R|orig.time=7:00AM|orig.date=1859-09-19
1859	9	19	9	58	0	11.8	orig=9.4R|orig.time=Noon|orig.date=1859-09-19
1859	9	19	11	58	0	10.4	orig=8.3R|orig.time=2:00PM|orig.date=1859-09-19
1859	9	19	18	58	0	7.5	orig=6R|orig.time=9:00PM|orig.date=1859-09-19
1859	9	20	4	58	0	5	orig=4R|orig.time=7:00AM|orig.date=1859-09-20
1859	9	20	9	58	0	7	orig=5.6R|orig.time=Noon|orig.date=1859-09-20
1859	9	20	11	58	0	7.8	orig=6.2R|orig.time=2:00PM|orig.date=1859-09-20
1859	9	20	18	58	0	8.5	orig=6.8R|orig.time=9:00PM|orig.date=1859-09-20
1859	9	21	4	58	0	10.5	orig=8.4R|orig.time=7:00AM|orig.date=1859-09-21
1859	9	21	9	58	0	16.6	orig=13.3R|orig.time=Noon|orig.date=1859-09-21
1859	9	21	11	58	0	18.2	orig=14.6R|orig.time=2:00PM|orig.date=1859-09-21
1859	9	21	18	58	0	13.6	orig=10.9R|orig.time=9:00PM|orig.date=1859-09-21
1859	9	22	4	58	0	8.8	orig=7R|orig.time=7:00AM|orig.date=1859-09-22
1859	9	22	9	58	0	8.5	orig=6.8R|orig.time=Noon|orig.date=1859-09-22
1859	9	22	11	58	0	9	orig=7.2R|orig.time=2:00PM|orig.date=1859-09-22
1859	9	22	18	58	0	8.2	orig=6.6R|orig.time=9:00PM|orig.date=1859-09-22
1859	9	23	4	58	0	8.1	orig=6.5R|orig.time=7:00AM|orig.date=1859-09-23
1859	9	23	9	58	0	13.1	orig=10.5R|orig.time=Noon|orig.date=1859-09-23
1859	9	23	11	58	0	12	orig=9.6R|orig.time=2:00PM|orig.date=1859-09-23
1859	9	23	18	58	0	9	orig=7.2R|orig.time=9:00PM|orig.date=1859-09-23
1859	9	24	4	58	0	6.9	orig=5.5R|orig.time=7:00AM|orig.date=1859-09-24
1859	9	24	9	58	0	10.4	orig=8.3R|orig.time=Noon|orig.date=1859-09-24
1859	9	24	11	58	0	11.2	orig=9R|orig.time=2:00PM|orig.date=1859-09-24
1859	9	24	18	58	0	8.5	orig=6.8R|orig.time=9:00PM|orig.date=1859-09-24
1859	9	25	4	58	0	7.2	orig=5.8R|orig.time=7:00AM|orig.date=1859-09-25
1859	9	25	9	58	0	9.4	orig=7.5R|orig.time=Noon|orig.date=1859-09-25
1859	9	25	11	58	0	10.4	orig=8.3R|orig.time=2:00PM|orig.date=1859-09-25
1859	9	25	18	58	0	7.8	orig=6.2R|orig.time=9:00PM|orig.date=1859-09-25
1859	9	26	4	58	0	6	orig=4.8R|orig.time=7:00AM|orig.date=1859-09-26
1859	9	26	9	58	0	9.8	orig=7.8R|orig.time=Noon|orig.date=1859-09-26
1859	9	26	11	58	0	11.4	orig=9.1R|orig.time=2:00PM|orig.date=1859-09-26
1859	9	26	18	58	0	11.2	orig=9R|orig.time=9:00PM|orig.date=1859-09-26
1859	9	27	4	58	0	8.1	orig=6.5R|orig.time=7:00AM|orig.date=1859-09-27
1859	9	27	9	58	0	15.1	orig=12.1R|orig.time=Noon|orig.date=1859-09-27
1859	9	27	11	58	0	16.6	orig=13.3R|orig.time=2:00PM|orig.date=1859-09-27
1859	9	27	18	58	0	14	orig=11.2R|orig.time=9:00PM|orig.date=1859-09-27
1859	9	28	4	58	0	7.9	orig=6.3R|orig.time=7:00AM|orig.date=1859-09-28
1859	9	28	9	58	0	17.4	orig=13.9R|orig.time=Noon|orig.date=1859-09-28
1859	9	28	11	58	0	19.9	orig=15.9R|orig.time=2:00PM|orig.date=1859-09-28
1859	9	28	18	58	0	12.8	orig=10.2R|orig.time=9:00PM|orig.date=1859-09-28
1859	9	29	4	58	0	10.5	orig=8.4R|orig.time=7:00AM|orig.date=1859-09-29
1859	9	29	9	58	0	15.5	orig=12.4R|orig.time=Noon|orig.date=1859-09-29
1859	9	29	11	58	0	16.6	orig=13.3R|orig.time=2:00PM|orig.date=1859-09-29
1859	9	29	18	58	0	12.9	orig=10.3R|orig.time=9:00PM|orig.date=1859-09-29
1859	9	30	4	58	0	9.4	orig=7.5R|orig.time=7:00AM|orig.date=1859-09-30
1859	9	30	9	58	0	16.4	orig=13.1R|orig.time=Noon|orig.date=1859-09-30
1859	9	30	11	58	0	17.5	orig=14R|orig.time=2:00PM|orig.date=1859-09-30
1859	9	30	18	58	0	12.5	orig=10R|orig.time=9:00PM|orig.date=1859-09-30
1859	10	1	4	58	0	10.5	orig=8.4R|orig.time=7:00AM|orig.date=1859-10-01
1859	10	1	9	58	0	16.2	orig=13R|orig.time=Noon|orig.date=1859-10-01
1859	10	1	11	58	0	16	orig=12.8R|orig.time=2:00PM|orig.date=1859-10-01
1859	10	1	18	58	0	11.5	orig=9.2R|orig.time=9:00PM|orig.date=1859-10-01
1859	10	2	4	58	0	7.8	orig=6.2R|orig.time=7:00AM|orig.date=1859-10-02
1859	10	2	9	58	0	16.5	orig=13.2R|orig.time=Noon|orig.date=1859-10-02
1859	10	2	11	58	0	18.1	orig=14.5R|orig.time=2:00PM|orig.date=1859-10-02
1859	10	2	18	58	0	12.8	orig=10.2R|orig.time=9:00PM|orig.date=1859-10-02
1859	10	3	4	58	0	11.2	orig=9R|orig.time=7:00AM|orig.date=1859-10-03
1859	10	3	9	58	0	13.2	orig=10.6R|orig.time=Noon|orig.date=1859-10-03
1859	10	3	11	58	0	13.4	orig=10.7R|orig.time=2:00PM|orig.date=1859-10-03
1859	10	3	18	58	0	12	orig=9.6R|orig.time=9:00PM|orig.date=1859-10-03
1859	10	4	4	58	0	5	orig=4R|orig.time=7:00AM|orig.date=1859-10-04
1859	10	4	9	58	0	9.2	orig=7.4R|orig.time=Noon|orig.date=1859-10-04
1859	10	4	11	58	0	8.9	orig=7.1R|orig.time=2:00PM|orig.date=1859-10-04
1859	10	4	18	58	0	6.6	orig=5.3R|orig.time=9:00PM|orig.date=1859-10-04
1859	10	5	4	58	0	0	orig=0R|orig.time=7:00AM|orig.date=1859-10-05
1859	10	5	9	58	0	3.5	orig=2.8R|orig.time=Noon|orig.date=1859-10-05
1859	10	5	11	58	0	2.9	orig=2.3R|orig.time=2:00PM|orig.date=1859-10-05
1859	10	5	18	58	0	2.2	orig=1.8R|orig.time=9:00PM|orig.date=1859-10-05
1859	10	6	4	58	0	1.6	orig=1.3R|orig.time=7:00AM|orig.date=1859-10-06
1859	10	6	9	58	0	2.8	orig=2.2R|orig.time=Noon|orig.date=1859-10-06
1859	10	6	11	58	0	3.9	orig=3.1R|orig.time=2:00PM|orig.date=1859-10-06
1859	10	6	18	58	0	3	orig=2.4R|orig.time=9:00PM|orig.date=1859-10-06
1859	10	7	4	58	0	-1.2	orig=-1R|orig.time=7:00AM|orig.date=1859-10-07
1859	10	7	9	58	0	7	orig=5.6R|orig.time=Noon|orig.date=1859-10-07
1859	10	7	11	58	0	8.8	orig=7R|orig.time=2:00PM|orig.date=1859-10-07
1859	10	7	18	58	0	5.8	orig=4.6R|orig.time=9:00PM|orig.date=1859-10-07
1859	10	8	4	58	0	1.1	orig=0.9R|orig.time=7:00AM|orig.date=1859-10-08
1859	10	8	9	58	0	9.5	orig=7.6R|orig.time=Noon|orig.date=1859-10-08
1859	10	8	11	58	0	11.5	orig=9.2R|orig.time=2:00PM|orig.date=1859-10-08
1859	10	8	18	58	0	6.5	orig=5.2R|orig.time=9:00PM|orig.date=1859-10-08
1859	10	9	4	58	0	4	orig=3.2R|orig.time=7:00AM|orig.date=1859-10-09
1859	10	9	9	58	0	7.9	orig=6.3R|orig.time=Noon|orig.date=1859-10-09
1859	10	9	11	58	0	6.1	orig=4.9R|orig.time=2:00PM|orig.date=1859-10-09
1859	10	9	18	58	0	5.1	orig=4.1R|orig.time=9:00PM|orig.date=1859-10-09
1859	10	10	4	58	0	5	orig=4R|orig.time=7:00AM|orig.date=1859-10-10
1859	10	10	9	58	0	6.8	orig=5.4R|orig.time=Noon|orig.date=1859-10-10
1859	10	10	11	58	0	6.2	orig=5R|orig.time=2:00PM|orig.date=1859-10-10
1859	10	10	18	58	0	6	orig=4.8R|orig.time=9:00PM|orig.date=1859-10-10
1859	10	11	4	58	0	7	orig=5.6R|orig.time=7:00AM|orig.date=1859-10-11
1859	10	11	9	58	0	9.1	orig=7.3R|orig.time=Noon|orig.date=1859-10-11
1859	10	11	11	58	0	10	orig=8R|orig.time=2:00PM|orig.date=1859-10-11
1859	10	11	18	58	0	7.9	orig=6.3R|orig.time=9:00PM|orig.date=1859-10-11
1859	10	12	4	58	0	7.5	orig=6R|orig.time=7:00AM|orig.date=1859-10-12
1859	10	12	9	58	0	9.6	orig=7.7R|orig.time=Noon|orig.date=1859-10-12
1859	10	12	11	58	0	9.5	orig=7.6R|orig.time=2:00PM|orig.date=1859-10-12
1859	10	12	18	58	0	8.2	orig=6.6R|orig.time=9:00PM|orig.date=1859-10-12
1859	10	13	4	58	0	6.9	orig=5.5R|orig.time=7:00AM|orig.date=1859-10-13
1859	10	13	9	58	0	11.5	orig=9.2R|orig.time=Noon|orig.date=1859-10-13
1859	10	13	11	58	0	11.4	orig=9.1R|orig.time=2:00PM|orig.date=1859-10-13
1859	10	13	18	58	0	6.9	orig=5.5R|orig.time=9:00PM|orig.date=1859-10-13
1859	10	14	4	58	0	6	orig=4.8R|orig.time=7:00AM|orig.date=1859-10-14
1859	10	14	9	58	0	11.6	orig=9.3R|orig.time=Noon|orig.date=1859-10-14
1859	10	14	11	58	0	11.8	orig=9.4R|orig.time=2:00PM|orig.date=1859-10-14
1859	10	14	18	58	0	7.8	orig=6.2R|orig.time=9:00PM|orig.date=1859-10-14
1859	10	15	4	58	0	4.9	orig=3.9R|orig.time=7:00AM|orig.date=1859-10-15
1859	10	15	9	58	0	10.1	orig=8.1R|orig.time=Noon|orig.date=1859-10-15
1859	10	15	11	58	0	11.2	orig=9R|orig.time=2:00PM|orig.date=1859-10-15
1859	10	15	18	58	0	8	orig=6.4R|orig.time=9:00PM|orig.date=1859-10-15
1859	10	16	4	58	0	3.8	orig=3R|orig.time=7:00AM|orig.date=1859-10-16
1859	10	16	9	58	0	12	orig=9.6R|orig.time=Noon|orig.date=1859-10-16
1859	10	16	11	58	0	13.2	orig=10.6R|orig.time=2:00PM|orig.date=1859-10-16
1859	10	16	18	58	0	9.5	orig=7.6R|orig.time=9:00PM|orig.date=1859-10-16
1859	10	17	4	58	0	8.8	orig=7R|orig.time=7:00AM|orig.date=1859-10-17
1859	10	17	9	58	0	11.2	orig=9R|orig.time=Noon|orig.date=1859-10-17
1859	10	17	11	58	0	12.1	orig=9.7R|orig.time=2:00PM|orig.date=1859-10-17
1859	10	17	18	58	0	11.5	orig=9.2R|orig.time=9:00PM|orig.date=1859-10-17
1859	10	18	4	58	0	10	orig=8R|orig.time=7:00AM|orig.date=1859-10-18
1859	10	18	9	58	0	14.5	orig=11.6R|orig.time=Noon|orig.date=1859-10-18
1859	10	18	11	58	0	11.5	orig=9.2R|orig.time=2:00PM|orig.date=1859-10-18
1859	10	18	18	58	0	9.2	orig=7.4R|orig.time=9:00PM|orig.date=1859-10-18
1859	10	19	4	58	0	7.8	orig=6.2R|orig.time=7:00AM|orig.date=1859-10-19
1859	10	19	9	58	0	12.8	orig=10.2R|orig.time=Noon|orig.date=1859-10-19
1859	10	19	11	58	0	10	orig=8R|orig.time=2:00PM|orig.date=1859-10-19
1859	10	19	18	58	0	5.9	orig=4.7R|orig.time=9:00PM|orig.date=1859-10-19
1859	10	20	4	58	0	1.2	orig=1R|orig.time=7:00AM|orig.date=1859-10-20
1859	10	20	9	58	0	10	orig=8R|orig.time=Noon|orig.date=1859-10-20
1859	10	20	11	58	0	10.5	orig=8.4R|orig.time=2:00PM|orig.date=1859-10-20
1859	10	20	18	58	0	6.1	orig=4.9R|orig.time=9:00PM|orig.date=1859-10-20
1859	10	21	4	58	0	10.5	orig=8.4R|orig.time=7:00AM|orig.date=1859-10-21
1859	10	21	9	58	0	14.8	orig=11.8R|orig.time=Noon|orig.date=1859-10-21
1859	10	21	11	58	0	15.8	orig=12.6R|orig.time=2:00PM|orig.date=1859-10-21
1859	10	21	18	58	0	11	orig=8.8R|orig.time=9:00PM|orig.date=1859-10-21
1859	10	22	4	58	0	8.8	orig=7R|orig.time=7:00AM|orig.date=1859-10-22
1859	10	22	9	58	0	14.9	orig=11.9R|orig.time=Noon|orig.date=1859-10-22
1859	10	22	11	58	0	16.4	orig=13.1R|orig.time=2:00PM|orig.date=1859-10-22
1859	10	22	18	58	0	14	orig=11.2R|orig.time=9:00PM|orig.date=1859-10-22
1859	10	23	4	58	0	8	orig=6.4R|orig.time=7:00AM|orig.date=1859-10-23
1859	10	23	9	58	0	10.8	orig=8.6R|orig.time=Noon|orig.date=1859-10-23
1859	10	23	11	58	0	11.4	orig=9.1R|orig.time=2:00PM|orig.date=1859-10-23
1859	10	23	18	58	0	9	orig=7.2R|orig.time=9:00PM|orig.date=1859-10-23
1859	10	24	4	58	0	7.5	orig=6R|orig.time=7:00AM|orig.date=1859-10-24
1859	10	24	9	58	0	13.9	orig=11.1R|orig.time=Noon|orig.date=1859-10-24
1859	10	24	11	58	0	16.9	orig=13.5R|orig.time=2:00PM|orig.date=1859-10-24
1859	10	24	18	58	0	14.4	orig=11.5R|orig.time=9:00PM|orig.date=1859-10-24
1859	10	25	4	58	0	12.8	orig=10.2R|orig.time=7:00AM|orig.date=1859-10-25
1859	10	25	9	58	0	18	orig=14.4R|orig.time=Noon|orig.date=1859-10-25
1859	10	25	11	58	0	18.9	orig=15.1R|orig.time=2:00PM|orig.date=1859-10-25
1859	10	25	18	58	0	16.5	orig=13.2R|orig.time=9:00PM|orig.date=1859-10-25
1859	10	26	4	58	0	8.5	orig=6.8R|orig.time=7:00AM|orig.date=1859-10-26
1859	10	26	9	58	0	9.5	orig=7.6R|orig.time=Noon|orig.date=1859-10-26
1859	10	26	11	58	0	10.5	orig=8.4R|orig.time=2:00PM|orig.date=1859-10-26
1859	10	26	18	58	0	7.9	orig=6.3R|orig.time=9:00PM|orig.date=1859-10-26
1859	10	27	4	58	0	9.4	orig=7.5R|orig.time=7:00AM|orig.date=1859-10-27
1859	10	27	9	58	0	11.2	orig=9R|orig.time=Noon|orig.date=1859-10-27
1859	10	27	11	58	0	11.5	orig=9.2R|orig.time=2:00PM|orig.date=1859-10-27
1859	10	27	18	58	0	11.8	orig=9.4R|orig.time=9:00PM|orig.date=1859-10-27
1859	10	28	4	58	0	10	orig=8R|orig.time=7:00AM|orig.date=1859-10-28
1859	10	28	9	58	0	10.8	orig=8.6R|orig.time=Noon|orig.date=1859-10-28
1859	10	28	11	58	0	10.4	orig=8.3R|orig.time=2:00PM|orig.date=1859-10-28
1859	10	28	18	58	0	7.8	orig=6.2R|orig.time=9:00PM|orig.date=1859-10-28
1859	10	29	4	58	0	4.5	orig=3.6R|orig.time=7:00AM|orig.date=1859-10-29
1859	10	29	9	58	0	8.8	orig=7R|orig.time=Noon|orig.date=1859-10-29
1859	10	29	11	58	0	9.5	orig=7.6R|orig.time=2:00PM|orig.date=1859-10-29
1859	10	29	18	58	0	4.5	orig=3.6R|orig.time=9:00PM|orig.date=1859-10-29
1859	10	30	4	58	0	3	orig=2.4R|orig.time=7:00AM|orig.date=1859-10-30
1859	10	30	9	58	0	8.5	orig=6.8R|orig.time=Noon|orig.date=1859-10-30
1859	10	30	11	58	0	9.6	orig=7.7R|orig.time=2:00PM|orig.date=1859-10-30
1859	10	30	18	58	0	8	orig=6.4R|orig.time=9:00PM|orig.date=1859-10-30
1859	10	31	4	58	0	10.4	orig=8.3R|orig.time=7:00AM|orig.date=1859-10-31
1859	10	31	9	58	0	13.2	orig=10.6R|orig.time=Noon|orig.date=1859-10-31
1859	10	31	11	58	0	14.2	orig=11.4R|orig.time=2:00PM|orig.date=1859-10-31
1859	10	31	18	58	0	10.5	orig=8.4R|orig.time=9:00PM|orig.date=1859-10-31
1859	11	1	4	58	0	8.4	orig=6.7R|orig.time=7:00AM|orig.date=1859-11-01
1859	11	1	9	58	0	10.6	orig=8.5R|orig.time=Noon|orig.date=1859-11-01
1859	11	1	11	58	0	11.2	orig=9R|orig.time=2:00PM|orig.date=1859-11-01
1859	11	1	18	58	0	9.1	orig=7.3R|orig.time=9:00PM|orig.date=1859-11-01
1859	11	2	4	58	0	10	orig=8R|orig.time=7:00AM|orig.date=1859-11-02
1859	11	2	9	58	0	14	orig=11.2R|orig.time=Noon|orig.date=1859-11-02
1859	11	2	11	58	0	13.5	orig=10.8R|orig.time=2:00PM|orig.date=1859-11-02
1859	11	2	18	58	0	9.2	orig=7.4R|orig.time=9:00PM|orig.date=1859-11-02
1859	11	3	4	58	0	7	orig=5.6R|orig.time=7:00AM|orig.date=1859-11-03
1859	11	3	9	58	0	8.2	orig=6.6R|orig.time=Noon|orig.date=1859-11-03
1859	11	3	11	58	0	8.8	orig=7R|orig.time=2:00PM|orig.date=1859-11-03
1859	11	3	18	58	0	5.4	orig=4.3R|orig.time=9:00PM|orig.date=1859-11-03
1859	11	4	4	58	0	1.5	orig=1.2R|orig.time=7:00AM|orig.date=1859-11-04
1859	11	4	9	58	0	8.5	orig=6.8R|orig.time=Noon|orig.date=1859-11-04
1859	11	4	11	58	0	9.8	orig=7.8R|orig.time=2:00PM|orig.date=1859-11-04
1859	11	4	18	58	0	4.5	orig=3.6R|orig.time=9:00PM|orig.date=1859-11-04
1859	11	5	4	58	0	2.5	orig=2R|orig.time=7:00AM|orig.date=1859-11-05
1859	11	5	9	58	0	7.5	orig=6R|orig.time=Noon|orig.date=1859-11-05
1859	11	5	11	58	0	11.5	orig=9.2R|orig.time=2:00PM|orig.date=1859-11-05
1859	11	5	18	58	0	8.8	orig=7R|orig.time=9:00PM|orig.date=1859-11-05
1859	11	6	4	58	0	6.2	orig=5R|orig.time=7:00AM|orig.date=1859-11-06
1859	11	6	9	58	0	13.9	orig=11.1R|orig.time=Noon|orig.date=1859-11-06
1859	11	6	11	58	0	15.4	orig=12.3R|orig.time=2:00PM|orig.date=1859-11-06
1859	11	6	18	58	0	12	orig=9.6R|orig.time=9:00PM|orig.date=1859-11-06
1859	11	7	4	58	0	9.4	orig=7.5R|orig.time=7:00AM|orig.date=1859-11-07
1859	11	7	9	58	0	15.4	orig=12.3R|orig.time=Noon|orig.date=1859-11-07
1859	11	7	11	58	0	15.1	orig=12.1R|orig.time=2:00PM|orig.date=1859-11-07
1859	11	7	18	58	0	11.2	orig=9R|orig.time=9:00PM|orig.date=1859-11-07
1859	11	8	4	58	0	11.2	orig=9R|orig.time=7:00AM|orig.date=1859-11-08
1859	11	8	9	58	0	15.5	orig=12.4R|orig.time=Noon|orig.date=1859-11-08
1859	11	8	11	58	0	15.4	orig=12.3R|orig.time=2:00PM|orig.date=1859-11-08
1859	11	8	18	58	0	11	orig=8.8R|orig.time=9:00PM|orig.date=1859-11-08
1859	11	9	4	58	0	9.4	orig=7.5R|orig.time=7:00AM|orig.date=1859-11-09
1859	11	9	9	58	0	11.1	orig=8.9R|orig.time=Noon|orig.date=1859-11-09
1859	11	9	11	58	0	11.8	orig=9.4R|orig.time=2:00PM|orig.date=1859-11-09
1859	11	9	18	58	0	9.2	orig=7.4R|orig.time=9:00PM|orig.date=1859-11-09
1859	11	10	4	58	0	5	orig=4R|orig.time=7:00AM|orig.date=1859-11-10
1859	11	10	9	58	0	6	orig=4.8R|orig.time=Noon|orig.date=1859-11-10
1859	11	10	11	58	0	5.5	orig=4.4R|orig.time=2:00PM|orig.date=1859-11-10
1859	11	10	18	58	0	4.5	orig=3.6R|orig.time=9:00PM|orig.date=1859-11-10
1859	11	11	4	58	0	0.4	orig=0.3R|orig.time=7:00AM|orig.date=1859-11-11
1859	11	11	9	58	0	1.6	orig=1.3R|orig.time=Noon|orig.date=1859-11-11
1859	11	11	11	58	0	-0.1	orig=-0.1R|orig.time=2:00PM|orig.date=1859-11-11
1859	11	11	18	58	0	-1.8	orig=-1.4R|orig.time=9:00PM|orig.date=1859-11-11
1859	11	12	4	58	0	-1.5	orig=-1.2R|orig.time=7:00AM|orig.date=1859-11-12
1859	11	12	9	58	0	-0.1	orig=-0.1R|orig.time=Noon|orig.date=1859-11-12
1859	11	12	11	58	0	1.9	orig=1.5R|orig.time=2:00PM|orig.date=1859-11-12
1859	11	12	18	58	0	-0.4	orig=-0.3R|orig.time=9:00PM|orig.date=1859-11-12
1859	11	13	4	58	0	0	orig=0R|orig.time=7:00AM|orig.date=1859-11-13
1859	11	13	9	58	0	2.8	orig=2.2R|orig.time=Noon|orig.date=1859-11-13
1859	11	13	11	58	0	1.8	orig=1.4R|orig.time=2:00PM|orig.date=1859-11-13
1859	11	13	18	58	0	-1.1	orig=-0.9R|orig.time=9:00PM|orig.date=1859-11-13
1859	11	14	4	58	0	-3.5	orig=-2.8R|orig.time=7:00AM|orig.date=1859-11-14
1859	11	14	9	58	0	3.2	orig=2.6R|orig.time=Noon|orig.date=1859-11-14
1859	11	14	11	58	0	3.1	orig=2.5R|orig.time=2:00PM|orig.date=1859-11-14
1859	11	14	18	58	0	-0.5	orig=-0.4R|orig.time=9:00PM|orig.date=1859-11-14
1859	11	15	4	58	0	-1.6	orig=-1.3R|orig.time=7:00AM|orig.date=1859-11-15
1859	11	15	9	58	0	2.4	orig=1.9R|orig.time=Noon|orig.date=1859-11-15
1859	11	15	11	58	0	3.2	orig=2.6R|orig.time=2:00PM|orig.date=1859-11-15
1859	11	15	18	58	0	0.8	orig=0.6R|orig.time=9:00PM|orig.date=1859-11-15
1859	11	16	4	58	0	-0.2	orig=-0.2R|orig.time=7:00AM|orig.date=1859-11-16
1859	11	16	9	58	0	-0.1	orig=-0.1R|orig.time=Noon|orig.date=1859-11-16
1859	11	16	11	58	0	-0.4	orig=-0.3R|orig.time=2:00PM|orig.date=1859-11-16
1859	11	16	18	58	0	-3.6	orig=-2.9R|orig.time=9:00PM|orig.date=1859-11-16
1859	11	17	4	58	0	-8.4	orig=-6.7R|orig.time=7:00AM|orig.date=1859-11-17
1859	11	17	9	58	0	-3.8	orig=-3R|orig.time=Noon|orig.date=1859-11-17
1859	11	17	11	58	0	-2.5	orig=-2R|orig.time=2:00PM|orig.date=1859-11-17
1859	11	17	18	58	0	-4.5	orig=-3.6R|orig.time=9:00PM|orig.date=1859-11-17
1859	11	18	4	58	0	-7.2	orig=-5.8R|orig.time=7:00AM|orig.date=1859-11-18
1859	11	18	9	58	0	-2.1	orig=-1.7R|orig.time=Noon|orig.date=1859-11-18
1859	11	18	11	58	0	0.4	orig=0.3R|orig.time=2:00PM|orig.date=1859-11-18
1859	11	18	18	58	0	-3.8	orig=-3R|orig.time=9:00PM|orig.date=1859-11-18
1859	11	19	4	58	0	-8.8	orig=-7R|orig.time=7:00AM|orig.date=1859-11-19
1859	11	19	9	58	0	-3.2	orig=-2.6R|orig.time=Noon|orig.date=1859-11-19
1859	11	19	11	58	0	-0.9	orig=-0.7R|orig.time=2:00PM|orig.date=1859-11-19
1859	11	19	18	58	0	-3.5	orig=-2.8R|orig.time=9:00PM|orig.date=1859-11-19
1859	11	20	4	58	0	-8.1	orig=-6.5R|orig.time=7:00AM|orig.date=1859-11-20
1859	11	20	9	58	0	-3.5	orig=-2.8R|orig.time=Noon|orig.date=1859-11-20
1859	11	20	11	58	0	-2.8	orig=-2.2R|orig.time=2:00PM|orig.date=1859-11-20
1859	11	20	18	58	0	-6.9	orig=-5.5R|orig.time=9:00PM|orig.date=1859-11-20
1859	11	21	4	58	0	-7.8	orig=-6.2R|orig.time=7:00AM|orig.date=1859-11-21
1859	11	21	9	58	0	-5	orig=-4R|orig.time=Noon|orig.date=1859-11-21
1859	11	21	11	58	0	-4.2	orig=-3.4R|orig.time=2:00PM|orig.date=1859-11-21
1859	11	21	18	58	0	-6.2	orig=-5R|orig.time=9:00PM|orig.date=1859-11-21
1859	11	22	4	58	0	-8.2	orig=-6.6R|orig.time=7:00AM|orig.date=1859-11-22
1859	11	22	9	58	0	-3.5	orig=-2.8R|orig.time=Noon|orig.date=1859-11-22
1859	11	22	11	58	0	-0.6	orig=-0.5R|orig.time=2:00PM|orig.date=1859-11-22
1859	11	22	18	58	0	-3.8	orig=-3R|orig.time=9:00PM|orig.date=1859-11-22
1859	11	23	4	58	0	-6.6	orig=-5.3R|orig.time=7:00AM|orig.date=1859-11-23
1859	11	23	9	58	0	1.2	orig=1R|orig.time=Noon|orig.date=1859-11-23
1859	11	23	11	58	0	2.5	orig=2R|orig.time=2:00PM|orig.date=1859-11-23
1859	11	23	18	58	0	-3.4	orig=-2.7R|orig.time=9:00PM|orig.date=1859-11-23
1859	11	24	4	58	0	-5.8	orig=-4.6R|orig.time=7:00AM|orig.date=1859-11-24
1859	11	24	9	58	0	-0.2	orig=-0.2R|orig.time=Noon|orig.date=1859-11-24
1859	11	24	11	58	0	1.4	orig=1.1R|orig.time=2:00PM|orig.date=1859-11-24
1859	11	24	18	58	0	-1.8	orig=-1.4R|orig.time=9:00PM|orig.date=1859-11-24
1859	11	25	4	58	0	-2.2	orig=-1.8R|orig.time=7:00AM|orig.date=1859-11-25
1859	11	25	9	58	0	-0.9	orig=-0.7R|orig.time=Noon|orig.date=1859-11-25
1859	11	25	11	58	0	-0.6	orig=-0.5R|orig.time=2:00PM|orig.date=1859-11-25
1859	11	25	18	58	0	-0.1	orig=-0.1R|orig.time=9:00PM|orig.date=1859-11-25
1859	11	26	4	58	0	-4.1	orig=-3.3R|orig.time=7:00AM|orig.date=1859-11-26
1859	11	26	9	58	0	-3.9	orig=-3.1R|orig.time=Noon|orig.date=1859-11-26
1859	11	26	11	58	0	-3.4	orig=-2.7R|orig.time=2:00PM|orig.date=1859-11-26
1859	11	26	18	58	0	-6.2	orig=-5R|orig.time=9:00PM|orig.date=1859-11-26
1859	11	27	4	58	0	-10.6	orig=-8.5R|orig.time=7:00AM|orig.date=1859-11-27
1859	11	27	9	58	0	-5.8	orig=-4.6R|orig.time=Noon|orig.date=1859-11-27
1859	11	27	11	58	0	-3.6	orig=-2.9R|orig.time=2:00PM|orig.date=1859-11-27
1859	11	27	18	58	0	-7.9	orig=-6.3R|orig.time=9:00PM|orig.date=1859-11-27
1859	11	28	4	58	0	-9	orig=-7.2R|orig.time=7:00AM|orig.date=1859-11-28
1859	11	28	9	58	0	-1.8	orig=-1.4R|orig.time=Noon|orig.date=1859-11-28
1859	11	28	11	58	0	-0.9	orig=-0.7R|orig.time=2:00PM|orig.date=1859-11-28
1859	11	28	18	58	0	-2.5	orig=-2R|orig.time=9:00PM|orig.date=1859-11-28
1859	11	29	4	58	0	-0.4	orig=-0.3R|orig.time=7:00AM|orig.date=1859-11-29
1859	11	29	9	58	0	3.1	orig=2.5R|orig.time=Noon|orig.date=1859-11-29
1859	11	29	11	58	0	4	orig=3.2R|orig.time=2:00PM|orig.date=1859-11-29
1859	11	29	18	58	0	1.5	orig=1.2R|orig.time=9:00PM|orig.date=1859-11-29
1859	11	30	4	58	0	0.4	orig=0.3R|orig.time=7:00AM|orig.date=1859-11-30
1859	11	30	9	58	0	0.8	orig=0.6R|orig.time=Noon|orig.date=1859-11-30
1859	11	30	11	58	0	0.8	orig=0.6R|orig.time=2:00PM|orig.date=1859-11-30
1859	11	30	18	58	0	-1.9	orig=-1.5R|orig.time=9:00PM|orig.date=1859-11-30
1859	12	1	4	58	0	-0.5	orig=-0.4R|orig.time=7:00AM|orig.date=1859-12-01
1859	12	1	9	58	0	0.8	orig=0.6R|orig.time=Noon|orig.date=1859-12-01
1859	12	1	11	58	0	0.5	orig=0.4R|orig.time=2:00PM|orig.date=1859-12-01
1859	12	1	18	58	0	0.2	orig=0.2R|orig.time=9:00PM|orig.date=1859-12-01
1859	12	2	4	58	0	1.1	orig=0.9R|orig.time=7:00AM|orig.date=1859-12-02
1859	12	2	9	58	0	1.2	orig=1R|orig.time=Noon|orig.date=1859-12-02
1859	12	2	11	58	0	1	orig=0.8R|orig.time=2:00PM|orig.date=1859-12-02
1859	12	2	18	58	0	-0.5	orig=-0.4R|orig.time=9:00PM|orig.date=1859-12-02
1859	12	3	4	58	0	-3.6	orig=-2.9R|orig.time=7:00AM|orig.date=1859-12-03
1859	12	3	9	58	0	-3.2	orig=-2.6R|orig.time=Noon|orig.date=1859-12-03
1859	12	3	11	58	0	-3.5	orig=-2.8R|orig.time=2:00PM|orig.date=1859-12-03
1859	12	3	18	58	0	-5.8	orig=-4.6R|orig.time=9:00PM|orig.date=1859-12-03
1859	12	4	4	58	0	-8.5	orig=-6.8R|orig.time=7:00AM|orig.date=1859-12-04
1859	12	4	9	58	0	-9.4	orig=-7.5R|orig.time=Noon|orig.date=1859-12-04
1859	12	4	11	58	0	-8.4	orig=-6.7R|orig.time=2:00PM|orig.date=1859-12-04
1859	12	4	18	58	0	-10.8	orig=-8.6R|orig.time=9:00PM|orig.date=1859-12-04
1859	12	5	4	58	0	-12.8	orig=-10.2R|orig.time=7:00AM|orig.date=1859-12-05
1859	12	5	9	58	0	-11.5	orig=-9.2R|orig.time=Noon|orig.date=1859-12-05
1859	12	5	11	58	0	-10.4	orig=-8.3R|orig.time=2:00PM|orig.date=1859-12-05
1859	12	5	18	58	0	-11.8	orig=-9.4R|orig.time=9:00PM|orig.date=1859-12-05
1859	12	6	4	58	0	-13	orig=-10.4R|orig.time=7:00AM|orig.date=1859-12-06
1859	12	6	9	58	0	-10.9	orig=-8.7R|orig.time=Noon|orig.date=1859-12-06
1859	12	6	11	58	0	-9.6	orig=-7.7R|orig.time=2:00PM|orig.date=1859-12-06
1859	12	6	18	58	0	-11.6	orig=-9.3R|orig.time=9:00PM|orig.date=1859-12-06
1859	12	7	4	58	0	-12.9	orig=-10.3R|orig.time=7:00AM|orig.date=1859-12-07
1859	12	7	9	58	0	-9	orig=-7.2R|orig.time=Noon|orig.date=1859-12-07
1859	12	7	11	58	0	-8.2	orig=-6.6R|orig.time=2:00PM|orig.date=1859-12-07
1859	12	7	18	58	0	-6.8	orig=-5.4R|orig.time=9:00PM|orig.date=1859-12-07
1859	12	8	4	58	0	-5.5	orig=-4.4R|orig.time=7:00AM|orig.date=1859-12-08
1859	12	8	9	58	0	-2.5	orig=-2R|orig.time=Noon|orig.date=1859-12-08
1859	12	8	11	58	0	-2.5	orig=-2R|orig.time=2:00PM|orig.date=1859-12-08
1859	12	8	18	58	0	-4.2	orig=-3.4R|orig.time=9:00PM|orig.date=1859-12-08
1859	12	9	4	58	0	-5.2	orig=-4.2R|orig.time=7:00AM|orig.date=1859-12-09
1859	12	9	9	58	0	-5.9	orig=-4.7R|orig.time=Noon|orig.date=1859-12-09
1859	12	9	11	58	0	-5.9	orig=-4.7R|orig.time=2:00PM|orig.date=1859-12-09
1859	12	9	18	58	0	-7.2	orig=-5.8R|orig.time=9:00PM|orig.date=1859-12-09
1859	12	10	4	58	0	-9.2	orig=-7.4R|orig.time=7:00AM|orig.date=1859-12-10
1859	12	10	9	58	0	-7.9	orig=-6.3R|orig.time=Noon|orig.date=1859-12-10
1859	12	10	11	58	0	-7.8	orig=-6.2R|orig.time=2:00PM|orig.date=1859-12-10
1859	12	10	18	58	0	-8.5	orig=-6.8R|orig.time=9:00PM|orig.date=1859-12-10
1859	12	11	4	58	0	-12.8	orig=-10.2R|orig.time=7:00AM|orig.date=1859-12-11
1859	12	11	9	58	0	-9.4	orig=-7.5R|orig.time=Noon|orig.date=1859-12-11
1859	12	11	11	58	0	-8.4	orig=-6.7R|orig.time=2:00PM|orig.date=1859-12-11
1859	12	11	18	58	0	-10	orig=-8R|orig.time=9:00PM|orig.date=1859-12-11
1859	12	12	4	58	0	-7	orig=-5.6R|orig.time=7:00AM|orig.date=1859-12-12
1859	12	12	9	58	0	-4.9	orig=-3.9R|orig.time=Noon|orig.date=1859-12-12
1859	12	12	11	58	0	-5.2	orig=-4.2R|orig.time=2:00PM|orig.date=1859-12-12
1859	12	12	18	58	0	-6.2	orig=-5R|orig.time=9:00PM|orig.date=1859-12-12
1859	12	13	4	58	0	-7.8	orig=-6.2R|orig.time=7:00AM|orig.date=1859-12-13
1859	12	13	9	58	0	-8.1	orig=-6.5R|orig.time=Noon|orig.date=1859-12-13
1859	12	13	11	58	0	-8.1	orig=-6.5R|orig.time=2:00PM|orig.date=1859-12-13
1859	12	13	18	58	0	-8.8	orig=-7R|orig.time=9:00PM|orig.date=1859-12-13
1859	12	14	4	58	0	-8.9	orig=-7.1R|orig.time=7:00AM|orig.date=1859-12-14
1859	12	14	9	58	0	-7	orig=-5.6R|orig.time=Noon|orig.date=1859-12-14
1859	12	14	11	58	0	-7.5	orig=-6R|orig.time=2:00PM|orig.date=1859-12-14
1859	12	14	18	58	0	-6.8	orig=-5.4R|orig.time=9:00PM|orig.date=1859-12-14
1859	12	15	4	58	0	-0.5	orig=-0.4R|orig.time=7:00AM|orig.date=1859-12-15
1859	12	15	9	58	0	0.1	orig=0.1R|orig.time=Noon|orig.date=1859-12-15
1859	12	15	11	58	0	0.5	orig=0.4R|orig.time=2:00PM|orig.date=1859-12-15
1859	12	15	18	58	0	0.5	orig=0.4R|orig.time=9:00PM|orig.date=1859-12-15
1859	12	16	4	58	0	-6.5	orig=-5.2R|orig.time=7:00AM|orig.date=1859-12-16
1859	12	16	9	58	0	-5.8	orig=-4.6R|orig.time=Noon|orig.date=1859-12-16
1859	12	16	11	58	0	-5.2	orig=-4.2R|orig.time=2:00PM|orig.date=1859-12-16
1859	12	16	18	58	0	-6	orig=-4.8R|orig.time=9:00PM|orig.date=1859-12-16
1859	12	17	4	58	0	2.5	orig=2R|orig.time=7:00AM|orig.date=1859-12-17
1859	12	17	9	58	0	4.1	orig=3.3R|orig.time=Noon|orig.date=1859-12-17
1859	12	17	11	58	0	4.2	orig=3.4R|orig.time=2:00PM|orig.date=1859-12-17
1859	12	17	18	58	0	2.6	orig=2.1R|orig.time=9:00PM|orig.date=1859-12-17
1859	12	18	4	58	0	1.6	orig=1.3R|orig.time=7:00AM|orig.date=1859-12-18
1859	12	18	9	58	0	1.4	orig=1.1R|orig.time=Noon|orig.date=1859-12-18
1859	12	18	11	58	0	0.2	orig=0.2R|orig.time=2:00PM|orig.date=1859-12-18
1859	12	18	18	58	0	-5	orig=-4R|orig.time=9:00PM|orig.date=1859-12-18
1859	12	19	4	58	0	-5.8	orig=-4.6R|orig.time=7:00AM|orig.date=1859-12-19
1859	12	19	9	58	0	-2.5	orig=-2R|orig.time=Noon|orig.date=1859-12-19
1859	12	19	11	58	0	-1.5	orig=-1.2R|orig.time=2:00PM|orig.date=1859-12-19
1859	12	19	18	58	0	-2	orig=-1.6R|orig.time=9:00PM|orig.date=1859-12-19
1859	12	20	4	58	0	0.2	orig=0.2R|orig.time=7:00AM|orig.date=1859-12-20
1859	12	20	9	58	0	1.6	orig=1.3R|orig.time=Noon|orig.date=1859-12-20
1859	12	20	11	58	0	2.2	orig=1.8R|orig.time=2:00PM|orig.date=1859-12-20
1859	12	20	18	58	0	3.9	orig=3.1R|orig.time=9:00PM|orig.date=1859-12-20
1859	12	21	4	58	0	5.5	orig=4.4R|orig.time=7:00AM|orig.date=1859-12-21
1859	12	21	9	58	0	-2.6	orig=-2.1R|orig.time=Noon|orig.date=1859-12-21
1859	12	21	11	58	0	-2.9	orig=-2.3R|orig.time=2:00PM|orig.date=1859-12-21
1859	12	21	18	58	0	-3	orig=-2.4R|orig.time=9:00PM|orig.date=1859-12-21
1859	12	22	4	58	0	-4.4	orig=-3.5R|orig.time=7:00AM|orig.date=1859-12-22
1859	12	22	9	58	0	-3.5	orig=-2.8R|orig.time=Noon|orig.date=1859-12-22
1859	12	22	11	58	0	-3.5	orig=-2.8R|orig.time=2:00PM|orig.date=1859-12-22
1859	12	22	18	58	0	-5.5	orig=-4.4R|orig.time=9:00PM|orig.date=1859-12-22
1859	12	23	4	58	0	-6.5	orig=-5.2R|orig.time=7:00AM|orig.date=1859-12-23
1859	12	23	9	58	0	-4.8	orig=-3.8R|orig.time=Noon|orig.date=1859-12-23
1859	12	23	11	58	0	-5	orig=-4R|orig.time=2:00PM|orig.date=1859-12-23
1859	12	23	18	58	0	-5.9	orig=-4.7R|orig.time=9:00PM|orig.date=1859-12-23
1859	12	24	4	58	0	-4.5	orig=-3.6R|orig.time=7:00AM|orig.date=1859-12-24
1859	12	24	9	58	0	-2	orig=-1.6R|orig.time=Noon|orig.date=1859-12-24
1859	12	24	11	58	0	-1.5	orig=-1.2R|orig.time=2:00PM|orig.date=1859-12-24
1859	12	24	18	58	0	-3	orig=-2.4R|orig.time=9:00PM|orig.date=1859-12-24
1859	12	25	4	58	0	-4.2	orig=-3.4R|orig.time=7:00AM|orig.date=1859-12-25
1859	12	25	9	58	0	-1.2	orig=-1R|orig.time=Noon|orig.date=1859-12-25
1859	12	25	11	58	0	-1.2	orig=-1R|orig.time=2:00PM|orig.date=1859-12-25
1859	12	25	18	58	0	-4.1	orig=-3.3R|orig.time=9:00PM|orig.date=1859-12-25
1859	12	26	4	58	0	-7.8	orig=-6.2R|orig.time=7:00AM|orig.date=1859-12-26
1859	12	26	9	58	0	-2.8	orig=-2.2R|orig.time=Noon|orig.date=1859-12-26
1859	12	26	11	58	0	-2	orig=-1.6R|orig.time=2:00PM|orig.date=1859-12-26
1859	12	26	18	58	0	1.2	orig=1R|orig.time=9:00PM|orig.date=1859-12-26
1859	12	27	4	58	0	1.1	orig=0.9R|orig.time=7:00AM|orig.date=1859-12-27
1859	12	27	9	58	0	2.5	orig=2R|orig.time=Noon|orig.date=1859-12-27
1859	12	27	11	58	0	2.8	orig=2.2R|orig.time=2:00PM|orig.date=1859-12-27
1859	12	27	18	58	0	0.4	orig=0.3R|orig.time=9:00PM|orig.date=1859-12-27
1859	12	28	4	58	0	0.2	orig=0.2R|orig.time=7:00AM|orig.date=1859-12-28
1859	12	28	9	58	0	0	orig=0R|orig.time=Noon|orig.date=1859-12-28
1859	12	28	11	58	0	0.2	orig=0.2R|orig.time=2:00PM|orig.date=1859-12-28
1859	12	28	18	58	0	0.5	orig=0.4R|orig.time=9:00PM|orig.date=1859-12-28
1859	12	29	4	58	0	0	orig=0R|orig.time=7:00AM|orig.date=1859-12-29
1859	12	29	9	58	0	-0.2	orig=-0.2R|orig.time=Noon|orig.date=1859-12-29
1859	12	29	11	58	0	-0.2	orig=-0.2R|orig.time=2:00PM|orig.date=1859-12-29
1859	12	29	18	58	0	-0.5	orig=-0.4R|orig.time=9:00PM|orig.date=1859-12-29
1859	12	30	4	58	0	-0.5	orig=-0.4R|orig.time=7:00AM|orig.date=1859-12-30
1859	12	30	9	58	0	0	orig=0R|orig.time=Noon|orig.date=1859-12-30
1859	12	30	11	58	0	-0.2	orig=-0.2R|orig.time=2:00PM|orig.date=1859-12-30
1859	12	30	18	58	0	-1.1	orig=-0.9R|orig.time=9:00PM|orig.date=1859-12-30
1859	12	31	4	58	0	-1.2	orig=-1R|orig.time=7:00AM|orig.date=1859-12-31
1859	12	31	9	58	0	0.5	orig=0.4R|orig.time=Noon|orig.date=1859-12-31
1859	12	31	11	58	0	0.4	orig=0.3R|orig.time=2:00PM|orig.date=1859-12-31
1859	12	31	18	58	0	0.2	orig=0.2R|orig.time=9:00PM|orig.date=1859-12-31
1860	1	1	4	58	0	1	orig=0.8R|orig.time=7:00AM|orig.date=1860-01-01
1860	1	1	9	58	0	1.9	orig=1.5R|orig.time=Noon|orig.date=1860-01-01
1860	1	1	11	58	0	2	orig=1.6R|orig.time=2:00PM|orig.date=1860-01-01
1860	1	1	18	58	0	1.8	orig=1.4R|orig.time=9:00PM|orig.date=1860-01-01
1860	1	2	4	58	0	0.9	orig=0.7R|orig.time=7:00AM|orig.date=1860-01-02
1860	1	2	9	58	0	1.8	orig=1.4R|orig.time=Noon|orig.date=1860-01-02
1860	1	2	11	58	0	1.5	orig=1.2R|orig.time=2:00PM|orig.date=1860-01-02
1860	1	2	18	58	0	2	orig=1.6R|orig.time=9:00PM|orig.date=1860-01-02
1860	1	3	4	58	0	0.1	orig=0.1R|orig.time=7:00AM|orig.date=1860-01-03
1860	1	3	9	58	0	1.5	orig=1.2R|orig.time=Noon|orig.date=1860-01-03
1860	1	3	11	58	0	2.8	orig=2.2R|orig.time=2:00PM|orig.date=1860-01-03
1860	1	3	18	58	0	2.2	orig=1.8R|orig.time=9:00PM|orig.date=1860-01-03
1860	1	4	4	58	0	1	orig=0.8R|orig.time=7:00AM|orig.date=1860-01-04
1860	1	4	9	58	0	1.5	orig=1.2R|orig.time=Noon|orig.date=1860-01-04
1860	1	4	11	58	0	2.2	orig=1.8R|orig.time=2:00PM|orig.date=1860-01-04
1860	1	4	18	58	0	2.6	orig=2.1R|orig.time=9:00PM|orig.date=1860-01-04
1860	1	5	4	58	0	2.6	orig=2.1R|orig.time=7:00AM|orig.date=1860-01-05
1860	1	5	9	58	0	3	orig=2.4R|orig.time=Noon|orig.date=1860-01-05
1860	1	5	11	58	0	2.8	orig=2.2R|orig.time=2:00PM|orig.date=1860-01-05
1860	1	5	18	58	0	2.8	orig=2.2R|orig.time=9:00PM|orig.date=1860-01-05
1860	1	6	4	58	0	0.8	orig=0.6R|orig.time=7:00AM|orig.date=1860-01-06
1860	1	6	9	58	0	2.1	orig=1.7R|orig.time=Noon|orig.date=1860-01-06
1860	1	6	11	58	0	3.6	orig=2.9R|orig.time=2:00PM|orig.date=1860-01-06
1860	1	6	18	58	0	1.4	orig=1.1R|orig.time=9:00PM|orig.date=1860-01-06
1860	1	7	4	58	0	2.5	orig=2R|orig.time=7:00AM|orig.date=1860-01-07
1860	1	7	9	58	0	2.2	orig=1.8R|orig.time=Noon|orig.date=1860-01-07
1860	1	7	11	58	0	3	orig=2.4R|orig.time=2:00PM|orig.date=1860-01-07
1860	1	7	18	58	0	2	orig=1.6R|orig.time=9:00PM|orig.date=1860-01-07
1860	1	8	4	58	0	-0.4	orig=-0.3R|orig.time=7:00AM|orig.date=1860-01-08
1860	1	8	9	58	0	1.2	orig=1R|orig.time=Noon|orig.date=1860-01-08
1860	1	8	11	58	0	1	orig=0.8R|orig.time=2:00PM|orig.date=1860-01-08
1860	1	8	18	58	0	0	orig=0R|orig.time=9:00PM|orig.date=1860-01-08
1860	1	9	4	58	0	-0.8	orig=-0.6R|orig.time=7:00AM|orig.date=1860-01-09
1860	1	9	9	58	0	0	orig=0R|orig.time=Noon|orig.date=1860-01-09
1860	1	9	11	58	0	0	orig=0R|orig.time=2:00PM|orig.date=1860-01-09
1860	1	9	18	58	0	-1.5	orig=-1.2R|orig.time=9:00PM|orig.date=1860-01-09
1860	1	10	4	58	0	-6	orig=-4.8R|orig.time=7:00AM|orig.date=1860-01-10
1860	1	10	9	58	0	-3	orig=-2.4R|orig.time=Noon|orig.date=1860-01-10
1860	1	10	11	58	0	-1.5	orig=-1.2R|orig.time=2:00PM|orig.date=1860-01-10
1860	1	10	18	58	0	-1.2	orig=-1R|orig.time=9:00PM|orig.date=1860-01-10
1860	1	11	4	58	0	-2.8	orig=-2.2R|orig.time=7:00AM|orig.date=1860-01-11
1860	1	11	9	58	0	-3.5	orig=-2.8R|orig.time=Noon|orig.date=1860-01-11
1860	1	11	11	58	0	-5	orig=-4R|orig.time=2:00PM|orig.date=1860-01-11
1860	1	11	18	58	0	-9.6	orig=-7.7R|orig.time=9:00PM|orig.date=1860-01-11
1860	1	12	4	58	0	-6.5	orig=-5.2R|orig.time=7:00AM|orig.date=1860-01-12
1860	1	12	9	58	0	-5.2	orig=-4.2R|orig.time=Noon|orig.date=1860-01-12
1860	1	12	11	58	0	-5	orig=-4R|orig.time=2:00PM|orig.date=1860-01-12
1860	1	12	18	58	0	-8.2	orig=-6.6R|orig.time=9:00PM|orig.date=1860-01-12
1860	1	13	4	58	0	-6.8	orig=-5.4R|orig.time=7:00AM|orig.date=1860-01-13
1860	1	13	9	58	0	-6.8	orig=-5.4R|orig.time=Noon|orig.date=1860-01-13
1860	1	13	11	58	0	-8.9	orig=-7.1R|orig.time=2:00PM|orig.date=1860-01-13
1860	1	13	18	58	0	-11	orig=-8.8R|orig.time=9:00PM|orig.date=1860-01-13
1860	1	14	4	58	0	-13.5	orig=-10.8R|orig.time=7:00AM|orig.date=1860-01-14
1860	1	14	9	58	0	-12	orig=-9.6R|orig.time=Noon|orig.date=1860-01-14
1860	1	14	11	58	0	-9.6	orig=-7.7R|orig.time=2:00PM|orig.date=1860-01-14
1860	1	14	18	58	0	-11.9	orig=-9.5R|orig.time=9:00PM|orig.date=1860-01-14
1860	1	15	4	58	0	-15	orig=-12R|orig.time=7:00AM|orig.date=1860-01-15
1860	1	15	9	58	0	-12.1	orig=-9.7R|orig.time=Noon|orig.date=1860-01-15
1860	1	15	11	58	0	-11	orig=-8.8R|orig.time=2:00PM|orig.date=1860-01-15
1860	1	15	18	58	0	-11	orig=-8.8R|orig.time=9:00PM|orig.date=1860-01-15
1860	1	16	4	58	0	-10.9	orig=-8.7R|orig.time=7:00AM|orig.date=1860-01-16
1860	1	16	9	58	0	-9.9	orig=-7.9R|orig.time=Noon|orig.date=1860-01-16
1860	1	16	11	58	0	-9.5	orig=-7.6R|orig.time=2:00PM|orig.date=1860-01-16
1860	1	16	18	58	0	-10.4	orig=-8.3R|orig.time=9:00PM|orig.date=1860-01-16
1860	1	17	4	58	0	-11.1	orig=-8.9R|orig.time=7:00AM|orig.date=1860-01-17
1860	1	17	9	58	0	-9.4	orig=-7.5R|orig.time=Noon|orig.date=1860-01-17
1860	1	17	11	58	0	-8.2	orig=-6.6R|orig.time=2:00PM|orig.date=1860-01-17
1860	1	17	18	58	0	-12.6	orig=-10.1R|orig.time=9:00PM|orig.date=1860-01-17
1860	1	18	4	58	0	-11.5	orig=-9.2R|orig.time=7:00AM|orig.date=1860-01-18
1860	1	18	9	58	0	-5.2	orig=-4.2R|orig.time=Noon|orig.date=1860-01-18
1860	1	18	11	58	0	-5.2	orig=-4.2R|orig.time=2:00PM|orig.date=1860-01-18
1860	1	18	18	58	0	-8.8	orig=-7R|orig.time=9:00PM|orig.date=1860-01-18
1860	1	19	4	58	0	-9.2	orig=-7.4R|orig.time=7:00AM|orig.date=1860-01-19
1860	1	19	9	58	0	-4.5	orig=-3.6R|orig.time=Noon|orig.date=1860-01-19
1860	1	19	11	58	0	-4.1	orig=-3.3R|orig.time=2:00PM|orig.date=1860-01-19
1860	1	19	18	58	0	-10.4	orig=-8.3R|orig.time=9:00PM|orig.date=1860-01-19
1860	1	20	4	58	0	-6	orig=-4.8R|orig.time=7:00AM|orig.date=1860-01-20
1860	1	20	9	58	0	-5.2	orig=-4.2R|orig.time=Noon|orig.date=1860-01-20
1860	1	20	11	58	0	-4.9	orig=-3.9R|orig.time=2:00PM|orig.date=1860-01-20
1860	1	20	18	58	0	-6.5	orig=-5.2R|orig.time=9:00PM|orig.date=1860-01-20
1860	1	21	4	58	0	-5.4	orig=-4.3R|orig.time=7:00AM|orig.date=1860-01-21
1860	1	21	9	58	0	-5.5	orig=-4.4R|orig.time=Noon|orig.date=1860-01-21
1860	1	21	11	58	0	-5.5	orig=-4.4R|orig.time=2:00PM|orig.date=1860-01-21
1860	1	21	18	58	0	-6.2	orig=-5R|orig.time=9:00PM|orig.date=1860-01-21
1860	1	22	4	58	0	-8	orig=-6.4R|orig.time=7:00AM|orig.date=1860-01-22
1860	1	22	9	58	0	-7.5	orig=-6R|orig.time=Noon|orig.date=1860-01-22
1860	1	22	11	58	0	-7.6	orig=-6.1R|orig.time=2:00PM|orig.date=1860-01-22
1860	1	22	18	58	0	-8.6	orig=-6.9R|orig.time=9:00PM|orig.date=1860-01-22
1860	1	23	4	58	0	-8.5	orig=-6.8R|orig.time=7:00AM|orig.date=1860-01-23
1860	1	23	9	58	0	-5.1	orig=-4.1R|orig.time=Noon|orig.date=1860-01-23
1860	1	23	11	58	0	-2.6	orig=-2.1R|orig.time=2:00PM|orig.date=1860-01-23
1860	1	23	18	58	0	-0.2	orig=-0.2R|orig.time=9:00PM|orig.date=1860-01-23
1860	1	24	4	58	0	-4	orig=-3.2R|orig.time=7:00AM|orig.date=1860-01-24
1860	1	24	9	58	0	-1.5	orig=-1.2R|orig.time=Noon|orig.date=1860-01-24
1860	1	24	11	58	0	-1.2	orig=-1R|orig.time=2:00PM|orig.date=1860-01-24
1860	1	24	18	58	0	-2.8	orig=-2.2R|orig.time=9:00PM|orig.date=1860-01-24
1860	1	25	4	58	0	-2.6	orig=-2.1R|orig.time=7:00AM|orig.date=1860-01-25
1860	1	25	9	58	0	-0.8	orig=-0.6R|orig.time=Noon|orig.date=1860-01-25
1860	1	25	11	58	0	-0.5	orig=-0.4R|orig.time=2:00PM|orig.date=1860-01-25
1860	1	25	18	58	0	0	orig=0R|orig.time=9:00PM|orig.date=1860-01-25
1860	1	26	4	58	0	0.4	orig=0.3R|orig.time=7:00AM|orig.date=1860-01-26
1860	1	26	9	58	0	1.9	orig=1.5R|orig.time=Noon|orig.date=1860-01-26
1860	1	26	11	58	0	2	orig=1.6R|orig.time=2:00PM|orig.date=1860-01-26
1860	1	26	18	58	0	1.5	orig=1.2R|orig.time=9:00PM|orig.date=1860-01-26
1860	1	27	4	58	0	1.5	orig=1.2R|orig.time=7:00AM|orig.date=1860-01-27
1860	1	27	9	58	0	2.5	orig=2R|orig.time=Noon|orig.date=1860-01-27
1860	1	27	11	58	0	3	orig=2.4R|orig.time=2:00PM|orig.date=1860-01-27
1860	1	27	18	58	0	2.2	orig=1.8R|orig.time=9:00PM|orig.date=1860-01-27
1860	1	28	4	58	0	0.8	orig=0.6R|orig.time=7:00AM|orig.date=1860-01-28
1860	1	28	9	58	0	0	orig=0R|orig.time=Noon|orig.date=1860-01-28
1860	1	28	11	58	0	-0.8	orig=-0.6R|orig.time=2:00PM|orig.date=1860-01-28
1860	1	28	18	58	0	-0.5	orig=-0.4R|orig.time=9:00PM|orig.date=1860-01-28
1860	1	29	4	58	0	-0.5	orig=-0.4R|orig.time=7:00AM|orig.date=1860-01-29
1860	1	29	9	58	0	-0.2	orig=-0.2R|orig.time=Noon|orig.date=1860-01-29
1860	1	29	11	58	0	0	orig=0R|orig.time=2:00PM|orig.date=1860-01-29
1860	1	29	18	58	0	-0.8	orig=-0.6R|orig.time=9:00PM|orig.date=1860-01-29
1860	1	30	4	58	0	-1.1	orig=-0.9R|orig.time=7:00AM|orig.date=1860-01-30
1860	1	30	9	58	0	0.5	orig=0.4R|orig.time=Noon|orig.date=1860-01-30
1860	1	30	11	58	0	1	orig=0.8R|orig.time=2:00PM|orig.date=1860-01-30
1860	1	30	18	58	0	-0.2	orig=-0.2R|orig.time=9:00PM|orig.date=1860-01-30
1860	1	31	4	58	0	-0.2	orig=-0.2R|orig.time=7:00AM|orig.date=1860-01-31
1860	1	31	9	58	0	0.9	orig=0.7R|orig.time=Noon|orig.date=1860-01-31
1860	1	31	11	58	0	0.6	orig=0.5R|orig.time=2:00PM|orig.date=1860-01-31
1860	1	31	18	58	0	0	orig=0R|orig.time=9:00PM|orig.date=1860-01-31
1860	2	1	4	58	0	0.2	orig=0.2R|orig.time=7:00AM|orig.date=1860-02-01
1860	2	1	9	58	0	0.9	orig=0.7R|orig.time=Noon|orig.date=1860-02-01
1860	2	1	11	58	0	1	orig=0.8R|orig.time=2:00PM|orig.date=1860-02-01
1860	2	1	18	58	0	0	orig=0R|orig.time=9:00PM|orig.date=1860-02-01
1860	2	2	4	58	0	-1	orig=-0.8R|orig.time=7:00AM|orig.date=1860-02-02
1860	2	2	9	58	0	-0.8	orig=-0.6R|orig.time=Noon|orig.date=1860-02-02
1860	2	2	11	58	0	-0.5	orig=-0.4R|orig.time=2:00PM|orig.date=1860-02-02
1860	2	2	18	58	0	-0.1	orig=-0.1R|orig.time=9:00PM|orig.date=1860-02-02
1860	2	3	4	58	0	-0.2	orig=-0.2R|orig.time=7:00AM|orig.date=1860-02-03
1860	2	3	9	58	0	0.4	orig=0.3R|orig.time=Noon|orig.date=1860-02-03
1860	2	3	11	58	0	-0.5	orig=-0.4R|orig.time=2:00PM|orig.date=1860-02-03
1860	2	3	18	58	0	-1	orig=-0.8R|orig.time=9:00PM|orig.date=1860-02-03
1860	2	4	4	58	0	-2	orig=-1.6R|orig.time=7:00AM|orig.date=1860-02-04
1860	2	4	9	58	0	0.1	orig=0.1R|orig.time=Noon|orig.date=1860-02-04
1860	2	4	11	58	0	0.1	orig=0.1R|orig.time=2:00PM|orig.date=1860-02-04
1860	2	4	18	58	0	-3.2	orig=-2.6R|orig.time=9:00PM|orig.date=1860-02-04
1860	2	5	4	58	0	-3	orig=-2.4R|orig.time=7:00AM|orig.date=1860-02-05
1860	2	5	9	58	0	-0.8	orig=-0.6R|orig.time=Noon|orig.date=1860-02-05
1860	2	5	11	58	0	-1.2	orig=-1R|orig.time=2:00PM|orig.date=1860-02-05
1860	2	5	18	58	0	-1.1	orig=-0.9R|orig.time=9:00PM|orig.date=1860-02-05
1860	2	6	4	58	0	-0.2	orig=-0.2R|orig.time=7:00AM|orig.date=1860-02-06
1860	2	6	9	58	0	1.5	orig=1.2R|orig.time=Noon|orig.date=1860-02-06
1860	2	6	11	58	0	1.2	orig=1R|orig.time=2:00PM|orig.date=1860-02-06
1860	2	6	18	58	0	0	orig=0R|orig.time=9:00PM|orig.date=1860-02-06
1860	2	7	4	58	0	-0.2	orig=-0.2R|orig.time=7:00AM|orig.date=1860-02-07
1860	2	7	9	58	0	1.5	orig=1.2R|orig.time=Noon|orig.date=1860-02-07
1860	2	7	11	58	0	1.2	orig=1R|orig.time=2:00PM|orig.date=1860-02-07
1860	2	7	18	58	0	-3.5	orig=-2.8R|orig.time=9:00PM|orig.date=1860-02-07
1860	2	8	4	58	0	-5	orig=-4R|orig.time=7:00AM|orig.date=1860-02-08
1860	2	8	9	58	0	-1.5	orig=-1.2R|orig.time=Noon|orig.date=1860-02-08
1860	2	8	11	58	0	-0.5	orig=-0.4R|orig.time=2:00PM|orig.date=1860-02-08
1860	2	8	18	58	0	-5	orig=-4R|orig.time=9:00PM|orig.date=1860-02-08
1860	2	9	4	58	0	-8	orig=-6.4R|orig.time=7:00AM|orig.date=1860-02-09
1860	2	9	9	58	0	-1.1	orig=-0.9R|orig.time=Noon|orig.date=1860-02-09
1860	2	9	11	58	0	-1.1	orig=-0.9R|orig.time=2:00PM|orig.date=1860-02-09
1860	2	9	18	58	0	0.2	orig=0.2R|orig.time=9:00PM|orig.date=1860-02-09
1860	2	10	4	58	0	-2	orig=-1.6R|orig.time=7:00AM|orig.date=1860-02-10
1860	2	10	9	58	0	-0.8	orig=-0.6R|orig.time=Noon|orig.date=1860-02-10
1860	2	10	11	58	0	-0.2	orig=-0.2R|orig.time=2:00PM|orig.date=1860-02-10
1860	2	10	18	58	0	-1.9	orig=-1.5R|orig.time=9:00PM|orig.date=1860-02-10
1860	2	11	4	58	0	-1	orig=-0.8R|orig.time=7:00AM|orig.date=1860-02-11
1860	2	11	9	58	0	3.5	orig=2.8R|orig.time=Noon|orig.date=1860-02-11
1860	2	11	11	58	0	2.8	orig=2.2R|orig.time=2:00PM|orig.date=1860-02-11
1860	2	11	18	58	0	0.2	orig=0.2R|orig.time=9:00PM|orig.date=1860-02-11
1860	2	12	4	58	0	0.1	orig=0.1R|orig.time=7:00AM|orig.date=1860-02-12
1860	2	12	9	58	0	1.2	orig=1R|orig.time=Noon|orig.date=1860-02-12
1860	2	12	11	58	0	3.1	orig=2.5R|orig.time=2:00PM|orig.date=1860-02-12
1860	2	12	18	58	0	2.5	orig=2R|orig.time=9:00PM|orig.date=1860-02-12
1860	2	13	4	58	0	2	orig=1.6R|orig.time=7:00AM|orig.date=1860-02-13
1860	2	13	9	58	0	1.8	orig=1.4R|orig.time=Noon|orig.date=1860-02-13
1860	2	13	11	58	0	1.2	orig=1R|orig.time=2:00PM|orig.date=1860-02-13
1860	2	13	18	58	0	0	orig=0R|orig.time=9:00PM|orig.date=1860-02-13
1860	2	14	4	58	0	0.1	orig=0.1R|orig.time=7:00AM|orig.date=1860-02-14
1860	2	14	9	58	0	1	orig=0.8R|orig.time=Noon|orig.date=1860-02-14
1860	2	14	11	58	0	0.8	orig=0.6R|orig.time=2:00PM|orig.date=1860-02-14
1860	2	14	18	58	0	-8	orig=-6.4R|orig.time=9:00PM|orig.date=1860-02-14
1860	2	15	4	58	0	-8.5	orig=-6.8R|orig.time=7:00AM|orig.date=1860-02-15
1860	2	15	9	58	0	-6.8	orig=-5.4R|orig.time=Noon|orig.date=1860-02-15
1860	2	15	11	58	0	-6	orig=-4.8R|orig.time=2:00PM|orig.date=1860-02-15
1860	2	15	18	58	0	-8.1	orig=-6.5R|orig.time=9:00PM|orig.date=1860-02-15
1860	2	16	4	58	0	-6.5	orig=-5.2R|orig.time=7:00AM|orig.date=1860-02-16
1860	2	16	9	58	0	-2.8	orig=-2.2R|orig.time=Noon|orig.date=1860-02-16
1860	2	16	11	58	0	-2.6	orig=-2.1R|orig.time=2:00PM|orig.date=1860-02-16
1860	2	16	18	58	0	-7	orig=-5.6R|orig.time=9:00PM|orig.date=1860-02-16
1860	2	17	4	58	0	-7	orig=-5.6R|orig.time=7:00AM|orig.date=1860-02-17
1860	2	17	9	58	0	-6.2	orig=-5R|orig.time=Noon|orig.date=1860-02-17
1860	2	17	11	58	0	-4.1	orig=-3.3R|orig.time=2:00PM|orig.date=1860-02-17
1860	2	17	18	58	0	-6	orig=-4.8R|orig.time=9:00PM|orig.date=1860-02-17
1860	2	18	4	58	0	-7.8	orig=-6.2R|orig.time=7:00AM|orig.date=1860-02-18
1860	2	18	9	58	0	-6.4	orig=-5.1R|orig.time=Noon|orig.date=1860-02-18
1860	2	18	11	58	0	-5.5	orig=-4.4R|orig.time=2:00PM|orig.date=1860-02-18
1860	2	18	18	58	0	-7.5	orig=-6R|orig.time=9:00PM|orig.date=1860-02-18
1860	2	19	4	58	0	-10.2	orig=-8.2R|orig.time=7:00AM|orig.date=1860-02-19
1860	2	19	9	58	0	-12.2	orig=-9.8R|orig.time=Noon|orig.date=1860-02-19
1860	2	19	11	58	0	-10.5	orig=-8.4R|orig.time=2:00PM|orig.date=1860-02-19
1860	2	19	18	58	0	-14.2	orig=-11.4R|orig.time=9:00PM|orig.date=1860-02-19
1860	2	20	4	58	0	-11.5	orig=-9.2R|orig.time=7:00AM|orig.date=1860-02-20
1860	2	20	9	58	0	-3.5	orig=-2.8R|orig.time=Noon|orig.date=1860-02-20
1860	2	20	11	58	0	-1.5	orig=-1.2R|orig.time=2:00PM|orig.date=1860-02-20
1860	2	20	18	58	0	-5.5	orig=-4.4R|orig.time=9:00PM|orig.date=1860-02-20
1860	2	21	4	58	0	-6.8	orig=-5.4R|orig.time=7:00AM|orig.date=1860-02-21
1860	2	21	9	58	0	-0.2	orig=-0.2R|orig.time=Noon|orig.date=1860-02-21
1860	2	21	11	58	0	3.5	orig=2.78R|orig.time=2:00PM|orig.date=1860-02-21
1860	2	21	18	58	0	-0.2	orig=-0.2R|orig.time=9:00PM|orig.date=1860-02-21
1860	2	22	4	58	0	-2.5	orig=-2R|orig.time=7:00AM|orig.date=1860-02-22
1860	2	22	9	58	0	0.8	orig=0.6R|orig.time=Noon|orig.date=1860-02-22
1860	2	22	11	58	0	1.2	orig=1R|orig.time=2:00PM|orig.date=1860-02-22
1860	2	22	18	58	0	-2.9	orig=-2.3R|orig.time=9:00PM|orig.date=1860-02-22
1860	2	23	4	58	0	-7.5	orig=-6R|orig.time=7:00AM|orig.date=1860-02-23
1860	2	23	9	58	0	-3.6	orig=-2.9R|orig.time=Noon|orig.date=1860-02-23
1860	2	23	11	58	0	-3.2	orig=-2.6R|orig.time=2:00PM|orig.date=1860-02-23
1860	2	23	18	58	0	-6.1	orig=-4.9R|orig.time=9:00PM|orig.date=1860-02-23
1860	2	24	4	58	0	-7.2	orig=-5.8R|orig.time=7:00AM|orig.date=1860-02-24
1860	2	24	9	58	0	-6.4	orig=-5.1R|orig.time=Noon|orig.date=1860-02-24
1860	2	24	11	58	0	-6.1	orig=-4.9R|orig.time=2:00PM|orig.date=1860-02-24
1860	2	24	18	58	0	-8.5	orig=-6.8R|orig.time=9:00PM|orig.date=1860-02-24
1860	2	25	4	58	0	-14.2	orig=-11.4R|orig.time=7:00AM|orig.date=1860-02-25
1860	2	25	9	58	0	-11.1	orig=-8.9R|orig.time=Noon|orig.date=1860-02-25
1860	2	25	11	58	0	-8.6	orig=-6.9R|orig.time=2:00PM|orig.date=1860-02-25
1860	2	25	18	58	0	-11.8	orig=-9.4R|orig.time=9:00PM|orig.date=1860-02-25
1860	2	26	4	58	0	-14.9	orig=-11.9R|orig.time=7:00AM|orig.date=1860-02-26
1860	2	26	9	58	0	-10.1	orig=-8.1R|orig.time=Noon|orig.date=1860-02-26
1860	2	26	11	58	0	-8.8	orig=-7R|orig.time=2:00PM|orig.date=1860-02-26
1860	2	26	18	58	0	-11.9	orig=-9.5R|orig.time=9:00PM|orig.date=1860-02-26
1860	2	27	4	58	0	-12.2	orig=-9.8R|orig.time=7:00AM|orig.date=1860-02-27
1860	2	27	9	58	0	-7.2	orig=-5.8R|orig.time=Noon|orig.date=1860-02-27
1860	2	27	11	58	0	-5.2	orig=-4.2R|orig.time=2:00PM|orig.date=1860-02-27
1860	2	27	18	58	0	-7.1	orig=-5.7R|orig.time=9:00PM|orig.date=1860-02-27
1860	2	28	4	58	0	-13.2	orig=-10.6R|orig.time=7:00AM|orig.date=1860-02-28
1860	2	28	9	58	0	-8	orig=-6.4R|orig.time=Noon|orig.date=1860-02-28
1860	2	28	11	58	0	-6.8	orig=-5.4R|orig.time=2:00PM|orig.date=1860-02-28
1860	2	28	18	58	0	-9.2	orig=-7.4R|orig.time=9:00PM|orig.date=1860-02-28
1860	2	29	4	58	0	-12	orig=-9.6R|orig.time=7:00AM|orig.date=1860-02-29
1860	2	29	9	58	0	-6.2	orig=-5R|orig.time=Noon|orig.date=1860-02-29
1860	2	29	11	58	0	-4	orig=-3.2R|orig.time=2:00PM|orig.date=1860-02-29
1860	2	29	18	58	0	-4.4	orig=-3.5R|orig.time=9:00PM|orig.date=1860-02-29
1860	3	1	4	58	0	-7.8	orig=-6.2R|orig.time=7:00AM|orig.date=1860-03-01
1860	3	1	9	58	0	-4	orig=-3.2R|orig.time=Noon|orig.date=1860-03-01
1860	3	1	11	58	0	-3.6	orig=-2.9R|orig.time=2:00PM|orig.date=1860-03-01
1860	3	1	18	58	0	-7.1	orig=-5.7R|orig.time=9:00PM|orig.date=1860-03-01
1860	3	2	4	58	0	-11.5	orig=-9.2R|orig.time=7:00AM|orig.date=1860-03-02
1860	3	2	9	58	0	-7.2	orig=-5.8R|orig.time=Noon|orig.date=1860-03-02
1860	3	2	11	58	0	-8.1	orig=-6.5R|orig.time=2:00PM|orig.date=1860-03-02
1860	3	2	18	58	0	-13.5	orig=-10.8R|orig.time=9:00PM|orig.date=1860-03-02
1860	3	3	4	58	0	-13.2	orig=-10.6R|orig.time=7:00AM|orig.date=1860-03-03
1860	3	3	9	58	0	-7.2	orig=-5.8R|orig.time=Noon|orig.date=1860-03-03
1860	3	3	11	58	0	-6.8	orig=-5.4R|orig.time=2:00PM|orig.date=1860-03-03
1860	3	3	18	58	0	-13.5	orig=-10.8R|orig.time=9:00PM|orig.date=1860-03-03
1860	3	4	4	58	0	-15.5	orig=-12.4R|orig.time=7:00AM|orig.date=1860-03-04
1860	3	4	9	58	0	-10.2	orig=-8.2R|orig.time=Noon|orig.date=1860-03-04
1860	3	4	11	58	0	-8.2	orig=-6.6R|orig.time=2:00PM|orig.date=1860-03-04
1860	3	4	18	58	0	-11.5	orig=-9.2R|orig.time=9:00PM|orig.date=1860-03-04
1860	3	5	4	58	0	-13.2	orig=-10.6R|orig.time=7:00AM|orig.date=1860-03-05
1860	3	5	9	58	0	-5.5	orig=-4.4R|orig.time=Noon|orig.date=1860-03-05
1860	3	5	11	58	0	-3.8	orig=-3R|orig.time=2:00PM|orig.date=1860-03-05
1860	3	5	18	58	0	-9.8	orig=-7.8R|orig.time=9:00PM|orig.date=1860-03-05
1860	3	6	4	58	0	-11.8	orig=-9.4R|orig.time=7:00AM|orig.date=1860-03-06
1860	3	6	9	58	0	-6.4	orig=-5.1R|orig.time=Noon|orig.date=1860-03-06
1860	3	6	11	58	0	-4	orig=-3.2R|orig.time=2:00PM|orig.date=1860-03-06
1860	3	6	18	58	0	-7.8	orig=-6.2R|orig.time=9:00PM|orig.date=1860-03-06
1860	3	7	4	58	0	-10.2	orig=-8.2R|orig.time=7:00AM|orig.date=1860-03-07
1860	3	7	9	58	0	-6.1	orig=-4.9R|orig.time=Noon|orig.date=1860-03-07
1860	3	7	11	58	0	-6.8	orig=-5.4R|orig.time=2:00PM|orig.date=1860-03-07
1860	3	7	18	58	0	-5.8	orig=-4.6R|orig.time=9:00PM|orig.date=1860-03-07
1860	3	8	4	58	0	-5.8	orig=-4.6R|orig.time=7:00AM|orig.date=1860-03-08
1860	3	8	9	58	0	-0.4	orig=-0.3R|orig.time=Noon|orig.date=1860-03-08
1860	3	8	11	58	0	0.2	orig=0.2R|orig.time=2:00PM|orig.date=1860-03-08
1860	3	8	18	58	0	-5	orig=-4R|orig.time=9:00PM|orig.date=1860-03-08
1860	3	9	4	58	0	-8.1	orig=-6.5R|orig.time=7:00AM|orig.date=1860-03-09
1860	3	9	9	58	0	-0.5	orig=-0.4R|orig.time=Noon|orig.date=1860-03-09
1860	3	9	11	58	0	0.2	orig=0.2R|orig.time=2:00PM|orig.date=1860-03-09
1860	3	9	18	58	0	-2.2	orig=-1.8R|orig.time=9:00PM|orig.date=1860-03-09
1860	3	10	4	58	0	-4.9	orig=-3.9R|orig.time=7:00AM|orig.date=1860-03-10
1860	3	10	9	58	0	-3.2	orig=-2.6R|orig.time=Noon|orig.date=1860-03-10
1860	3	10	11	58	0	-3.2	orig=-2.6R|orig.time=2:00PM|orig.date=1860-03-10
1860	3	10	18	58	0	-1.5	orig=-1.2R|orig.time=9:00PM|orig.date=1860-03-10
1860	3	11	4	58	0	-1.2	orig=-1R|orig.time=7:00AM|orig.date=1860-03-11
1860	3	11	9	58	0	0.4	orig=0.3R|orig.time=Noon|orig.date=1860-03-11
1860	3	11	11	58	0	1	orig=0.8R|orig.time=2:00PM|orig.date=1860-03-11
1860	3	11	18	58	0	-2.6	orig=-2.1R|orig.time=9:00PM|orig.date=1860-03-11
1860	3	12	4	58	0	-9.5	orig=-7.6R|orig.time=7:00AM|orig.date=1860-03-12
1860	3	12	9	58	0	-4.9	orig=-3.9R|orig.time=Noon|orig.date=1860-03-12
1860	3	12	11	58	0	-4	orig=-3.2R|orig.time=2:00PM|orig.date=1860-03-12
1860	3	12	18	58	0	-5.9	orig=-4.7R|orig.time=9:00PM|orig.date=1860-03-12
1860	3	13	4	58	0	-11.8	orig=-9.4R|orig.time=7:00AM|orig.date=1860-03-13
1860	3	13	9	58	0	-3	orig=-2.4R|orig.time=Noon|orig.date=1860-03-13
1860	3	13	11	58	0	-2	orig=-1.6R|orig.time=2:00PM|orig.date=1860-03-13
1860	3	13	18	58	0	-7.4	orig=-5.9R|orig.time=9:00PM|orig.date=1860-03-13
1860	3	14	4	58	0	-7.2	orig=-5.8R|orig.time=7:00AM|orig.date=1860-03-14
1860	3	14	9	58	0	-2	orig=-1.6R|orig.time=Noon|orig.date=1860-03-14
1860	3	14	11	58	0	-3.9	orig=-3.1R|orig.time=2:00PM|orig.date=1860-03-14
1860	3	14	18	58	0	-7.2	orig=-5.8R|orig.time=9:00PM|orig.date=1860-03-14
1860	3	15	4	58	0	-10.1	orig=-8.1R|orig.time=7:00AM|orig.date=1860-03-15
1860	3	15	9	58	0	-7.8	orig=-6.2R|orig.time=Noon|orig.date=1860-03-15
1860	3	15	11	58	0	-7.8	orig=-6.2R|orig.time=2:00PM|orig.date=1860-03-15
1860	3	15	18	58	0	-9.9	orig=-7.9R|orig.time=9:00PM|orig.date=1860-03-15
1860	3	16	4	58	0	-9.5	orig=-7.6R|orig.time=7:00AM|orig.date=1860-03-16
1860	3	16	9	58	0	-6.4	orig=-5.1R|orig.time=Noon|orig.date=1860-03-16
1860	3	16	11	58	0	-6.2	orig=-5R|orig.time=2:00PM|orig.date=1860-03-16
1860	3	16	18	58	0	-7.8	orig=-6.2R|orig.time=9:00PM|orig.date=1860-03-16
1860	3	17	4	58	0	-7.6	orig=-6.1R|orig.time=7:00AM|orig.date=1860-03-17
1860	3	17	9	58	0	-2.5	orig=-2R|orig.time=Noon|orig.date=1860-03-17
1860	3	17	11	58	0	0	orig=0R|orig.time=2:00PM|orig.date=1860-03-17
1860	3	17	18	58	0	-6.2	orig=-5R|orig.time=9:00PM|orig.date=1860-03-17
1860	3	18	4	58	0	-7.8	orig=-6.2R|orig.time=7:00AM|orig.date=1860-03-18
1860	3	18	9	58	0	-3.5	orig=-2.8R|orig.time=Noon|orig.date=1860-03-18
1860	3	18	11	58	0	-1.8	orig=-1.4R|orig.time=2:00PM|orig.date=1860-03-18
1860	3	18	18	58	0	-3	orig=-2.4R|orig.time=9:00PM|orig.date=1860-03-18
1860	3	19	4	58	0	-5.5	orig=-4.4R|orig.time=7:00AM|orig.date=1860-03-19
1860	3	19	9	58	0	-4	orig=-3.2R|orig.time=Noon|orig.date=1860-03-19
1860	3	19	11	58	0	-3.5	orig=-2.8R|orig.time=2:00PM|orig.date=1860-03-19
1860	3	19	18	58	0	-6.5	orig=-5.2R|orig.time=9:00PM|orig.date=1860-03-19
1860	3	20	4	58	0	-7.2	orig=-5.8R|orig.time=7:00AM|orig.date=1860-03-20
1860	3	20	9	58	0	-2.5	orig=-2R|orig.time=Noon|orig.date=1860-03-20
1860	3	20	11	58	0	-4	orig=-3.2R|orig.time=2:00PM|orig.date=1860-03-20
1860	3	20	18	58	0	-8.4	orig=-6.7R|orig.time=9:00PM|orig.date=1860-03-20
1860	3	21	4	58	0	-12.8	orig=-10.2R|orig.time=7:00AM|orig.date=1860-03-21
1860	3	21	9	58	0	-6.2	orig=-5R|orig.time=Noon|orig.date=1860-03-21
1860	3	21	11	58	0	-6.2	orig=-5R|orig.time=2:00PM|orig.date=1860-03-21
1860	3	21	18	58	0	-9.5	orig=-7.6R|orig.time=9:00PM|orig.date=1860-03-21
1860	3	22	4	58	0	-11	orig=-8.8R|orig.time=7:00AM|orig.date=1860-03-22
1860	3	22	9	58	0	-3.2	orig=-2.6R|orig.time=Noon|orig.date=1860-03-22
1860	3	22	11	58	0	-2.5	orig=-2R|orig.time=2:00PM|orig.date=1860-03-22
1860	3	22	18	58	0	-5	orig=-4R|orig.time=9:00PM|orig.date=1860-03-22
1860	3	23	4	58	0	-4.2	orig=-3.4R|orig.time=7:00AM|orig.date=1860-03-23
1860	3	23	9	58	0	-1.4	orig=-1.1R|orig.time=Noon|orig.date=1860-03-23
1860	3	23	11	58	0	-1.2	orig=-1R|orig.time=2:00PM|orig.date=1860-03-23
1860	3	23	18	58	0	-3.8	orig=-3R|orig.time=9:00PM|orig.date=1860-03-23
1860	3	24	4	58	0	-1.5	orig=-1.2R|orig.time=7:00AM|orig.date=1860-03-24
1860	3	24	9	58	0	2.5	orig=2R|orig.time=Noon|orig.date=1860-03-24
1860	3	24	11	58	0	2.2	orig=1.8R|orig.time=2:00PM|orig.date=1860-03-24
1860	3	24	18	58	0	-0.4	orig=-0.3R|orig.time=9:00PM|orig.date=1860-03-24
1860	3	25	4	58	0	-0.2	orig=-0.2R|orig.time=7:00AM|orig.date=1860-03-25
1860	3	25	9	58	0	3	orig=2.4R|orig.time=Noon|orig.date=1860-03-25
1860	3	25	11	58	0	2.5	orig=2R|orig.time=2:00PM|orig.date=1860-03-25
1860	3	25	18	58	0	1	orig=0.8R|orig.time=9:00PM|orig.date=1860-03-25
1860	3	26	4	58	0	2.4	orig=1.9R|orig.time=7:00AM|orig.date=1860-03-26
1860	3	26	9	58	0	3.6	orig=2.9R|orig.time=Noon|orig.date=1860-03-26
1860	3	26	11	58	0	5	orig=4R|orig.time=2:00PM|orig.date=1860-03-26
1860	3	26	18	58	0	-4.5	orig=-3.6R|orig.time=9:00PM|orig.date=1860-03-26
1860	3	27	4	58	0	3	orig=2.4R|orig.time=7:00AM|orig.date=1860-03-27
1860	3	27	9	58	0	0.8	orig=0.6R|orig.time=Noon|orig.date=1860-03-27
1860	3	27	11	58	0	0.5	orig=0.4R|orig.time=2:00PM|orig.date=1860-03-27
1860	3	27	18	58	0	0.2	orig=0.2R|orig.time=9:00PM|orig.date=1860-03-27
1860	3	28	4	58	0	1.5	orig=1.2R|orig.time=7:00AM|orig.date=1860-03-28
1860	3	28	9	58	0	5.8	orig=4.6R|orig.time=Noon|orig.date=1860-03-28
1860	3	28	11	58	0	5	orig=4R|orig.time=2:00PM|orig.date=1860-03-28
1860	3	28	18	58	0	1	orig=0.8R|orig.time=9:00PM|orig.date=1860-03-28
1860	3	29	4	58	0	1	orig=0.8R|orig.time=7:00AM|orig.date=1860-03-29
1860	3	29	9	58	0	3.8	orig=3R|orig.time=Noon|orig.date=1860-03-29
1860	3	29	11	58	0	6.2	orig=5R|orig.time=2:00PM|orig.date=1860-03-29
1860	3	29	18	58	0	0.5	orig=0.4R|orig.time=9:00PM|orig.date=1860-03-29
1860	3	30	4	58	0	-0.8	orig=-0.6R|orig.time=7:00AM|orig.date=1860-03-30
1860	3	30	9	58	0	5.5	orig=4.4R|orig.time=Noon|orig.date=1860-03-30
1860	3	30	11	58	0	5.1	orig=4.1R|orig.time=2:00PM|orig.date=1860-03-30
1860	3	30	18	58	0	0.8	orig=0.6R|orig.time=9:00PM|orig.date=1860-03-30
1860	3	31	4	58	0	2.5	orig=2R|orig.time=7:00AM|orig.date=1860-03-31
1860	3	31	9	58	0	2	orig=1.6R|orig.time=Noon|orig.date=1860-03-31
1860	3	31	11	58	0	4.8	orig=3.8R|orig.time=2:00PM|orig.date=1860-03-31
1860	3	31	18	58	0	1.2	orig=1R|orig.time=9:00PM|orig.date=1860-03-31
1860	4	1	4	58	0	0	orig=0R|orig.time=7:00AM|orig.date=1860-04-01
1860	4	1	9	58	0	4.4	orig=3.5R|orig.time=Noon|orig.date=1860-04-01
1860	4	1	11	58	0	4	orig=3.2R|orig.time=2:00PM|orig.date=1860-04-01
1860	4	1	18	58	0	2	orig=1.6R|orig.time=9:00PM|orig.date=1860-04-01
1860	4	2	4	58	0	2.5	orig=2R|orig.time=7:00AM|orig.date=1860-04-02
1860	4	2	9	58	0	6	orig=4.8R|orig.time=Noon|orig.date=1860-04-02
1860	4	2	11	58	0	8.5	orig=6.8R|orig.time=2:00PM|orig.date=1860-04-02
1860	4	2	18	58	0	7.1	orig=5.7R|orig.time=9:00PM|orig.date=1860-04-02
1860	4	3	4	58	0	6.2	orig=5R|orig.time=7:00AM|orig.date=1860-04-03
1860	4	3	9	58	0	9.9	orig=7.9R|orig.time=Noon|orig.date=1860-04-03
1860	4	3	11	58	0	11.9	orig=9.5R|orig.time=2:00PM|orig.date=1860-04-03
1860	4	3	18	58	0	5.4	orig=4.3R|orig.time=9:00PM|orig.date=1860-04-03
1860	4	4	4	58	0	3.8	orig=3R|orig.time=7:00AM|orig.date=1860-04-04
1860	4	4	9	58	0	13	orig=10.4R|orig.time=Noon|orig.date=1860-04-04
1860	4	4	11	58	0	14.8	orig=11.8R|orig.time=2:00PM|orig.date=1860-04-04
1860	4	4	18	58	0	6.1	orig=4.9R|orig.time=9:00PM|orig.date=1860-04-04
1860	4	5	4	58	0	3.1	orig=2.5R|orig.time=7:00AM|orig.date=1860-04-05
1860	4	5	9	58	0	7	orig=5.6R|orig.time=Noon|orig.date=1860-04-05
1860	4	5	11	58	0	7	orig=5.6R|orig.time=2:00PM|orig.date=1860-04-05
1860	4	5	18	58	0	0.8	orig=0.6R|orig.time=9:00PM|orig.date=1860-04-05
1860	4	6	4	58	0	1.9	orig=1.5R|orig.time=7:00AM|orig.date=1860-04-06
1860	4	6	9	58	0	9	orig=7.2R|orig.time=Noon|orig.date=1860-04-06
1860	4	6	11	58	0	11	orig=8.8R|orig.time=2:00PM|orig.date=1860-04-06
1860	4	6	18	58	0	2.9	orig=2.3R|orig.time=9:00PM|orig.date=1860-04-06
1860	4	7	4	58	0	-0.9	orig=-0.7R|orig.time=7:00AM|orig.date=1860-04-07
1860	4	7	9	58	0	3.8	orig=3R|orig.time=Noon|orig.date=1860-04-07
1860	4	7	11	58	0	5	orig=4R|orig.time=2:00PM|orig.date=1860-04-07
1860	4	7	18	58	0	3	orig=2.4R|orig.time=9:00PM|orig.date=1860-04-07
1860	4	8	4	58	0	2.5	orig=2R|orig.time=7:00AM|orig.date=1860-04-08
1860	4	8	9	58	0	8.1	orig=6.5R|orig.time=Noon|orig.date=1860-04-08
1860	4	8	11	58	0	10.4	orig=8.3R|orig.time=2:00PM|orig.date=1860-04-08
1860	4	8	18	58	0	5.5	orig=4.4R|orig.time=9:00PM|orig.date=1860-04-08
1860	4	9	4	58	0	5	orig=4R|orig.time=7:00AM|orig.date=1860-04-09
1860	4	9	9	58	0	10.8	orig=8.6R|orig.time=Noon|orig.date=1860-04-09
1860	4	9	11	58	0	10.4	orig=8.3R|orig.time=2:00PM|orig.date=1860-04-09
1860	4	9	18	58	0	6.8	orig=5.4R|orig.time=9:00PM|orig.date=1860-04-09
1860	4	10	4	58	0	2.9	orig=2.3R|orig.time=7:00AM|orig.date=1860-04-10
1860	4	10	9	58	0	10.2	orig=8.2R|orig.time=Noon|orig.date=1860-04-10
1860	4	10	11	58	0	11.9	orig=9.5R|orig.time=2:00PM|orig.date=1860-04-10
1860	4	10	18	58	0	7.1	orig=5.7R|orig.time=9:00PM|orig.date=1860-04-10
1860	4	11	4	58	0	5	orig=4R|orig.time=7:00AM|orig.date=1860-04-11
1860	4	11	9	58	0	13.1	orig=10.5R|orig.time=Noon|orig.date=1860-04-11
1860	4	11	11	58	0	14.4	orig=11.5R|orig.time=2:00PM|orig.date=1860-04-11
1860	4	11	18	58	0	8.1	orig=6.5R|orig.time=9:00PM|orig.date=1860-04-11
1860	4	12	4	58	0	5	orig=4R|orig.time=7:00AM|orig.date=1860-04-12
1860	4	12	9	58	0	12.5	orig=10R|orig.time=Noon|orig.date=1860-04-12
1860	4	12	11	58	0	13.8	orig=11R|orig.time=2:00PM|orig.date=1860-04-12
1860	4	12	18	58	0	9	orig=7.2R|orig.time=9:00PM|orig.date=1860-04-12
1860	4	13	4	58	0	4.2	orig=3.4R|orig.time=7:00AM|orig.date=1860-04-13
1860	4	13	9	58	0	9.5	orig=7.6R|orig.time=Noon|orig.date=1860-04-13
1860	4	13	11	58	0	11	orig=8.8R|orig.time=2:00PM|orig.date=1860-04-13
1860	4	13	18	58	0	7.8	orig=6.2R|orig.time=9:00PM|orig.date=1860-04-13
1860	4	14	4	58	0	4	orig=3.2R|orig.time=7:00AM|orig.date=1860-04-14
1860	4	14	9	58	0	10	orig=8R|orig.time=Noon|orig.date=1860-04-14
1860	4	14	11	58	0	9.8	orig=7.8R|orig.time=2:00PM|orig.date=1860-04-14
1860	4	14	18	58	0	2.5	orig=2R|orig.time=9:00PM|orig.date=1860-04-14
1860	4	15	4	58	0	0.2	orig=0.2R|orig.time=7:00AM|orig.date=1860-04-15
1860	4	15	9	58	0	4.5	orig=3.6R|orig.time=Noon|orig.date=1860-04-15
1860	4	15	11	58	0	5.1	orig=4.1R|orig.time=2:00PM|orig.date=1860-04-15
1860	4	15	18	58	0	2	orig=1.6R|orig.time=9:00PM|orig.date=1860-04-15
1860	4	16	4	58	0	0	orig=0R|orig.time=7:00AM|orig.date=1860-04-16
1860	4	16	9	58	0	6.5	orig=5.2R|orig.time=Noon|orig.date=1860-04-16
1860	4	16	11	58	0	7.8	orig=6.2R|orig.time=2:00PM|orig.date=1860-04-16
1860	4	16	18	58	0	5.4	orig=4.3R|orig.time=9:00PM|orig.date=1860-04-16
1860	4	17	4	58	0	5.1	orig=4.1R|orig.time=7:00AM|orig.date=1860-04-17
1860	4	17	9	58	0	10.2	orig=8.2R|orig.time=Noon|orig.date=1860-04-17
1860	4	17	11	58	0	11.2	orig=9R|orig.time=2:00PM|orig.date=1860-04-17
1860	4	17	18	58	0	9	orig=7.2R|orig.time=9:00PM|orig.date=1860-04-17
1860	4	18	4	58	0	4.1	orig=3.3R|orig.time=7:00AM|orig.date=1860-04-18
1860	4	18	9	58	0	11.8	orig=9.4R|orig.time=Noon|orig.date=1860-04-18
1860	4	18	11	58	0	12.2	orig=9.8R|orig.time=2:00PM|orig.date=1860-04-18
1860	4	18	18	58	0	7.8	orig=6.2R|orig.time=9:00PM|orig.date=1860-04-18
1860	4	19	4	58	0	4.6	orig=3.7R|orig.time=7:00AM|orig.date=1860-04-19
1860	4	19	9	58	0	9.4	orig=7.5R|orig.time=Noon|orig.date=1860-04-19
1860	4	19	11	58	0	11	orig=8.8R|orig.time=2:00PM|orig.date=1860-04-19
1860	4	19	18	58	0	6.6	orig=5.3R|orig.time=9:00PM|orig.date=1860-04-19
1860	4	20	4	58	0	3.2	orig=2.6R|orig.time=7:00AM|orig.date=1860-04-20
1860	4	20	9	58	0	10	orig=8R|orig.time=Noon|orig.date=1860-04-20
1860	4	20	11	58	0	9.5	orig=7.6R|orig.time=2:00PM|orig.date=1860-04-20
1860	4	20	18	58	0	6.2	orig=5R|orig.time=9:00PM|orig.date=1860-04-20
1860	4	21	4	58	0	6	orig=4.8R|orig.time=7:00AM|orig.date=1860-04-21
1860	4	21	9	58	0	6.9	orig=5.5R|orig.time=Noon|orig.date=1860-04-21
1860	4	21	11	58	0	7.9	orig=6.3R|orig.time=2:00PM|orig.date=1860-04-21
1860	4	21	18	58	0	7.2	orig=5.8R|orig.time=9:00PM|orig.date=1860-04-21
1860	4	22	4	58	0	7.9	orig=6.3R|orig.time=7:00AM|orig.date=1860-04-22
1860	4	22	9	58	0	13	orig=10.4R|orig.time=Noon|orig.date=1860-04-22
1860	4	22	11	58	0	13	orig=10.4R|orig.time=2:00PM|orig.date=1860-04-22
1860	4	22	18	58	0	11.5	orig=9.2R|orig.time=9:00PM|orig.date=1860-04-22
1860	4	23	4	58	0	5	orig=4R|orig.time=7:00AM|orig.date=1860-04-23
1860	4	23	9	58	0	11	orig=8.8R|orig.time=Noon|orig.date=1860-04-23
1860	4	23	11	58	0	11.9	orig=9.5R|orig.time=2:00PM|orig.date=1860-04-23
1860	4	23	18	58	0	7.2	orig=5.8R|orig.time=9:00PM|orig.date=1860-04-23
1860	4	24	4	58	0	5.8	orig=4.6R|orig.time=7:00AM|orig.date=1860-04-24
1860	4	24	9	58	0	13	orig=10.4R|orig.time=Noon|orig.date=1860-04-24
1860	4	24	11	58	0	13.8	orig=11R|orig.time=2:00PM|orig.date=1860-04-24
1860	4	24	18	58	0	9	orig=7.2R|orig.time=9:00PM|orig.date=1860-04-24
1860	4	25	4	58	0	9	orig=7.2R|orig.time=7:00AM|orig.date=1860-04-25
1860	4	25	9	58	0	13	orig=10.4R|orig.time=Noon|orig.date=1860-04-25
1860	4	25	11	58	0	13.8	orig=11R|orig.time=2:00PM|orig.date=1860-04-25
1860	4	25	18	58	0	9.9	orig=7.9R|orig.time=9:00PM|orig.date=1860-04-25
1860	4	26	4	58	0	8.8	orig=7R|orig.time=7:00AM|orig.date=1860-04-26
1860	4	26	9	58	0	12.8	orig=10.2R|orig.time=Noon|orig.date=1860-04-26
1860	4	26	11	58	0	14	orig=11.2R|orig.time=2:00PM|orig.date=1860-04-26
1860	4	26	18	58	0	11	orig=8.8R|orig.time=9:00PM|orig.date=1860-04-26
1860	4	27	4	58	0	11.2	orig=9R|orig.time=7:00AM|orig.date=1860-04-27
1860	4	27	9	58	0	12	orig=9.6R|orig.time=Noon|orig.date=1860-04-27
1860	4	27	11	58	0	12.5	orig=10R|orig.time=2:00PM|orig.date=1860-04-27
1860	4	27	18	58	0	10.8	orig=8.6R|orig.time=9:00PM|orig.date=1860-04-27
1860	4	28	4	58	0	10.2	orig=8.2R|orig.time=7:00AM|orig.date=1860-04-28
1860	4	28	9	58	0	9.8	orig=7.8R|orig.time=Noon|orig.date=1860-04-28
1860	4	28	11	58	0	10.6	orig=8.5R|orig.time=2:00PM|orig.date=1860-04-28
1860	4	28	18	58	0	10.2	orig=8.2R|orig.time=9:00PM|orig.date=1860-04-28
1860	4	29	4	58	0	8.9	orig=7.1R|orig.time=7:00AM|orig.date=1860-04-29
1860	4	29	9	58	0	17.9	orig=14.3R|orig.time=Noon|orig.date=1860-04-29
1860	4	29	11	58	0	19	orig=15.2R|orig.time=2:00PM|orig.date=1860-04-29
1860	4	29	18	58	0	12.5	orig=10R|orig.time=9:00PM|orig.date=1860-04-29
1860	4	30	4	58	0	10	orig=8R|orig.time=7:00AM|orig.date=1860-04-30
1860	4	30	9	58	0	12.2	orig=9.8R|orig.time=Noon|orig.date=1860-04-30
1860	4	30	11	58	0	12.8	orig=10.2R|orig.time=2:00PM|orig.date=1860-04-30
1860	4	30	18	58	0	9.4	orig=7.5R|orig.time=9:00PM|orig.date=1860-04-30
1860	5	1	4	58	0	7.5	orig=6R|orig.time=7:00AM|orig.date=1860-05-01
1860	5	1	9	58	0	12.2	orig=9.8R|orig.time=Noon|orig.date=1860-05-01
1860	5	1	11	58	0	12.5	orig=10R|orig.time=2:00PM|orig.date=1860-05-01
1860	5	1	18	58	0	9.5	orig=7.6R|orig.time=9:00PM|orig.date=1860-05-01
1860	5	2	4	58	0	8.1	orig=6.5R|orig.time=7:00AM|orig.date=1860-05-02
1860	5	2	9	58	0	14.8	orig=11.8R|orig.time=Noon|orig.date=1860-05-02
1860	5	2	11	58	0	15.9	orig=12.7R|orig.time=2:00PM|orig.date=1860-05-02
1860	5	2	18	58	0	11	orig=8.8R|orig.time=9:00PM|orig.date=1860-05-02
1860	5	3	4	58	0	9.5	orig=7.6R|orig.time=7:00AM|orig.date=1860-05-03
1860	5	3	9	58	0	13.8	orig=11R|orig.time=Noon|orig.date=1860-05-03
1860	5	3	11	58	0	14.2	orig=11.4R|orig.time=2:00PM|orig.date=1860-05-03
1860	5	3	18	58	0	12.5	orig=10R|orig.time=9:00PM|orig.date=1860-05-03
1860	5	4	4	58	0	11	orig=8.8R|orig.time=7:00AM|orig.date=1860-05-04
1860	5	4	9	58	0	16.8	orig=13.4R|orig.time=Noon|orig.date=1860-05-04
1860	5	4	11	58	0	15.9	orig=12.7R|orig.time=2:00PM|orig.date=1860-05-04
1860	5	4	18	58	0	9.8	orig=7.8R|orig.time=9:00PM|orig.date=1860-05-04
1860	5	5	4	58	0	8.5	orig=6.8R|orig.time=7:00AM|orig.date=1860-05-05
1860	5	5	9	58	0	16.2	orig=13R|orig.time=Noon|orig.date=1860-05-05
1860	5	5	11	58	0	16.2	orig=13R|orig.time=2:00PM|orig.date=1860-05-05
1860	5	5	18	58	0	12	orig=9.6R|orig.time=9:00PM|orig.date=1860-05-05
1860	5	6	4	58	0	5	orig=4R|orig.time=7:00AM|orig.date=1860-05-06
1860	5	6	9	58	0	8.8	orig=7R|orig.time=Noon|orig.date=1860-05-06
1860	5	6	11	58	0	9.8	orig=7.8R|orig.time=2:00PM|orig.date=1860-05-06
1860	5	6	18	58	0	4.4	orig=3.5R|orig.time=9:00PM|orig.date=1860-05-06
1860	5	7	4	58	0	5.5	orig=4.4R|orig.time=7:00AM|orig.date=1860-05-07
1860	5	7	9	58	0	9.9	orig=7.9R|orig.time=Noon|orig.date=1860-05-07
1860	5	7	11	58	0	10	orig=8R|orig.time=2:00PM|orig.date=1860-05-07
1860	5	7	18	58	0	4.5	orig=3.6R|orig.time=9:00PM|orig.date=1860-05-07
1860	5	8	4	58	0	4	orig=3.2R|orig.time=7:00AM|orig.date=1860-05-08
1860	5	8	9	58	0	12.5	orig=10R|orig.time=Noon|orig.date=1860-05-08
1860	5	8	11	58	0	14.5	orig=11.6R|orig.time=2:00PM|orig.date=1860-05-08
1860	5	8	18	58	0	10.8	orig=8.6R|orig.time=9:00PM|orig.date=1860-05-08
1860	5	9	4	58	0	10.2	orig=8.2R|orig.time=7:00AM|orig.date=1860-05-09
1860	5	9	9	58	0	19.8	orig=15.8R|orig.time=Noon|orig.date=1860-05-09
1860	5	9	11	58	0	21.2	orig=17R|orig.time=2:00PM|orig.date=1860-05-09
1860	5	9	18	58	0	14.8	orig=11.8R|orig.time=9:00PM|orig.date=1860-05-09
1860	5	10	4	58	0	11.8	orig=9.4R|orig.time=7:00AM|orig.date=1860-05-10
1860	5	10	9	58	0	19.6	orig=15.7R|orig.time=Noon|orig.date=1860-05-10
1860	5	10	11	58	0	20	orig=16R|orig.time=2:00PM|orig.date=1860-05-10
1860	5	10	18	58	0	15.8	orig=12.6R|orig.time=9:00PM|orig.date=1860-05-10
1860	5	11	4	58	0	14.5	orig=11.6R|orig.time=7:00AM|orig.date=1860-05-11
1860	5	11	9	58	0	21.8	orig=17.4R|orig.time=Noon|orig.date=1860-05-11
1860	5	11	11	58	0	20	orig=16R|orig.time=2:00PM|orig.date=1860-05-11
1860	5	11	18	58	0	15.8	orig=12.6R|orig.time=9:00PM|orig.date=1860-05-11
1860	5	12	4	58	0	15.1	orig=12.1R|orig.time=7:00AM|orig.date=1860-05-12
1860	5	12	9	58	0	22.9	orig=18.3R|orig.time=Noon|orig.date=1860-05-12
1860	5	12	11	58	0	23.8	orig=19R|orig.time=2:00PM|orig.date=1860-05-12
1860	5	12	18	58	0	18	orig=14.4R|orig.time=9:00PM|orig.date=1860-05-12
1860	5	13	4	58	0	17	orig=13.6R|orig.time=7:00AM|orig.date=1860-05-13
1860	5	13	9	58	0	26.6	orig=21.3R|orig.time=Noon|orig.date=1860-05-13
1860	5	13	11	58	0	26.4	orig=21.1R|orig.time=2:00PM|orig.date=1860-05-13
1860	5	13	18	58	0	19.5	orig=15.6R|orig.time=9:00PM|orig.date=1860-05-13
1860	5	14	4	58	0	19.4	orig=15.5R|orig.time=7:00AM|orig.date=1860-05-14
1860	5	14	9	58	0	27.1	orig=21.7R|orig.time=Noon|orig.date=1860-05-14
1860	5	14	11	58	0	26.9	orig=21.5R|orig.time=2:00PM|orig.date=1860-05-14
1860	5	14	18	58	0	19.4	orig=15.5R|orig.time=9:00PM|orig.date=1860-05-14
1860	5	15	4	58	0	18.1	orig=14.5R|orig.time=7:00AM|orig.date=1860-05-15
1860	5	15	9	58	0	24.8	orig=19.8R|orig.time=Noon|orig.date=1860-05-15
1860	5	15	11	58	0	25.8	orig=20.6R|orig.time=2:00PM|orig.date=1860-05-15
1860	5	15	18	58	0	17.2	orig=13.8R|orig.time=9:00PM|orig.date=1860-05-15
1860	5	16	4	58	0	17	orig=13.6R|orig.time=7:00AM|orig.date=1860-05-16
1860	5	16	9	58	0	22	orig=17.6R|orig.time=Noon|orig.date=1860-05-16
1860	5	16	11	58	0	23	orig=18.4R|orig.time=2:00PM|orig.date=1860-05-16
1860	5	16	18	58	0	18.8	orig=15R|orig.time=9:00PM|orig.date=1860-05-16
1860	5	17	4	58	0	14.5	orig=11.6R|orig.time=7:00AM|orig.date=1860-05-17
1860	5	17	9	58	0	16.2	orig=13R|orig.time=Noon|orig.date=1860-05-17
1860	5	17	11	58	0	16	orig=12.8R|orig.time=2:00PM|orig.date=1860-05-17
1860	5	17	18	58	0	16	orig=12.8R|orig.time=9:00PM|orig.date=1860-05-17
1860	5	18	4	58	0	13.2	orig=10.6R|orig.time=7:00AM|orig.date=1860-05-18
1860	5	18	9	58	0	16	orig=12.8R|orig.time=Noon|orig.date=1860-05-18
1860	5	18	11	58	0	17.5	orig=14R|orig.time=2:00PM|orig.date=1860-05-18
1860	5	18	18	58	0	15	orig=12R|orig.time=9:00PM|orig.date=1860-05-18
1860	5	19	4	58	0	14.4	orig=11.5R|orig.time=7:00AM|orig.date=1860-05-19
1860	5	19	9	58	0	18.4	orig=14.7R|orig.time=Noon|orig.date=1860-05-19
1860	5	19	11	58	0	19.1	orig=15.3R|orig.time=2:00PM|orig.date=1860-05-19
1860	5	19	18	58	0	14	orig=11.2R|orig.time=9:00PM|orig.date=1860-05-19
1860	5	20	4	58	0	10.1	orig=8.1R|orig.time=7:00AM|orig.date=1860-05-20
1860	5	20	9	58	0	13	orig=10.4R|orig.time=Noon|orig.date=1860-05-20
1860	5	20	11	58	0	14.4	orig=11.5R|orig.time=2:00PM|orig.date=1860-05-20
1860	5	20	18	58	0	12.8	orig=10.2R|orig.time=9:00PM|orig.date=1860-05-20
1860	5	21	4	58	0	10.6	orig=8.5R|orig.time=7:00AM|orig.date=1860-05-21
1860	5	21	9	58	0	14.2	orig=11.4R|orig.time=Noon|orig.date=1860-05-21
1860	5	21	11	58	0	16	orig=12.8R|orig.time=2:00PM|orig.date=1860-05-21
1860	5	21	18	58	0	13.2	orig=10.6R|orig.time=9:00PM|orig.date=1860-05-21
1860	5	22	4	58	0	13.2	orig=10.6R|orig.time=7:00AM|orig.date=1860-05-22
1860	5	22	9	58	0	21.8	orig=17.4R|orig.time=Noon|orig.date=1860-05-22
1860	5	22	11	58	0	22.5	orig=18R|orig.time=2:00PM|orig.date=1860-05-22
1860	5	22	18	58	0	14	orig=11.2R|orig.time=9:00PM|orig.date=1860-05-22
1860	5	23	4	58	0	13.8	orig=11R|orig.time=7:00AM|orig.date=1860-05-23
1860	5	23	9	58	0	18	orig=14.4R|orig.time=Noon|orig.date=1860-05-23
1860	5	23	11	58	0	19.2	orig=15.4R|orig.time=2:00PM|orig.date=1860-05-23
1860	5	23	18	58	0	14.5	orig=11.6R|orig.time=9:00PM|orig.date=1860-05-23
1860	5	24	4	58	0	13.1	orig=10.5R|orig.time=7:00AM|orig.date=1860-05-24
1860	5	24	9	58	0	21.2	orig=17R|orig.time=Noon|orig.date=1860-05-24
1860	5	24	11	58	0	22	orig=17.6R|orig.time=2:00PM|orig.date=1860-05-24
1860	5	24	18	58	0	16	orig=12.8R|orig.time=9:00PM|orig.date=1860-05-24
1860	5	25	4	58	0	15.2	orig=12.2R|orig.time=7:00AM|orig.date=1860-05-25
1860	5	25	9	58	0	23.6	orig=18.9R|orig.time=Noon|orig.date=1860-05-25
1860	5	25	11	58	0	24.4	orig=19.5R|orig.time=2:00PM|orig.date=1860-05-25
1860	5	25	18	58	0	15.4	orig=12.3R|orig.time=9:00PM|orig.date=1860-05-25
1860	5	26	4	58	0	12.5	orig=10R|orig.time=7:00AM|orig.date=1860-05-26
1860	5	26	9	58	0	16.2	orig=13R|orig.time=Noon|orig.date=1860-05-26
1860	5	26	11	58	0	17.5	orig=14R|orig.time=2:00PM|orig.date=1860-05-26
1860	5	26	18	58	0	15	orig=12R|orig.time=9:00PM|orig.date=1860-05-26
1860	5	27	4	58	0	14.5	orig=11.6R|orig.time=7:00AM|orig.date=1860-05-27
1860	5	27	9	58	0	22.5	orig=18R|orig.time=Noon|orig.date=1860-05-27
1860	5	27	11	58	0	23	orig=18.4R|orig.time=2:00PM|orig.date=1860-05-27
1860	5	27	18	58	0	17.5	orig=14R|orig.time=9:00PM|orig.date=1860-05-27
1860	5	28	4	58	0	15	orig=12R|orig.time=7:00AM|orig.date=1860-05-28
1860	5	28	9	58	0	23.5	orig=18.8R|orig.time=Noon|orig.date=1860-05-28
1860	5	28	11	58	0	23.4	orig=18.7R|orig.time=2:00PM|orig.date=1860-05-28
1860	5	28	18	58	0	16.1	orig=12.9R|orig.time=9:00PM|orig.date=1860-05-28
1860	5	29	4	58	0	10.5	orig=8.4R|orig.time=7:00AM|orig.date=1860-05-29
1860	5	29	9	58	0	17.8	orig=14.2R|orig.time=Noon|orig.date=1860-05-29
1860	5	29	11	58	0	20.4	orig=16.3R|orig.time=2:00PM|orig.date=1860-05-29
1860	5	29	18	58	0	14.5	orig=11.6R|orig.time=9:00PM|orig.date=1860-05-29
1860	5	30	4	58	0	15.8	orig=12.6R|orig.time=7:00AM|orig.date=1860-05-30
1860	5	30	9	58	0	20.6	orig=16.5R|orig.time=Noon|orig.date=1860-05-30
1860	5	30	11	58	0	18.5	orig=14.8R|orig.time=2:00PM|orig.date=1860-05-30
1860	5	30	18	58	0	10.2	orig=8.2R|orig.time=9:00PM|orig.date=1860-05-30
1860	5	31	4	58	0	8	orig=6.4R|orig.time=7:00AM|orig.date=1860-05-31
1860	5	31	9	58	0	15.8	orig=12.6R|orig.time=Noon|orig.date=1860-05-31
1860	5	31	11	58	0	12.5	orig=10R|orig.time=2:00PM|orig.date=1860-05-31
1860	5	31	18	58	0	8.8	orig=7R|orig.time=9:00PM|orig.date=1860-05-31
1860	7	1	4	58	0	16.9	orig=13.5R|orig.time=7:00AM|orig.date=1860-07-01
1860	7	1	9	58	0	22.2	orig=17.8R|orig.time=Noon|orig.date=1860-07-01
1860	7	1	11	58	0	20.2	orig=16.2R|orig.time=2:00PM|orig.date=1860-07-01
1860	7	1	18	58	0	17.1	orig=13.7R|orig.time=9:00PM|orig.date=1860-07-01
1860	7	2	4	58	0	18.2	orig=14.6R|orig.time=7:00AM|orig.date=1860-07-02
1860	7	2	9	58	0	19.8	orig=15.8R|orig.time=Noon|orig.date=1860-07-02
1860	7	2	11	58	0	20.5	orig=16.4R|orig.time=2:00PM|orig.date=1860-07-02
1860	7	2	18	58	0	17.5	orig=14R|orig.time=9:00PM|orig.date=1860-07-02
1860	7	3	4	58	0	16.2	orig=13R|orig.time=7:00AM|orig.date=1860-07-03
1860	7	3	9	58	0	22	orig=17.6R|orig.time=Noon|orig.date=1860-07-03
1860	7	3	11	58	0	19.2	orig=15.4R|orig.time=2:00PM|orig.date=1860-07-03
1860	7	3	18	58	0	15.2	orig=12.2R|orig.time=9:00PM|orig.date=1860-07-03
1860	7	4	4	58	0	14.4	orig=11.5R|orig.time=7:00AM|orig.date=1860-07-04
1860	7	4	9	58	0	21.2	orig=17R|orig.time=Noon|orig.date=1860-07-04
1860	7	4	11	58	0	22.9	orig=18.3R|orig.time=2:00PM|orig.date=1860-07-04
1860	7	4	18	58	0	18.5	orig=14.8R|orig.time=9:00PM|orig.date=1860-07-04
1860	7	5	4	58	0	16.6	orig=13.3R|orig.time=7:00AM|orig.date=1860-07-05
1860	7	5	9	58	0	21.2	orig=17R|orig.time=Noon|orig.date=1860-07-05
1860	7	5	11	58	0	22	orig=17.6R|orig.time=2:00PM|orig.date=1860-07-05
1860	7	5	18	58	0	17.5	orig=14R|orig.time=9:00PM|orig.date=1860-07-05
1860	7	6	4	58	0	12.5	orig=10R|orig.time=7:00AM|orig.date=1860-07-06
1860	7	6	9	58	0	13.4	orig=10.7R|orig.time=Noon|orig.date=1860-07-06
1860	7	6	11	58	0	16.5	orig=13.2R|orig.time=2:00PM|orig.date=1860-07-06
1860	7	6	18	58	0	12.5	orig=10R|orig.time=9:00PM|orig.date=1860-07-06
1860	7	7	4	58	0	12.6	orig=10.1R|orig.time=7:00AM|orig.date=1860-07-07
1860	7	7	9	58	0	22.2	orig=17.8R|orig.time=Noon|orig.date=1860-07-07
1860	7	7	11	58	0	22.1	orig=17.7R|orig.time=2:00PM|orig.date=1860-07-07
1860	7	7	18	58	0	13.2	orig=10.6R|orig.time=9:00PM|orig.date=1860-07-07
1860	7	8	4	58	0	11.4	orig=9.1R|orig.time=7:00AM|orig.date=1860-07-08
1860	7	8	9	58	0	16	orig=12.8R|orig.time=Noon|orig.date=1860-07-08
1860	7	8	11	58	0	17.2	orig=13.8R|orig.time=2:00PM|orig.date=1860-07-08
1860	7	8	18	58	0	13.9	orig=11.1R|orig.time=9:00PM|orig.date=1860-07-08
1860	7	9	4	58	0	12.2	orig=9.8R|orig.time=7:00AM|orig.date=1860-07-09
1860	7	9	9	58	0	19.6	orig=15.7R|orig.time=Noon|orig.date=1860-07-09
1860	7	9	11	58	0	20.8	orig=16.6R|orig.time=2:00PM|orig.date=1860-07-09
1860	7	9	18	58	0	13.8	orig=11R|orig.time=9:00PM|orig.date=1860-07-09
1860	7	10	4	58	0	14.5	orig=11.6R|orig.time=7:00AM|orig.date=1860-07-10
1860	7	10	9	58	0	21	orig=16.8R|orig.time=Noon|orig.date=1860-07-10
1860	7	10	11	58	0	25.1	orig=20.1R|orig.time=2:00PM|orig.date=1860-07-10
1860	7	10	18	58	0	16.1	orig=12.9R|orig.time=9:00PM|orig.date=1860-07-10
1860	7	11	4	58	0	16.5	orig=13.2R|orig.time=7:00AM|orig.date=1860-07-11
1860	7	11	9	58	0	23.1	orig=18.5R|orig.time=Noon|orig.date=1860-07-11
1860	7	11	11	58	0	22.8	orig=18.2R|orig.time=2:00PM|orig.date=1860-07-11
1860	7	11	18	58	0	18.9	orig=15.1R|orig.time=9:00PM|orig.date=1860-07-11
1860	7	12	4	58	0	17.5	orig=14R|orig.time=7:00AM|orig.date=1860-07-12
1860	7	12	9	58	0	23.9	orig=19.1R|orig.time=Noon|orig.date=1860-07-12
1860	7	12	11	58	0	23.9	orig=19.1R|orig.time=2:00PM|orig.date=1860-07-12
1860	7	12	18	58	0	19.5	orig=15.6R|orig.time=9:00PM|orig.date=1860-07-12
1860	7	13	4	58	0	18.9	orig=15.1R|orig.time=7:00AM|orig.date=1860-07-13
1860	7	13	9	58	0	24	orig=19.2R|orig.time=Noon|orig.date=1860-07-13
1860	7	13	11	58	0	23	orig=18.4R|orig.time=2:00PM|orig.date=1860-07-13
1860	7	13	18	58	0	19.8	orig=15.8R|orig.time=9:00PM|orig.date=1860-07-13
1860	7	14	4	58	0	18.2	orig=14.6R|orig.time=7:00AM|orig.date=1860-07-14
1860	7	14	9	58	0	23.9	orig=19.1R|orig.time=Noon|orig.date=1860-07-14
1860	7	14	11	58	0	25	orig=20R|orig.time=2:00PM|orig.date=1860-07-14
1860	7	14	18	58	0	19.2	orig=15.4R|orig.time=9:00PM|orig.date=1860-07-14
1860	7	15	4	58	0	18	orig=14.4R|orig.time=7:00AM|orig.date=1860-07-15
1860	7	15	9	58	0	24	orig=19.2R|orig.time=Noon|orig.date=1860-07-15
1860	7	15	11	58	0	24.6	orig=19.7R|orig.time=2:00PM|orig.date=1860-07-15
1860	7	15	18	58	0	20.4	orig=16.3R|orig.time=9:00PM|orig.date=1860-07-15
1860	7	16	4	58	0	18.9	orig=15.1R|orig.time=7:00AM|orig.date=1860-07-16
1860	7	16	9	58	0	24.8	orig=19.8R|orig.time=Noon|orig.date=1860-07-16
1860	7	16	11	58	0	25.6	orig=20.5R|orig.time=2:00PM|orig.date=1860-07-16
1860	7	16	18	58	0	20.6	orig=16.5R|orig.time=9:00PM|orig.date=1860-07-16
1860	7	17	4	58	0	19.2	orig=15.4R|orig.time=7:00AM|orig.date=1860-07-17
1860	7	17	9	58	0	19	orig=15.2R|orig.time=Noon|orig.date=1860-07-17
1860	7	17	11	58	0	16.5	orig=13.2R|orig.time=2:00PM|orig.date=1860-07-17
1860	7	17	18	58	0	17.2	orig=13.8R|orig.time=9:00PM|orig.date=1860-07-17
1860	7	18	4	58	0	18.5	orig=14.8R|orig.time=7:00AM|orig.date=1860-07-18
1860	7	18	9	58	0	24.6	orig=19.7R|orig.time=Noon|orig.date=1860-07-18
1860	7	18	11	58	0	25.5	orig=20.4R|orig.time=2:00PM|orig.date=1860-07-18
1860	7	18	18	58	0	21	orig=16.8R|orig.time=9:00PM|orig.date=1860-07-18
1860	7	19	4	58	0	19	orig=15.2R|orig.time=7:00AM|orig.date=1860-07-19
1860	7	19	9	58	0	25.4	orig=20.3R|orig.time=Noon|orig.date=1860-07-19
1860	7	19	11	58	0	26.2	orig=21R|orig.time=2:00PM|orig.date=1860-07-19
1860	7	19	18	58	0	21.5	orig=17.2R|orig.time=9:00PM|orig.date=1860-07-19
1860	7	20	4	58	0	20	orig=16R|orig.time=7:00AM|orig.date=1860-07-20
1860	7	20	9	58	0	26.2	orig=21R|orig.time=Noon|orig.date=1860-07-20
1860	7	20	11	58	0	26.6	orig=21.3R|orig.time=2:00PM|orig.date=1860-07-20
1860	7	20	18	58	0	23	orig=18.4R|orig.time=9:00PM|orig.date=1860-07-20
1860	7	21	4	58	0	21.4	orig=17.1R|orig.time=7:00AM|orig.date=1860-07-21
1860	7	21	9	58	0	31.1	orig=24.9R|orig.time=Noon|orig.date=1860-07-21
1860	7	21	11	58	0	31.5	orig=25.2R|orig.time=2:00PM|orig.date=1860-07-21
1860	7	21	18	58	0	23.9	orig=19.1R|orig.time=9:00PM|orig.date=1860-07-21
1860	7	22	4	58	0	23.8	orig=19R|orig.time=7:00AM|orig.date=1860-07-22
1860	7	22	9	58	0	30	orig=24R|orig.time=Noon|orig.date=1860-07-22
1860	7	22	11	58	0	29.6	orig=23.7R|orig.time=2:00PM|orig.date=1860-07-22
1860	7	22	18	58	0	23.1	orig=18.5R|orig.time=9:00PM|orig.date=1860-07-22
1860	7	23	4	58	0	23.2	orig=18.6R|orig.time=7:00AM|orig.date=1860-07-23
1860	7	23	9	58	0	29.6	orig=23.7R|orig.time=Noon|orig.date=1860-07-23
1860	7	23	11	58	0	30.5	orig=24.4R|orig.time=2:00PM|orig.date=1860-07-23
1860	7	23	18	58	0	23.1	orig=18.5R|orig.time=9:00PM|orig.date=1860-07-23
1860	7	24	4	58	0	23.9	orig=19.1R|orig.time=7:00AM|orig.date=1860-07-24
1860	7	24	9	58	0	31.8	orig=25.4R|orig.time=Noon|orig.date=1860-07-24
1860	7	24	11	58	0	30.2	orig=24.2R|orig.time=2:00PM|orig.date=1860-07-24
1860	7	24	18	58	0	23.5	orig=18.8R|orig.time=9:00PM|orig.date=1860-07-24
1860	7	25	4	58	0	24.5	orig=19.6R|orig.time=7:00AM|orig.date=1860-07-25
1860	7	25	9	58	0	26	orig=20.8R|orig.time=Noon|orig.date=1860-07-25
1860	7	25	11	58	0	23.8	orig=19R|orig.time=2:00PM|orig.date=1860-07-25
1860	7	25	18	58	0	20.4	orig=16.3R|orig.time=9:00PM|orig.date=1860-07-25
1860	7	26	4	58	0	22.2	orig=17.8R|orig.time=7:00AM|orig.date=1860-07-26
1860	7	26	9	58	0	26.9	orig=21.5R|orig.time=Noon|orig.date=1860-07-26
1860	7	26	11	58	0	25.5	orig=20.4R|orig.time=2:00PM|orig.date=1860-07-26
1860	7	26	18	58	0	20.4	orig=16.3R|orig.time=9:00PM|orig.date=1860-07-26
1860	7	27	4	58	0	21.5	orig=17.2R|orig.time=7:00AM|orig.date=1860-07-27
1860	7	27	9	58	0	28	orig=22.4R|orig.time=Noon|orig.date=1860-07-27
1860	7	27	11	58	0	21.9	orig=17.5R|orig.time=2:00PM|orig.date=1860-07-27
1860	7	27	18	58	0	20	orig=16R|orig.time=9:00PM|orig.date=1860-07-27
1860	7	28	4	58	0	18	orig=14.4R|orig.time=7:00AM|orig.date=1860-07-28
1860	7	28	9	58	0	22.4	orig=17.9R|orig.time=Noon|orig.date=1860-07-28
1860	7	28	11	58	0	24	orig=19.2R|orig.time=2:00PM|orig.date=1860-07-28
1860	7	28	18	58	0	18.5	orig=14.8R|orig.time=9:00PM|orig.date=1860-07-28
1860	7	29	4	58	0	18.4	orig=14.7R|orig.time=7:00AM|orig.date=1860-07-29
1860	7	29	9	58	0	21.8	orig=17.4R|orig.time=Noon|orig.date=1860-07-29
1860	7	29	11	58	0	23	orig=18.4R|orig.time=2:00PM|orig.date=1860-07-29
1860	7	29	18	58	0	18.1	orig=14.5R|orig.time=9:00PM|orig.date=1860-07-29
1860	7	30	4	58	0	19.5	orig=15.6R|orig.time=7:00AM|orig.date=1860-07-30
1860	7	30	9	58	0	26.8	orig=21.4R|orig.time=Noon|orig.date=1860-07-30
1860	7	30	11	58	0	25.8	orig=20.6R|orig.time=2:00PM|orig.date=1860-07-30
1860	7	30	18	58	0	18.6	orig=14.9R|orig.time=9:00PM|orig.date=1860-07-30
1860	7	31	4	58	0	21.6	orig=17.3R|orig.time=7:00AM|orig.date=1860-07-31
1860	7	31	9	58	0	24.8	orig=19.8R|orig.time=Noon|orig.date=1860-07-31
1860	7	31	11	58	0	25.9	orig=20.7R|orig.time=2:00PM|orig.date=1860-07-31
1860	7	31	18	58	0	17.2	orig=13.8R|orig.time=9:00PM|orig.date=1860-07-31
1860	8	1	4	58	0	17.2	orig=13.8R|orig.time=7:00AM|orig.date=1860-08-01
1860	8	1	9	58	0	15.2	orig=12.2R|orig.time=Noon|orig.date=1860-08-01
1860	8	1	11	58	0	19.8	orig=15.8R|orig.time=2:00PM|orig.date=1860-08-01
1860	8	1	18	58	0	15.8	orig=12.6R|orig.time=9:00PM|orig.date=1860-08-01
1860	8	2	4	58	0	15	orig=12R|orig.time=7:00AM|orig.date=1860-08-02
1860	8	2	9	58	0	19.9	orig=15.9R|orig.time=Noon|orig.date=1860-08-02
1860	8	2	11	58	0	17.8	orig=14.2R|orig.time=2:00PM|orig.date=1860-08-02
1860	8	2	18	58	0	14.5	orig=11.6R|orig.time=9:00PM|orig.date=1860-08-02
1860	8	3	4	58	0	13.8	orig=11R|orig.time=7:00AM|orig.date=1860-08-03
1860	8	3	9	58	0	20.2	orig=16.2R|orig.time=Noon|orig.date=1860-08-03
1860	8	3	11	58	0	21.2	orig=17R|orig.time=2:00PM|orig.date=1860-08-03
1860	8	3	18	58	0	14.8	orig=11.8R|orig.time=9:00PM|orig.date=1860-08-03
1860	8	4	4	58	0	16.2	orig=13R|orig.time=7:00AM|orig.date=1860-08-04
1860	8	4	9	58	0	23.8	orig=19R|orig.time=Noon|orig.date=1860-08-04
1860	8	4	11	58	0	22.2	orig=17.8R|orig.time=2:00PM|orig.date=1860-08-04
1860	8	4	18	58	0	17.4	orig=13.9R|orig.time=9:00PM|orig.date=1860-08-04
1860	8	5	4	58	0	17	orig=13.6R|orig.time=7:00AM|orig.date=1860-08-05
1860	8	5	9	58	0	16	orig=12.8R|orig.time=Noon|orig.date=1860-08-05
1860	8	5	11	58	0	26.1	orig=20.9R|orig.time=2:00PM|orig.date=1860-08-05
1860	8	5	18	58	0	18.2	orig=14.6R|orig.time=9:00PM|orig.date=1860-08-05
1860	8	6	4	58	0	19.2	orig=15.4R|orig.time=7:00AM|orig.date=1860-08-06
1860	8	6	9	58	0	26.6	orig=21.3R|orig.time=Noon|orig.date=1860-08-06
1860	8	6	11	58	0	27	orig=21.6R|orig.time=2:00PM|orig.date=1860-08-06
1860	8	6	18	58	0	19.2	orig=15.4R|orig.time=9:00PM|orig.date=1860-08-06
1860	8	7	4	58	0	18.1	orig=14.5R|orig.time=7:00AM|orig.date=1860-08-07
1860	8	7	9	58	0	25	orig=20R|orig.time=Noon|orig.date=1860-08-07
1860	8	7	11	58	0	24.4	orig=19.5R|orig.time=2:00PM|orig.date=1860-08-07
1860	8	7	18	58	0	20.4	orig=16.3R|orig.time=9:00PM|orig.date=1860-08-07
1860	8	8	4	58	0	17.8	orig=14.2R|orig.time=7:00AM|orig.date=1860-08-08
1860	8	8	9	58	0	23.2	orig=18.6R|orig.time=Noon|orig.date=1860-08-08
1860	8	8	11	58	0	24.5	orig=19.6R|orig.time=2:00PM|orig.date=1860-08-08
1860	8	8	18	58	0	21	orig=16.8R|orig.time=9:00PM|orig.date=1860-08-08
1860	8	9	4	58	0	21.4	orig=17.1R|orig.time=7:00AM|orig.date=1860-08-09
1860	8	9	9	58	0	16.4	orig=13.1R|orig.time=Noon|orig.date=1860-08-09
1860	8	9	11	58	0	15.8	orig=12.6R|orig.time=2:00PM|orig.date=1860-08-09
1860	8	9	18	58	0	13	orig=10.4R|orig.time=9:00PM|orig.date=1860-08-09
1860	8	10	4	58	0	13.8	orig=11R|orig.time=7:00AM|orig.date=1860-08-10
1860	8	10	9	58	0	21.8	orig=17.4R|orig.time=Noon|orig.date=1860-08-10
1860	8	10	11	58	0	21	orig=16.8R|orig.time=2:00PM|orig.date=1860-08-10
1860	8	10	18	58	0	15.6	orig=12.5R|orig.time=9:00PM|orig.date=1860-08-10
1860	8	11	4	58	0	15.6	orig=12.5R|orig.time=7:00AM|orig.date=1860-08-11
1860	8	11	9	58	0	23.8	orig=19R|orig.time=Noon|orig.date=1860-08-11
1860	8	11	11	58	0	22.5	orig=18R|orig.time=2:00PM|orig.date=1860-08-11
1860	8	11	18	58	0	18.2	orig=14.6R|orig.time=9:00PM|orig.date=1860-08-11
1860	8	12	4	58	0	17.6	orig=14.1R|orig.time=7:00AM|orig.date=1860-08-12
1860	8	12	9	58	0	26.4	orig=21.1R|orig.time=Noon|orig.date=1860-08-12
1860	8	12	11	58	0	27	orig=21.6R|orig.time=2:00PM|orig.date=1860-08-12
1860	8	12	18	58	0	21	orig=16.8R|orig.time=9:00PM|orig.date=1860-08-12
1860	8	13	4	58	0	19.5	orig=15.6R|orig.time=7:00AM|orig.date=1860-08-13
1860	8	13	9	58	0	28	orig=22.4R|orig.time=Noon|orig.date=1860-08-13
1860	8	13	11	58	0	28.2	orig=22.6R|orig.time=2:00PM|orig.date=1860-08-13
1860	8	13	18	58	0	22.6	orig=18.1R|orig.time=9:00PM|orig.date=1860-08-13
1860	8	14	4	58	0	21.5	orig=17.2R|orig.time=7:00AM|orig.date=1860-08-14
1860	8	14	9	58	0	28.4	orig=22.7R|orig.time=Noon|orig.date=1860-08-14
1860	8	14	11	58	0	29.4	orig=23.5R|orig.time=2:00PM|orig.date=1860-08-14
1860	8	14	18	58	0	22	orig=17.6R|orig.time=9:00PM|orig.date=1860-08-14
1860	8	15	4	58	0	20.1	orig=16.1R|orig.time=7:00AM|orig.date=1860-08-15
1860	8	15	9	58	0	30.2	orig=24.2R|orig.time=Noon|orig.date=1860-08-15
1860	8	15	11	58	0	29.5	orig=23.6R|orig.time=2:00PM|orig.date=1860-08-15
1860	8	15	18	58	0	24.1	orig=19.3R|orig.time=9:00PM|orig.date=1860-08-15
1860	8	16	4	58	0	20.9	orig=16.7R|orig.time=7:00AM|orig.date=1860-08-16
1860	8	16	9	58	0	29	orig=23.2R|orig.time=Noon|orig.date=1860-08-16
1860	8	16	11	58	0	28.5	orig=22.8R|orig.time=2:00PM|orig.date=1860-08-16
1860	8	16	18	58	0	19.8	orig=15.8R|orig.time=9:00PM|orig.date=1860-08-16
1860	8	17	4	58	0	21.2	orig=17R|orig.time=7:00AM|orig.date=1860-08-17
1860	8	17	9	58	0	29.8	orig=23.8R|orig.time=Noon|orig.date=1860-08-17
1860	8	17	11	58	0	30.5	orig=24.4R|orig.time=2:00PM|orig.date=1860-08-17
1860	8	17	18	58	0	26.5	orig=21.2R|orig.time=9:00PM|orig.date=1860-08-17
1860	8	18	4	58	0	22.5	orig=18R|orig.time=7:00AM|orig.date=1860-08-18
1860	8	18	9	58	0	31.9	orig=25.5R|orig.time=Noon|orig.date=1860-08-18
1860	8	18	11	58	0	32.2	orig=25.8R|orig.time=2:00PM|orig.date=1860-08-18
1860	8	18	18	58	0	25.2	orig=20.2R|orig.time=9:00PM|orig.date=1860-08-18
1860	8	19	4	58	0	23.5	orig=18.8R|orig.time=7:00AM|orig.date=1860-08-19
1860	8	19	9	58	0	32.2	orig=25.8R|orig.time=Noon|orig.date=1860-08-19
1860	8	19	11	58	0	32.1	orig=25.7R|orig.time=2:00PM|orig.date=1860-08-19
1860	8	19	18	58	0	20.5	orig=16.4R|orig.time=9:00PM|orig.date=1860-08-19
1860	8	20	4	58	0	20.2	orig=16.2R|orig.time=7:00AM|orig.date=1860-08-20
1860	8	20	9	58	0	28.1	orig=22.5R|orig.time=Noon|orig.date=1860-08-20
1860	8	20	11	58	0	29.1	orig=23.3R|orig.time=2:00PM|orig.date=1860-08-20
1860	8	20	18	58	0	20.9	orig=16.7R|orig.time=9:00PM|orig.date=1860-08-20
1860	8	21	4	58	0	19.1	orig=15.3R|orig.time=7:00AM|orig.date=1860-08-21
1860	8	21	9	58	0	18.2	orig=14.6R|orig.time=Noon|orig.date=1860-08-21
1860	8	21	11	58	0	19.4	orig=15.5R|orig.time=2:00PM|orig.date=1860-08-21
1860	8	21	18	58	0	19.2	orig=15.4R|orig.time=9:00PM|orig.date=1860-08-21
1860	8	22	4	58	0	16.9	orig=13.5R|orig.time=7:00AM|orig.date=1860-08-22
1860	8	22	9	58	0	27.5	orig=22R|orig.time=Noon|orig.date=1860-08-22
1860	8	22	11	58	0	28.5	orig=22.8R|orig.time=2:00PM|orig.date=1860-08-22
1860	8	22	18	58	0	20.2	orig=16.2R|orig.time=9:00PM|orig.date=1860-08-22
1860	8	23	4	58	0	16.8	orig=13.4R|orig.time=7:00AM|orig.date=1860-08-23
1860	8	23	9	58	0	18.1	orig=14.5R|orig.time=Noon|orig.date=1860-08-23
1860	8	23	11	58	0	19.6	orig=15.7R|orig.time=2:00PM|orig.date=1860-08-23
1860	8	23	18	58	0	15	orig=12R|orig.time=9:00PM|orig.date=1860-08-23
1860	8	24	4	58	0	15.4	orig=12.3R|orig.time=7:00AM|orig.date=1860-08-24
1860	8	24	9	58	0	21	orig=16.8R|orig.time=Noon|orig.date=1860-08-24
1860	8	24	11	58	0	20.2	orig=16.2R|orig.time=2:00PM|orig.date=1860-08-24
1860	8	24	18	58	0	14.4	orig=11.5R|orig.time=9:00PM|orig.date=1860-08-24
1860	8	25	4	58	0	14.2	orig=11.4R|orig.time=7:00AM|orig.date=1860-08-25
1860	8	25	9	58	0	19.6	orig=15.7R|orig.time=Noon|orig.date=1860-08-25
1860	8	25	11	58	0	21	orig=16.8R|orig.time=2:00PM|orig.date=1860-08-25
1860	8	25	18	58	0	14.5	orig=11.6R|orig.time=9:00PM|orig.date=1860-08-25
1860	8	26	4	58	0	14.2	orig=11.4R|orig.time=7:00AM|orig.date=1860-08-26
1860	8	26	9	58	0	17	orig=13.6R|orig.time=Noon|orig.date=1860-08-26
1860	8	26	11	58	0	18.9	orig=15.1R|orig.time=2:00PM|orig.date=1860-08-26
1860	8	26	18	58	0	13.2	orig=10.6R|orig.time=9:00PM|orig.date=1860-08-26
1860	8	27	4	58	0	19.4	orig=15.5R|orig.time=7:00AM|orig.date=1860-08-27
1860	8	27	9	58	0	23.6	orig=18.9R|orig.time=Noon|orig.date=1860-08-27
1860	8	27	11	58	0	25.9	orig=20.7R|orig.time=2:00PM|orig.date=1860-08-27
1860	8	27	18	58	0	19.5	orig=15.6R|orig.time=9:00PM|orig.date=1860-08-27
1860	8	28	4	58	0	17.5	orig=14R|orig.time=7:00AM|orig.date=1860-08-28
1860	8	28	9	58	0	27.2	orig=21.8R|orig.time=Noon|orig.date=1860-08-28
1860	8	28	11	58	0	28.8	orig=23R|orig.time=2:00PM|orig.date=1860-08-28
1860	8	28	18	58	0	22.8	orig=18.2R|orig.time=9:00PM|orig.date=1860-08-28
1860	8	29	4	58	0	17.9	orig=14.3R|orig.time=7:00AM|orig.date=1860-08-29
1860	8	29	9	58	0	18.8	orig=15R|orig.time=Noon|orig.date=1860-08-29
1860	8	29	11	58	0	21.9	orig=17.5R|orig.time=2:00PM|orig.date=1860-08-29
1860	8	29	18	58	0	16	orig=12.8R|orig.time=9:00PM|orig.date=1860-08-29
1860	8	30	4	58	0	12	orig=9.6R|orig.time=7:00AM|orig.date=1860-08-30
1860	8	30	9	58	0	18.2	orig=14.6R|orig.time=Noon|orig.date=1860-08-30
1860	8	30	11	58	0	19.1	orig=15.3R|orig.time=2:00PM|orig.date=1860-08-30
1860	8	30	18	58	0	16.1	orig=12.9R|orig.time=9:00PM|orig.date=1860-08-30
1860	8	31	4	58	0	13.8	orig=11R|orig.time=7:00AM|orig.date=1860-08-31
1860	8	31	9	58	0	21.8	orig=17.4R|orig.time=Noon|orig.date=1860-08-31
1860	8	31	11	58	0	23.4	orig=18.7R|orig.time=2:00PM|orig.date=1860-08-31
1860	8	31	18	58	0	18.1	orig=14.5R|orig.time=9:00PM|orig.date=1860-08-31
1860	9	1	4	58	0	17	orig=13.6R|orig.time=7:00AM|orig.date=1860-09-01
1860	9	1	9	58	0	25.4	orig=20.3R|orig.time=Noon|orig.date=1860-09-01
1860	9	1	11	58	0	26.8	orig=21.4R|orig.time=2:00PM|orig.date=1860-09-01
1860	9	1	18	58	0	23	orig=18.4R|orig.time=9:00PM|orig.date=1860-09-01
1860	9	2	4	58	0	20.2	orig=16.2R|orig.time=7:00AM|orig.date=1860-09-02
1860	9	2	9	58	0	27.5	orig=22R|orig.time=Noon|orig.date=1860-09-02
1860	9	2	11	58	0	28.5	orig=22.8R|orig.time=2:00PM|orig.date=1860-09-02
1860	9	2	18	58	0	24	orig=19.2R|orig.time=9:00PM|orig.date=1860-09-02
1860	9	3	4	58	0	20	orig=16R|orig.time=7:00AM|orig.date=1860-09-03
1860	9	3	9	58	0	28.5	orig=22.8R|orig.time=Noon|orig.date=1860-09-03
1860	9	3	11	58	0	29.8	orig=23.8R|orig.time=2:00PM|orig.date=1860-09-03
1860	9	3	18	58	0	21	orig=16.8R|orig.time=9:00PM|orig.date=1860-09-03
1860	9	4	4	58	0	14.5	orig=11.6R|orig.time=7:00AM|orig.date=1860-09-04
1860	9	4	9	58	0	18.5	orig=14.8R|orig.time=Noon|orig.date=1860-09-04
1860	9	4	11	58	0	19.1	orig=15.3R|orig.time=2:00PM|orig.date=1860-09-04
1860	9	4	18	58	0	14.8	orig=11.8R|orig.time=9:00PM|orig.date=1860-09-04
1860	9	5	4	58	0	12	orig=9.6R|orig.time=7:00AM|orig.date=1860-09-05
1860	9	5	9	58	0	14.8	orig=11.8R|orig.time=Noon|orig.date=1860-09-05
1860	9	5	11	58	0	16	orig=12.8R|orig.time=2:00PM|orig.date=1860-09-05
1860	9	5	18	58	0	14.8	orig=11.8R|orig.time=9:00PM|orig.date=1860-09-05
1860	9	6	4	58	0	12.8	orig=10.2R|orig.time=7:00AM|orig.date=1860-09-06
1860	9	6	9	58	0	17.6	orig=14.1R|orig.time=Noon|orig.date=1860-09-06
1860	9	6	11	58	0	18.5	orig=14.8R|orig.time=2:00PM|orig.date=1860-09-06
1860	9	6	18	58	0	13.8	orig=11R|orig.time=9:00PM|orig.date=1860-09-06
1860	9	7	4	58	0	10	orig=8R|orig.time=7:00AM|orig.date=1860-09-07
1860	9	7	9	58	0	17.9	orig=14.3R|orig.time=Noon|orig.date=1860-09-07
1860	9	7	11	58	0	18.6	orig=14.9R|orig.time=2:00PM|orig.date=1860-09-07
1860	9	7	18	58	0	13.2	orig=10.6R|orig.time=9:00PM|orig.date=1860-09-07
1860	9	8	4	58	0	11	orig=8.8R|orig.time=7:00AM|orig.date=1860-09-08
1860	9	8	9	58	0	18.8	orig=15R|orig.time=Noon|orig.date=1860-09-08
1860	9	8	11	58	0	23.2	orig=18.6R|orig.time=2:00PM|orig.date=1860-09-08
1860	9	8	18	58	0	16.4	orig=13.1R|orig.time=9:00PM|orig.date=1860-09-08
1860	9	9	4	58	0	16.1	orig=12.9R|orig.time=7:00AM|orig.date=1860-09-09
1860	9	9	9	58	0	18.8	orig=15R|orig.time=Noon|orig.date=1860-09-09
1860	9	9	11	58	0	18.6	orig=14.9R|orig.time=2:00PM|orig.date=1860-09-09
1860	9	9	18	58	0	15.2	orig=12.2R|orig.time=9:00PM|orig.date=1860-09-09
1860	9	10	4	58	0	9.9	orig=7.9R|orig.time=7:00AM|orig.date=1860-09-10
1860	9	10	9	58	0	13.5	orig=10.8R|orig.time=Noon|orig.date=1860-09-10
1860	9	10	11	58	0	14.4	orig=11.5R|orig.time=2:00PM|orig.date=1860-09-10
1860	9	10	18	58	0	10.5	orig=8.4R|orig.time=9:00PM|orig.date=1860-09-10
1860	9	11	4	58	0	6	orig=4.8R|orig.time=7:00AM|orig.date=1860-09-11
1860	9	11	9	58	0	13.2	orig=10.6R|orig.time=Noon|orig.date=1860-09-11
1860	9	11	11	58	0	13	orig=10.4R|orig.time=2:00PM|orig.date=1860-09-11
1860	9	11	18	58	0	9.8	orig=7.8R|orig.time=9:00PM|orig.date=1860-09-11
1860	9	12	4	58	0	8.9	orig=7.1R|orig.time=7:00AM|orig.date=1860-09-12
1860	9	12	9	58	0	9.2	orig=7.4R|orig.time=Noon|orig.date=1860-09-12
1860	9	12	11	58	0	8.9	orig=7.1R|orig.time=2:00PM|orig.date=1860-09-12
1860	9	12	18	58	0	7.8	orig=6.2R|orig.time=9:00PM|orig.date=1860-09-12
1860	9	13	4	58	0	6.1	orig=4.9R|orig.time=7:00AM|orig.date=1860-09-13
1860	9	13	9	58	0	12.2	orig=9.8R|orig.time=Noon|orig.date=1860-09-13
1860	9	13	11	58	0	13.1	orig=10.5R|orig.time=2:00PM|orig.date=1860-09-13
1860	9	13	18	58	0	8.6	orig=6.9R|orig.time=9:00PM|orig.date=1860-09-13
1860	9	14	4	58	0	6.1	orig=4.9R|orig.time=7:00AM|orig.date=1860-09-14
1860	9	14	9	58	0	14	orig=11.2R|orig.time=Noon|orig.date=1860-09-14
1860	9	14	11	58	0	14.9	orig=11.9R|orig.time=2:00PM|orig.date=1860-09-14
1860	9	14	18	58	0	10.5	orig=8.4R|orig.time=9:00PM|orig.date=1860-09-14
1860	9	15	4	58	0	6.8	orig=5.4R|orig.time=7:00AM|orig.date=1860-09-15
1860	9	15	9	58	0	14.5	orig=11.6R|orig.time=Noon|orig.date=1860-09-15
1860	9	15	11	58	0	15.4	orig=12.3R|orig.time=2:00PM|orig.date=1860-09-15
1860	9	15	18	58	0	12.2	orig=9.8R|orig.time=9:00PM|orig.date=1860-09-15
1860	9	16	4	58	0	9.5	orig=7.6R|orig.time=7:00AM|orig.date=1860-09-16
1860	9	16	9	58	0	16.8	orig=13.4R|orig.time=Noon|orig.date=1860-09-16
1860	9	16	11	58	0	18.4	orig=14.7R|orig.time=2:00PM|orig.date=1860-09-16
1860	9	16	18	58	0	12.8	orig=10.2R|orig.time=9:00PM|orig.date=1860-09-16
1860	9	17	4	58	0	10.9	orig=8.7R|orig.time=7:00AM|orig.date=1860-09-17
1860	9	17	9	58	0	13	orig=10.4R|orig.time=Noon|orig.date=1860-09-17
1860	9	17	11	58	0	13.1	orig=10.5R|orig.time=2:00PM|orig.date=1860-09-17
1860	9	17	18	58	0	12.6	orig=10.1R|orig.time=9:00PM|orig.date=1860-09-17
1860	9	18	4	58	0	9.2	orig=7.4R|orig.time=7:00AM|orig.date=1860-09-18
1860	9	18	9	58	0	15.9	orig=12.7R|orig.time=Noon|orig.date=1860-09-18
1860	9	18	11	58	0	17.4	orig=13.9R|orig.time=2:00PM|orig.date=1860-09-18
1860	9	18	18	58	0	13.2	orig=10.6R|orig.time=9:00PM|orig.date=1860-09-18
1860	9	19	4	58	0	11.2	orig=9R|orig.time=7:00AM|orig.date=1860-09-19
1860	9	19	9	58	0	17.9	orig=14.3R|orig.time=Noon|orig.date=1860-09-19
1860	9	19	11	58	0	19.1	orig=15.3R|orig.time=2:00PM|orig.date=1860-09-19
1860	9	19	18	58	0	14.9	orig=11.9R|orig.time=9:00PM|orig.date=1860-09-19
1860	9	20	4	58	0	11.8	orig=9.4R|orig.time=7:00AM|orig.date=1860-09-20
1860	9	20	9	58	0	18	orig=14.4R|orig.time=Noon|orig.date=1860-09-20
1860	9	20	11	58	0	19.1	orig=15.3R|orig.time=2:00PM|orig.date=1860-09-20
1860	9	20	18	58	0	15.6	orig=12.5R|orig.time=9:00PM|orig.date=1860-09-20
1860	9	21	4	58	0	12.9	orig=10.3R|orig.time=7:00AM|orig.date=1860-09-21
1860	9	21	9	58	0	16.9	orig=13.5R|orig.time=Noon|orig.date=1860-09-21
1860	9	21	11	58	0	18.2	orig=14.6R|orig.time=2:00PM|orig.date=1860-09-21
1860	9	21	18	58	0	17.4	orig=13.9R|orig.time=9:00PM|orig.date=1860-09-21
1860	9	22	4	58	0	15.2	orig=12.2R|orig.time=7:00AM|orig.date=1860-09-22
1860	9	22	9	58	0	18.2	orig=14.6R|orig.time=Noon|orig.date=1860-09-22
1860	9	22	11	58	0	17.1	orig=13.7R|orig.time=2:00PM|orig.date=1860-09-22
1860	9	22	18	58	0	16	orig=12.8R|orig.time=9:00PM|orig.date=1860-09-22
1860	9	23	4	58	0	11.2	orig=9R|orig.time=7:00AM|orig.date=1860-09-23
1860	9	23	9	58	0	13	orig=10.4R|orig.time=Noon|orig.date=1860-09-23
1860	9	23	11	58	0	16.8	orig=13.4R|orig.time=2:00PM|orig.date=1860-09-23
1860	9	23	18	58	0	13.2	orig=10.6R|orig.time=9:00PM|orig.date=1860-09-23
1860	9	24	4	58	0	9.5	orig=7.6R|orig.time=7:00AM|orig.date=1860-09-24
1860	9	24	9	58	0	16.8	orig=13.4R|orig.time=Noon|orig.date=1860-09-24
1860	9	24	11	58	0	19.9	orig=15.9R|orig.time=2:00PM|orig.date=1860-09-24
1860	9	24	18	58	0	16.8	orig=13.4R|orig.time=9:00PM|orig.date=1860-09-24
1860	9	25	4	58	0	13.4	orig=10.7R|orig.time=7:00AM|orig.date=1860-09-25
1860	9	25	9	58	0	21	orig=16.8R|orig.time=Noon|orig.date=1860-09-25
1860	9	25	11	58	0	22.4	orig=17.9R|orig.time=2:00PM|orig.date=1860-09-25
1860	9	25	18	58	0	16.2	orig=13R|orig.time=9:00PM|orig.date=1860-09-25
1860	9	26	4	58	0	13	orig=10.4R|orig.time=7:00AM|orig.date=1860-09-26
1860	9	26	9	58	0	20.2	orig=16.2R|orig.time=Noon|orig.date=1860-09-26
1860	9	26	11	58	0	22.2	orig=17.8R|orig.time=2:00PM|orig.date=1860-09-26
1860	9	26	18	58	0	17	orig=13.6R|orig.time=9:00PM|orig.date=1860-09-26
1860	9	27	4	58	0	12.2	orig=9.8R|orig.time=7:00AM|orig.date=1860-09-27
1860	9	27	9	58	0	19.8	orig=15.8R|orig.time=Noon|orig.date=1860-09-27
1860	9	27	11	58	0	21.8	orig=17.4R|orig.time=2:00PM|orig.date=1860-09-27
1860	9	27	18	58	0	18.2	orig=14.6R|orig.time=9:00PM|orig.date=1860-09-27
1860	9	28	4	58	0	13	orig=10.4R|orig.time=7:00AM|orig.date=1860-09-28
1860	9	28	9	58	0	19.5	orig=15.6R|orig.time=Noon|orig.date=1860-09-28
1860	9	28	11	58	0	20.2	orig=16.2R|orig.time=2:00PM|orig.date=1860-09-28
1860	9	28	18	58	0	15.5	orig=12.4R|orig.time=9:00PM|orig.date=1860-09-28
1860	9	29	4	58	0	12.4	orig=9.9R|orig.time=7:00AM|orig.date=1860-09-29
1860	9	29	9	58	0	18.4	orig=14.7R|orig.time=Noon|orig.date=1860-09-29
1860	9	29	11	58	0	20.2	orig=16.2R|orig.time=2:00PM|orig.date=1860-09-29
1860	9	29	18	58	0	15.8	orig=12.6R|orig.time=9:00PM|orig.date=1860-09-29
1860	9	30	4	58	0	11.9	orig=9.5R|orig.time=7:00AM|orig.date=1860-09-30
1860	9	30	9	58	0	17.8	orig=14.2R|orig.time=Noon|orig.date=1860-09-30
1860	9	30	11	58	0	18.5	orig=14.8R|orig.time=2:00PM|orig.date=1860-09-30
1860	9	30	18	58	0	10.4	orig=8.3R|orig.time=9:00PM|orig.date=1860-09-30
1860	10	1	4	58	0	8.8	orig=7R|orig.time=7:00AM|orig.date=1860-10-01
1860	10	1	9	58	0	9.2	orig=7.4R|orig.time=Noon|orig.date=1860-10-01
1860	10	1	11	58	0	8.5	orig=6.8R|orig.time=2:00PM|orig.date=1860-10-01
1860	10	1	18	58	0	7	orig=5.6R|orig.time=9:00PM|orig.date=1860-10-01
1860	10	2	4	58	0	5.8	orig=4.6R|orig.time=7:00AM|orig.date=1860-10-02
1860	10	2	9	58	0	7.2	orig=5.8R|orig.time=Noon|orig.date=1860-10-02
1860	10	2	11	58	0	8	orig=6.4R|orig.time=2:00PM|orig.date=1860-10-02
1860	10	2	18	58	0	7.8	orig=6.2R|orig.time=9:00PM|orig.date=1860-10-02
1860	10	3	4	58	0	7	orig=5.6R|orig.time=7:00AM|orig.date=1860-10-03
1860	10	3	9	58	0	7.4	orig=5.9R|orig.time=Noon|orig.date=1860-10-03
1860	10	3	11	58	0	7.8	orig=6.2R|orig.time=2:00PM|orig.date=1860-10-03
1860	10	3	18	58	0	7	orig=5.6R|orig.time=9:00PM|orig.date=1860-10-03
1860	10	4	4	58	0	7.1	orig=5.7R|orig.time=7:00AM|orig.date=1860-10-04
1860	10	4	9	58	0	13.1	orig=10.5R|orig.time=Noon|orig.date=1860-10-04
1860	10	4	11	58	0	13.9	orig=11.1R|orig.time=2:00PM|orig.date=1860-10-04
1860	10	4	18	58	0	11.6	orig=9.3R|orig.time=9:00PM|orig.date=1860-10-04
1860	10	5	4	58	0	9.2	orig=7.4R|orig.time=7:00AM|orig.date=1860-10-05
1860	10	5	9	58	0	11	orig=8.8R|orig.time=Noon|orig.date=1860-10-05
1860	10	5	11	58	0	11.8	orig=9.4R|orig.time=2:00PM|orig.date=1860-10-05
1860	10	5	18	58	0	9.5	orig=7.6R|orig.time=9:00PM|orig.date=1860-10-05
1860	10	6	4	58	0	7.6	orig=6.1R|orig.time=7:00AM|orig.date=1860-10-06
1860	10	6	9	58	0	8	orig=6.4R|orig.time=Noon|orig.date=1860-10-06
1860	10	6	11	58	0	10	orig=8R|orig.time=2:00PM|orig.date=1860-10-06
1860	10	6	18	58	0	5	orig=4R|orig.time=9:00PM|orig.date=1860-10-06
1860	10	7	4	58	0	4.1	orig=3.3R|orig.time=7:00AM|orig.date=1860-10-07
1860	10	7	9	58	0	7.2	orig=5.8R|orig.time=Noon|orig.date=1860-10-07
1860	10	7	11	58	0	7.8	orig=6.2R|orig.time=2:00PM|orig.date=1860-10-07
1860	10	7	18	58	0	6	orig=4.8R|orig.time=9:00PM|orig.date=1860-10-07
1860	10	8	4	58	0	1	orig=0.8R|orig.time=7:00AM|orig.date=1860-10-08
1860	10	8	9	58	0	9.8	orig=7.8R|orig.time=Noon|orig.date=1860-10-08
1860	10	8	11	58	0	12.1	orig=9.7R|orig.time=2:00PM|orig.date=1860-10-08
1860	10	8	18	58	0	9.1	orig=7.3R|orig.time=9:00PM|orig.date=1860-10-08
1860	10	9	4	58	0	8.1	orig=6.5R|orig.time=7:00AM|orig.date=1860-10-09
1860	10	9	9	58	0	11.4	orig=9.1R|orig.time=Noon|orig.date=1860-10-09
1860	10	9	11	58	0	11.6	orig=9.3R|orig.time=2:00PM|orig.date=1860-10-09
1860	10	9	18	58	0	9.8	orig=7.8R|orig.time=9:00PM|orig.date=1860-10-09
1860	10	10	4	58	0	10.4	orig=8.3R|orig.time=7:00AM|orig.date=1860-10-10
1860	10	10	9	58	0	12.6	orig=10.1R|orig.time=Noon|orig.date=1860-10-10
1860	10	10	11	58	0	14	orig=11.2R|orig.time=2:00PM|orig.date=1860-10-10
1860	10	10	18	58	0	15	orig=12R|orig.time=9:00PM|orig.date=1860-10-10
1860	10	11	4	58	0	3	orig=2.4R|orig.time=7:00AM|orig.date=1860-10-11
1860	10	11	9	58	0	4.1	orig=3.3R|orig.time=Noon|orig.date=1860-10-11
1860	10	11	11	58	0	5	orig=4R|orig.time=2:00PM|orig.date=1860-10-11
1860	10	11	18	58	0	3.1	orig=2.5R|orig.time=9:00PM|orig.date=1860-10-11
1860	10	12	4	58	0	3.5	orig=2.8R|orig.time=7:00AM|orig.date=1860-10-12
1860	10	12	9	58	0	11.1	orig=8.9R|orig.time=Noon|orig.date=1860-10-12
1860	10	12	11	58	0	11.5	orig=9.2R|orig.time=2:00PM|orig.date=1860-10-12
1860	10	12	18	58	0	6.5	orig=5.2R|orig.time=9:00PM|orig.date=1860-10-12
1860	10	13	4	58	0	7.4	orig=5.9R|orig.time=7:00AM|orig.date=1860-10-13
1860	10	13	9	58	0	15.4	orig=12.3R|orig.time=Noon|orig.date=1860-10-13
1860	10	13	11	58	0	16	orig=12.8R|orig.time=2:00PM|orig.date=1860-10-13
1860	10	13	18	58	0	10.9	orig=8.7R|orig.time=9:00PM|orig.date=1860-10-13
1860	10	14	4	58	0	11.1	orig=8.9R|orig.time=7:00AM|orig.date=1860-10-14
1860	10	14	9	58	0	11.2	orig=9R|orig.time=Noon|orig.date=1860-10-14
1860	10	14	11	58	0	13.5	orig=10.8R|orig.time=2:00PM|orig.date=1860-10-14
1860	10	14	18	58	0	5	orig=4R|orig.time=9:00PM|orig.date=1860-10-14
1860	10	15	4	58	0	4.2	orig=3.4R|orig.time=7:00AM|orig.date=1860-10-15
1860	10	15	9	58	0	6.9	orig=5.5R|orig.time=Noon|orig.date=1860-10-15
1860	10	15	11	58	0	8.5	orig=6.8R|orig.time=2:00PM|orig.date=1860-10-15
1860	10	15	18	58	0	4.4	orig=3.5R|orig.time=9:00PM|orig.date=1860-10-15
1860	10	16	4	58	0	3.1	orig=2.5R|orig.time=7:00AM|orig.date=1860-10-16
1860	10	16	9	58	0	9.2	orig=7.4R|orig.time=Noon|orig.date=1860-10-16
1860	10	16	11	58	0	10	orig=8R|orig.time=2:00PM|orig.date=1860-10-16
1860	10	16	18	58	0	6.2	orig=5R|orig.time=9:00PM|orig.date=1860-10-16
1860	10	17	4	58	0	1.9	orig=1.5R|orig.time=7:00AM|orig.date=1860-10-17
1860	10	17	9	58	0	9.2	orig=7.4R|orig.time=Noon|orig.date=1860-10-17
1860	10	17	11	58	0	10.2	orig=8.2R|orig.time=2:00PM|orig.date=1860-10-17
1860	10	17	18	58	0	8.5	orig=6.8R|orig.time=9:00PM|orig.date=1860-10-17
1860	10	18	4	58	0	5	orig=4R|orig.time=7:00AM|orig.date=1860-10-18
1860	10	18	9	58	0	6.6	orig=5.3R|orig.time=Noon|orig.date=1860-10-18
1860	10	18	11	58	0	7.5	orig=6R|orig.time=2:00PM|orig.date=1860-10-18
1860	10	18	18	58	0	7.5	orig=6R|orig.time=9:00PM|orig.date=1860-10-18
1860	10	19	4	58	0	7.4	orig=5.9R|orig.time=7:00AM|orig.date=1860-10-19
1860	10	19	9	58	0	11.5	orig=9.2R|orig.time=Noon|orig.date=1860-10-19
1860	10	19	11	58	0	11.6	orig=9.3R|orig.time=2:00PM|orig.date=1860-10-19
1860	10	19	18	58	0	9.5	orig=7.6R|orig.time=9:00PM|orig.date=1860-10-19
1860	10	20	4	58	0	3.2	orig=2.6R|orig.time=7:00AM|orig.date=1860-10-20
1860	10	20	9	58	0	10.8	orig=8.6R|orig.time=Noon|orig.date=1860-10-20
1860	10	20	11	58	0	11.9	orig=9.5R|orig.time=2:00PM|orig.date=1860-10-20
1860	10	20	18	58	0	8	orig=6.4R|orig.time=9:00PM|orig.date=1860-10-20
1860	10	21	4	58	0	7.8	orig=6.2R|orig.time=7:00AM|orig.date=1860-10-21
1860	10	21	9	58	0	10.9	orig=8.7R|orig.time=Noon|orig.date=1860-10-21
1860	10	21	11	58	0	12.4	orig=9.9R|orig.time=2:00PM|orig.date=1860-10-21
1860	10	21	18	58	0	6.2	orig=5R|orig.time=9:00PM|orig.date=1860-10-21
1860	10	22	4	58	0	3.5	orig=2.8R|orig.time=7:00AM|orig.date=1860-10-22
1860	10	22	9	58	0	9.6	orig=7.7R|orig.time=Noon|orig.date=1860-10-22
1860	10	22	11	58	0	10.2	orig=8.2R|orig.time=2:00PM|orig.date=1860-10-22
1860	10	22	18	58	0	5.2	orig=4.2R|orig.time=9:00PM|orig.date=1860-10-22
1860	10	23	4	58	0	4	orig=3.2R|orig.time=7:00AM|orig.date=1860-10-23
1860	10	23	9	58	0	7	orig=5.6R|orig.time=Noon|orig.date=1860-10-23
1860	10	23	11	58	0	7.6	orig=6.1R|orig.time=2:00PM|orig.date=1860-10-23
1860	10	23	18	58	0	4.9	orig=3.9R|orig.time=9:00PM|orig.date=1860-10-23
1860	10	24	4	58	0	3.9	orig=3.1R|orig.time=7:00AM|orig.date=1860-10-24
1860	10	24	9	58	0	7.8	orig=6.2R|orig.time=Noon|orig.date=1860-10-24
1860	10	24	11	58	0	8.5	orig=6.8R|orig.time=2:00PM|orig.date=1860-10-24
1860	10	24	18	58	0	5.1	orig=4.1R|orig.time=9:00PM|orig.date=1860-10-24
1860	10	25	4	58	0	3.2	orig=2.6R|orig.time=7:00AM|orig.date=1860-10-25
1860	10	25	9	58	0	6.6	orig=5.3R|orig.time=Noon|orig.date=1860-10-25
1860	10	25	11	58	0	7	orig=5.6R|orig.time=2:00PM|orig.date=1860-10-25
1860	10	25	18	58	0	6.4	orig=5.1R|orig.time=9:00PM|orig.date=1860-10-25
1860	10	26	4	58	0	3.6	orig=2.9R|orig.time=7:00AM|orig.date=1860-10-26
1860	10	26	9	58	0	5.8	orig=4.6R|orig.time=Noon|orig.date=1860-10-26
1860	10	26	11	58	0	5.1	orig=4.1R|orig.time=2:00PM|orig.date=1860-10-26
1860	10	26	18	58	0	2.5	orig=2R|orig.time=9:00PM|orig.date=1860-10-26
1860	10	27	4	58	0	-0.8	orig=-0.6R|orig.time=7:00AM|orig.date=1860-10-27
1860	10	27	9	58	0	2.8	orig=2.2R|orig.time=Noon|orig.date=1860-10-27
1860	10	27	11	58	0	3.2	orig=2.6R|orig.time=2:00PM|orig.date=1860-10-27
1860	10	27	18	58	0	2.2	orig=1.8R|orig.time=9:00PM|orig.date=1860-10-27
1860	10	28	4	58	0	1.2	orig=1R|orig.time=7:00AM|orig.date=1860-10-28
1860	10	28	9	58	0	5.4	orig=4.3R|orig.time=Noon|orig.date=1860-10-28
1860	10	28	11	58	0	5.2	orig=4.2R|orig.time=2:00PM|orig.date=1860-10-28
1860	10	28	18	58	0	0.5	orig=0.4R|orig.time=9:00PM|orig.date=1860-10-28
1860	10	29	4	58	0	0.8	orig=0.6R|orig.time=7:00AM|orig.date=1860-10-29
1860	10	29	9	58	0	1.8	orig=1.4R|orig.time=Noon|orig.date=1860-10-29
1860	10	29	11	58	0	2	orig=1.6R|orig.time=2:00PM|orig.date=1860-10-29
1860	10	29	18	58	0	0.4	orig=0.3R|orig.time=9:00PM|orig.date=1860-10-29
1860	10	30	4	58	0	0	orig=0R|orig.time=7:00AM|orig.date=1860-10-30
1860	10	30	9	58	0	0.5	orig=0.4R|orig.time=Noon|orig.date=1860-10-30
1860	10	30	11	58	0	0.6	orig=0.5R|orig.time=2:00PM|orig.date=1860-10-30
1860	10	30	18	58	0	7.5	orig=6R|orig.time=9:00PM|orig.date=1860-10-30
1860	10	31	4	58	0	-0.6	orig=-0.5R|orig.time=7:00AM|orig.date=1860-10-31
1860	10	31	9	58	0	0.6	orig=0.5R|orig.time=Noon|orig.date=1860-10-31
1860	10	31	11	58	0	0.2	orig=0.2R|orig.time=2:00PM|orig.date=1860-10-31
1860	10	31	18	58	0	0.2	orig=0.2R|orig.time=9:00PM|orig.date=1860-10-31
1860	11	1	4	58	0	-0.8	orig=-0.6R|orig.time=7:00AM|orig.date=1860-11-01
1860	11	1	9	58	0	0.5	orig=0.4R|orig.time=Noon|orig.date=1860-11-01
1860	11	1	11	58	0	1	orig=0.8R|orig.time=2:00PM|orig.date=1860-11-01
1860	11	1	18	58	0	0.8	orig=0.6R|orig.time=9:00PM|orig.date=1860-11-01
1860	11	2	4	58	0	0.6	orig=0.5R|orig.time=7:00AM|orig.date=1860-11-02
1860	11	2	9	58	0	1.9	orig=1.5R|orig.time=Noon|orig.date=1860-11-02
1860	11	2	11	58	0	2	orig=1.6R|orig.time=2:00PM|orig.date=1860-11-02
1860	11	2	18	58	0	0.2	orig=0.2R|orig.time=9:00PM|orig.date=1860-11-02
1860	11	3	4	58	0	0.2	orig=0.2R|orig.time=7:00AM|orig.date=1860-11-03
1860	11	3	9	58	0	1.4	orig=1.1R|orig.time=Noon|orig.date=1860-11-03
1860	11	3	11	58	0	1.9	orig=1.5R|orig.time=2:00PM|orig.date=1860-11-03
1860	11	3	18	58	0	0	orig=0R|orig.time=9:00PM|orig.date=1860-11-03
1860	11	4	4	58	0	0	orig=-0.03R|orig.time=7:00AM|orig.date=1860-11-04
1860	11	4	9	58	0	1.4	orig=1.1R|orig.time=Noon|orig.date=1860-11-04
1860	11	4	11	58	0	1	orig=0.8R|orig.time=2:00PM|orig.date=1860-11-04
1860	11	4	18	58	0	-1.8	orig=-1.4R|orig.time=9:00PM|orig.date=1860-11-04
1860	11	5	4	58	0	-3.6	orig=-2.9R|orig.time=7:00AM|orig.date=1860-11-05
1860	11	5	9	58	0	0.4	orig=0.3R|orig.time=Noon|orig.date=1860-11-05
1860	11	5	11	58	0	0.9	orig=0.7R|orig.time=2:00PM|orig.date=1860-11-05
1860	11	5	18	58	0	-1	orig=-0.8R|orig.time=9:00PM|orig.date=1860-11-05
1860	11	6	4	58	0	-2.8	orig=-2.2R|orig.time=7:00AM|orig.date=1860-11-06
1860	11	6	9	58	0	0.5	orig=0.4R|orig.time=Noon|orig.date=1860-11-06
1860	11	6	11	58	0	0.8	orig=0.6R|orig.time=2:00PM|orig.date=1860-11-06
1860	11	6	18	58	0	-1	orig=-0.8R|orig.time=9:00PM|orig.date=1860-11-06
1860	11	7	4	58	0	-3	orig=-2.4R|orig.time=7:00AM|orig.date=1860-11-07
1860	11	7	9	58	0	-0.4	orig=-0.3R|orig.time=Noon|orig.date=1860-11-07
1860	11	7	11	58	0	-0.6	orig=-0.5R|orig.time=2:00PM|orig.date=1860-11-07
1860	11	7	18	58	0	-3.9	orig=-3.1R|orig.time=9:00PM|orig.date=1860-11-07
1860	11	8	4	58	0	-1	orig=-0.8R|orig.time=7:00AM|orig.date=1860-11-08
1860	11	8	9	58	0	1	orig=0.8R|orig.time=Noon|orig.date=1860-11-08
1860	11	8	11	58	0	0.4	orig=0.3R|orig.time=2:00PM|orig.date=1860-11-08
1860	11	8	18	58	0	0.5	orig=0.4R|orig.time=9:00PM|orig.date=1860-11-08
1860	11	9	4	58	0	-0.1	orig=-0.1R|orig.time=7:00AM|orig.date=1860-11-09
1860	11	9	9	58	0	0.9	orig=0.7R|orig.time=Noon|orig.date=1860-11-09
1860	11	9	11	58	0	0.8	orig=0.6R|orig.time=2:00PM|orig.date=1860-11-09
1860	11	9	18	58	0	0.2	orig=0.2R|orig.time=9:00PM|orig.date=1860-11-09
1860	11	10	4	58	0	-1	orig=-0.8R|orig.time=7:00AM|orig.date=1860-11-10
1860	11	10	9	58	0	-1	orig=-0.8R|orig.time=Noon|orig.date=1860-11-10
1860	11	10	11	58	0	-1.2	orig=-1R|orig.time=2:00PM|orig.date=1860-11-10
1860	11	10	18	58	0	-1.6	orig=-1.3R|orig.time=9:00PM|orig.date=1860-11-10
1860	11	11	4	58	0	-3.6	orig=-2.9R|orig.time=7:00AM|orig.date=1860-11-11
1860	11	11	9	58	0	-1.6	orig=-1.3R|orig.time=Noon|orig.date=1860-11-11
1860	11	11	11	58	0	-1.5	orig=-1.2R|orig.time=2:00PM|orig.date=1860-11-11
1860	11	11	18	58	0	-4.6	orig=-3.7R|orig.time=9:00PM|orig.date=1860-11-11
1860	11	12	4	58	0	-9.1	orig=-7.3R|orig.time=7:00AM|orig.date=1860-11-12
1860	11	12	9	58	0	-4.5	orig=-3.6R|orig.time=Noon|orig.date=1860-11-12
1860	11	12	11	58	0	-3.9	orig=-3.1R|orig.time=2:00PM|orig.date=1860-11-12
1860	11	12	18	58	0	-7.5	orig=-6R|orig.time=9:00PM|orig.date=1860-11-12
1860	11	13	4	58	0	-10.5	orig=-8.4R|orig.time=7:00AM|orig.date=1860-11-13
1860	11	13	9	58	0	-4.8	orig=-3.8R|orig.time=Noon|orig.date=1860-11-13
1860	11	13	11	58	0	-3.2	orig=-2.6R|orig.time=2:00PM|orig.date=1860-11-13
1860	11	13	18	58	0	-8.1	orig=-6.5R|orig.time=9:00PM|orig.date=1860-11-13
1860	11	14	4	58	0	-11.5	orig=-9.2R|orig.time=7:00AM|orig.date=1860-11-14
1860	11	14	9	58	0	-5	orig=-4R|orig.time=Noon|orig.date=1860-11-14
1860	11	14	11	58	0	-2.4	orig=-1.9R|orig.time=2:00PM|orig.date=1860-11-14
1860	11	14	18	58	0	-6.2	orig=-5R|orig.time=9:00PM|orig.date=1860-11-14
1860	11	15	4	58	0	-3.8	orig=-3R|orig.time=7:00AM|orig.date=1860-11-15
1860	11	15	9	58	0	-1.8	orig=-1.4R|orig.time=Noon|orig.date=1860-11-15
1860	11	15	11	58	0	-1	orig=-0.8R|orig.time=2:00PM|orig.date=1860-11-15
1860	11	15	18	58	0	-1.4	orig=-1.1R|orig.time=9:00PM|orig.date=1860-11-15
1860	11	16	4	58	0	-2.5	orig=-2R|orig.time=7:00AM|orig.date=1860-11-16
1860	11	16	9	58	0	-0.8	orig=-0.6R|orig.time=Noon|orig.date=1860-11-16
1860	11	16	11	58	0	-1.5	orig=-1.2R|orig.time=2:00PM|orig.date=1860-11-16
1860	11	16	18	58	0	-2.9	orig=-2.3R|orig.time=9:00PM|orig.date=1860-11-16
1860	11	17	4	58	0	-2.8	orig=-2.2R|orig.time=7:00AM|orig.date=1860-11-17
1860	11	17	9	58	0	-0.2	orig=-0.2R|orig.time=Noon|orig.date=1860-11-17
1860	11	17	11	58	0	0.1	orig=0.1R|orig.time=2:00PM|orig.date=1860-11-17
1860	11	17	18	58	0	-1.6	orig=-1.3R|orig.time=9:00PM|orig.date=1860-11-17
1860	11	18	4	58	0	-2	orig=-1.6R|orig.time=7:00AM|orig.date=1860-11-18
1860	11	18	9	58	0	-0.6	orig=-0.5R|orig.time=Noon|orig.date=1860-11-18
1860	11	18	11	58	0	-0.8	orig=-0.6R|orig.time=2:00PM|orig.date=1860-11-18
1860	11	18	18	58	0	0	orig=0R|orig.time=9:00PM|orig.date=1860-11-18
1860	11	19	4	58	0	-2	orig=-1.6R|orig.time=7:00AM|orig.date=1860-11-19
1860	11	19	9	58	0	1.1	orig=0.9R|orig.time=Noon|orig.date=1860-11-19
1860	11	19	11	58	0	0.8	orig=0.6R|orig.time=2:00PM|orig.date=1860-11-19
1860	11	19	18	58	0	0.1	orig=0.1R|orig.time=9:00PM|orig.date=1860-11-19
1860	11	20	4	58	0	0.5	orig=0.4R|orig.time=7:00AM|orig.date=1860-11-20
1860	11	20	9	58	0	0.2	orig=0.2R|orig.time=Noon|orig.date=1860-11-20
1860	11	20	11	58	0	0	orig=0R|orig.time=2:00PM|orig.date=1860-11-20
1860	11	20	18	58	0	-1.2	orig=-1R|orig.time=9:00PM|orig.date=1860-11-20
1860	11	21	4	58	0	-1.5	orig=-1.2R|orig.time=7:00AM|orig.date=1860-11-21
1860	11	21	9	58	0	0.2	orig=0.2R|orig.time=Noon|orig.date=1860-11-21
1860	11	21	11	58	0	0.5	orig=0.4R|orig.time=2:00PM|orig.date=1860-11-21
1860	11	21	18	58	0	0.8	orig=0.6R|orig.time=9:00PM|orig.date=1860-11-21
1860	11	22	4	58	0	0	orig=0R|orig.time=7:00AM|orig.date=1860-11-22
1860	11	22	9	58	0	2.2	orig=1.8R|orig.time=Noon|orig.date=1860-11-22
1860	11	22	11	58	0	1.5	orig=1.2R|orig.time=2:00PM|orig.date=1860-11-22
1860	11	22	18	58	0	-2.5	orig=-2R|orig.time=9:00PM|orig.date=1860-11-22
1860	11	23	4	58	0	-2.8	orig=-2.2R|orig.time=7:00AM|orig.date=1860-11-23
1860	11	23	9	58	0	-0.1	orig=-0.1R|orig.time=Noon|orig.date=1860-11-23
1860	11	23	11	58	0	-0.1	orig=-0.1R|orig.time=2:00PM|orig.date=1860-11-23
1860	11	23	18	58	0	-3	orig=-2.4R|orig.time=9:00PM|orig.date=1860-11-23
1860	11	24	4	58	0	-0.8	orig=-0.6R|orig.time=7:00AM|orig.date=1860-11-24
1860	11	24	9	58	0	1.6	orig=1.3R|orig.time=Noon|orig.date=1860-11-24
1860	11	24	11	58	0	1.8	orig=1.4R|orig.time=2:00PM|orig.date=1860-11-24
1860	11	24	18	58	0	1.1	orig=0.9R|orig.time=9:00PM|orig.date=1860-11-24
1860	11	25	4	58	0	1.8	orig=1.4R|orig.time=7:00AM|orig.date=1860-11-25
1860	11	25	9	58	0	2.5	orig=2R|orig.time=Noon|orig.date=1860-11-25
1860	11	25	11	58	0	3	orig=2.4R|orig.time=2:00PM|orig.date=1860-11-25
1860	11	25	18	58	0	2.2	orig=1.8R|orig.time=9:00PM|orig.date=1860-11-25
1860	11	26	4	58	0	1.8	orig=1.4R|orig.time=7:00AM|orig.date=1860-11-26
1860	11	26	9	58	0	3.6	orig=2.9R|orig.time=Noon|orig.date=1860-11-26
1860	11	26	11	58	0	3.5	orig=2.8R|orig.time=2:00PM|orig.date=1860-11-26
1860	11	26	18	58	0	4.2	orig=3.4R|orig.time=9:00PM|orig.date=1860-11-26
1860	11	27	4	58	0	3.2	orig=2.6R|orig.time=7:00AM|orig.date=1860-11-27
1860	11	27	9	58	0	4.5	orig=3.6R|orig.time=Noon|orig.date=1860-11-27
1860	11	27	11	58	0	5	orig=4R|orig.time=2:00PM|orig.date=1860-11-27
1860	11	27	18	58	0	4.8	orig=3.8R|orig.time=9:00PM|orig.date=1860-11-27
1860	11	28	4	58	0	6.1	orig=4.9R|orig.time=7:00AM|orig.date=1860-11-28
1860	11	28	9	58	0	11.4	orig=9.1R|orig.time=Noon|orig.date=1860-11-28
1860	11	28	11	58	0	11	orig=8.8R|orig.time=2:00PM|orig.date=1860-11-28
1860	11	28	18	58	0	9.8	orig=7.8R|orig.time=9:00PM|orig.date=1860-11-28
1860	11	29	4	58	0	4.2	orig=3.4R|orig.time=7:00AM|orig.date=1860-11-29
1860	11	29	9	58	0	6.2	orig=5R|orig.time=Noon|orig.date=1860-11-29
1860	11	29	11	58	0	4.1	orig=3.3R|orig.time=2:00PM|orig.date=1860-11-29
1860	11	29	18	58	0	1.6	orig=1.3R|orig.time=9:00PM|orig.date=1860-11-29
1860	11	30	4	58	0	0.8	orig=0.6R|orig.time=7:00AM|orig.date=1860-11-30
1860	11	30	9	58	0	0.8	orig=0.6R|orig.time=Noon|orig.date=1860-11-30
1860	11	30	11	58	0	1.1	orig=0.9R|orig.time=2:00PM|orig.date=1860-11-30
1860	11	30	18	58	0	-1.6	orig=-1.3R|orig.time=9:00PM|orig.date=1860-11-30
1860	12	1	4	58	0	-5.5	orig=-4.4R|orig.time=7:00AM|orig.date=1860-12-01
1860	12	1	9	58	0	-4.4	orig=-3.5R|orig.time=Noon|orig.date=1860-12-01
1860	12	1	11	58	0	-5.9	orig=-4.7R|orig.time=2:00PM|orig.date=1860-12-01
1860	12	1	18	58	0	-9.1	orig=-7.3R|orig.time=9:00PM|orig.date=1860-12-01
1860	12	2	4	58	0	-10.2	orig=-8.2R|orig.time=7:00AM|orig.date=1860-12-02
1860	12	2	9	58	0	-10.2	orig=-8.2R|orig.time=Noon|orig.date=1860-12-02
1860	12	2	11	58	0	-10	orig=-8R|orig.time=2:00PM|orig.date=1860-12-02
1860	12	2	18	58	0	-11.5	orig=-9.2R|orig.time=9:00PM|orig.date=1860-12-02
1860	12	3	4	58	0	-10.5	orig=-8.4R|orig.time=7:00AM|orig.date=1860-12-03
1860	12	3	9	58	0	-9.6	orig=-7.7R|orig.time=Noon|orig.date=1860-12-03
1860	12	3	11	58	0	-9.9	orig=-7.9R|orig.time=2:00PM|orig.date=1860-12-03
1860	12	3	18	58	0	-13.6	orig=-10.9R|orig.time=9:00PM|orig.date=1860-12-03
1860	12	4	4	58	0	-16.2	orig=-13R|orig.time=7:00AM|orig.date=1860-12-04
1860	12	4	9	58	0	-11.2	orig=-9R|orig.time=Noon|orig.date=1860-12-04
1860	12	4	11	58	0	-10.2	orig=-8.2R|orig.time=2:00PM|orig.date=1860-12-04
1860	12	4	18	58	0	-13.8	orig=-11R|orig.time=9:00PM|orig.date=1860-12-04
1860	12	5	4	58	0	-15	orig=-12R|orig.time=7:00AM|orig.date=1860-12-05
1860	12	5	9	58	0	-10.4	orig=-8.3R|orig.time=Noon|orig.date=1860-12-05
1860	12	5	11	58	0	-9.5	orig=-7.6R|orig.time=2:00PM|orig.date=1860-12-05
1860	12	5	18	58	0	-12.9	orig=-10.3R|orig.time=9:00PM|orig.date=1860-12-05
1860	12	6	4	58	0	-10.4	orig=-8.3R|orig.time=7:00AM|orig.date=1860-12-06
1860	12	6	9	58	0	-4	orig=-3.2R|orig.time=Noon|orig.date=1860-12-06
1860	12	6	11	58	0	-3.2	orig=-2.6R|orig.time=2:00PM|orig.date=1860-12-06
1860	12	6	18	58	0	-3.5	orig=-2.8R|orig.time=9:00PM|orig.date=1860-12-06
1860	12	7	4	58	0	-1.9	orig=-1.5R|orig.time=7:00AM|orig.date=1860-12-07
1860	12	7	9	58	0	-0.4	orig=-0.3R|orig.time=Noon|orig.date=1860-12-07
1860	12	7	11	58	0	-0.1	orig=-0.1R|orig.time=2:00PM|orig.date=1860-12-07
1860	12	7	18	58	0	0.8	orig=0.6R|orig.time=9:00PM|orig.date=1860-12-07
1860	12	8	4	58	0	0.9	orig=0.7R|orig.time=7:00AM|orig.date=1860-12-08
1860	12	8	9	58	0	1.8	orig=1.4R|orig.time=Noon|orig.date=1860-12-08
1860	12	8	11	58	0	2	orig=1.6R|orig.time=2:00PM|orig.date=1860-12-08
1860	12	8	18	58	0	0	orig=0R|orig.time=9:00PM|orig.date=1860-12-08
1860	12	9	4	58	0	-1.5	orig=-1.2R|orig.time=7:00AM|orig.date=1860-12-09
1860	12	9	9	58	0	0.1	orig=0.1R|orig.time=Noon|orig.date=1860-12-09
1860	12	9	11	58	0	0.8	orig=0.6R|orig.time=2:00PM|orig.date=1860-12-09
1860	12	9	18	58	0	1.5	orig=1.2R|orig.time=9:00PM|orig.date=1860-12-09
1860	12	10	4	58	0	3.5	orig=2.8R|orig.time=7:00AM|orig.date=1860-12-10
1860	12	10	9	58	0	4.6	orig=3.7R|orig.time=Noon|orig.date=1860-12-10
1860	12	10	11	58	0	4.9	orig=3.9R|orig.time=2:00PM|orig.date=1860-12-10
1860	12	10	18	58	0	5.1	orig=4.1R|orig.time=9:00PM|orig.date=1860-12-10
1860	12	11	4	58	0	4.4	orig=3.5R|orig.time=7:00AM|orig.date=1860-12-11
1860	12	11	9	58	0	5.2	orig=4.2R|orig.time=Noon|orig.date=1860-12-11
1860	12	11	11	58	0	5	orig=4R|orig.time=2:00PM|orig.date=1860-12-11
1860	12	11	18	58	0	5.8	orig=4.6R|orig.time=9:00PM|orig.date=1860-12-11
1860	12	12	4	58	0	2.8	orig=2.2R|orig.time=7:00AM|orig.date=1860-12-12
1860	12	12	9	58	0	3.4	orig=2.7R|orig.time=Noon|orig.date=1860-12-12
1860	12	12	11	58	0	3.6	orig=2.9R|orig.time=2:00PM|orig.date=1860-12-12
1860	12	12	18	58	0	2.4	orig=1.9R|orig.time=9:00PM|orig.date=1860-12-12
1860	12	13	4	58	0	0.2	orig=0.2R|orig.time=7:00AM|orig.date=1860-12-13
1860	12	13	9	58	0	4.6	orig=3.7R|orig.time=Noon|orig.date=1860-12-13
1860	12	13	11	58	0	4.4	orig=3.5R|orig.time=2:00PM|orig.date=1860-12-13
1860	12	13	18	58	0	4.6	orig=3.7R|orig.time=9:00PM|orig.date=1860-12-13
1860	12	14	4	58	0	2.9	orig=2.3R|orig.time=7:00AM|orig.date=1860-12-14
1860	12	14	9	58	0	2.8	orig=2.2R|orig.time=Noon|orig.date=1860-12-14
1860	12	14	11	58	0	3	orig=2.4R|orig.time=2:00PM|orig.date=1860-12-14
1860	12	14	18	58	0	0	orig=0R|orig.time=9:00PM|orig.date=1860-12-14
1860	12	15	4	58	0	-6.2	orig=-5R|orig.time=7:00AM|orig.date=1860-12-15
1860	12	15	9	58	0	-6	orig=-4.8R|orig.time=Noon|orig.date=1860-12-15
1860	12	15	11	58	0	-7	orig=-5.6R|orig.time=2:00PM|orig.date=1860-12-15
1860	12	15	18	58	0	-7.2	orig=-5.8R|orig.time=9:00PM|orig.date=1860-12-15
1860	12	16	4	58	0	-8.1	orig=-6.5R|orig.time=7:00AM|orig.date=1860-12-16
1860	12	16	9	58	0	-6.5	orig=-5.2R|orig.time=Noon|orig.date=1860-12-16
1860	12	16	11	58	0	-6.2	orig=-5R|orig.time=2:00PM|orig.date=1860-12-16
1860	12	16	18	58	0	-7.2	orig=-5.8R|orig.time=9:00PM|orig.date=1860-12-16
1860	12	17	4	58	0	-5.9	orig=-4.7R|orig.time=7:00AM|orig.date=1860-12-17
1860	12	17	9	58	0	-3.8	orig=-3R|orig.time=Noon|orig.date=1860-12-17
1860	12	17	11	58	0	-3.5	orig=-2.8R|orig.time=2:00PM|orig.date=1860-12-17
1860	12	17	18	58	0	-3.4	orig=-2.7R|orig.time=9:00PM|orig.date=1860-12-17
1860	12	18	4	58	0	-1.5	orig=-1.2R|orig.time=7:00AM|orig.date=1860-12-18
1860	12	18	9	58	0	-0.1	orig=-0.1R|orig.time=Noon|orig.date=1860-12-18
1860	12	18	11	58	0	0	orig=0R|orig.time=2:00PM|orig.date=1860-12-18
1860	12	18	18	58	0	0.6	orig=0.5R|orig.time=9:00PM|orig.date=1860-12-18
1860	12	19	4	58	0	0.4	orig=0.3R|orig.time=7:00AM|orig.date=1860-12-19
1860	12	19	9	58	0	-0.8	orig=-0.6R|orig.time=Noon|orig.date=1860-12-19
1860	12	19	11	58	0	-2	orig=-1.6R|orig.time=2:00PM|orig.date=1860-12-19
1860	12	19	18	58	0	-4.1	orig=-3.3R|orig.time=9:00PM|orig.date=1860-12-19
1860	12	20	4	58	0	-5.2	orig=-4.2R|orig.time=7:00AM|orig.date=1860-12-20
1860	12	20	9	58	0	-4.1	orig=-3.3R|orig.time=Noon|orig.date=1860-12-20
1860	12	20	11	58	0	-4	orig=-3.2R|orig.time=2:00PM|orig.date=1860-12-20
1860	12	20	18	58	0	-3.9	orig=-3.1R|orig.time=9:00PM|orig.date=1860-12-20
1860	12	21	4	58	0	-4	orig=-3.2R|orig.time=7:00AM|orig.date=1860-12-21
1860	12	21	9	58	0	-3	orig=-2.4R|orig.time=Noon|orig.date=1860-12-21
1860	12	21	11	58	0	-1.9	orig=-1.5R|orig.time=2:00PM|orig.date=1860-12-21
1860	12	21	18	58	0	-2.5	orig=-2R|orig.time=9:00PM|orig.date=1860-12-21
1860	12	22	4	58	0	-4.8	orig=-3.8R|orig.time=7:00AM|orig.date=1860-12-22
1860	12	22	9	58	0	-4.5	orig=-3.6R|orig.time=Noon|orig.date=1860-12-22
1860	12	22	11	58	0	-4.8	orig=-3.8R|orig.time=2:00PM|orig.date=1860-12-22
1860	12	22	18	58	0	-5.6	orig=-4.5R|orig.time=9:00PM|orig.date=1860-12-22
1860	12	23	4	58	0	-2.8	orig=-2.2R|orig.time=7:00AM|orig.date=1860-12-23
1860	12	23	9	58	0	-3.4	orig=-2.7R|orig.time=Noon|orig.date=1860-12-23
1860	12	23	11	58	0	-3.8	orig=-3R|orig.time=2:00PM|orig.date=1860-12-23
1860	12	23	18	58	0	-5	orig=-4R|orig.time=9:00PM|orig.date=1860-12-23
1860	12	24	4	58	0	-11.6	orig=-9.3R|orig.time=7:00AM|orig.date=1860-12-24
1860	12	24	9	58	0	-9	orig=-7.2R|orig.time=Noon|orig.date=1860-12-24
1860	12	24	11	58	0	-8.4	orig=-6.7R|orig.time=2:00PM|orig.date=1860-12-24
1860	12	24	18	58	0	-12.2	orig=-9.8R|orig.time=9:00PM|orig.date=1860-12-24
1860	12	25	4	58	0	-10.4	orig=-8.3R|orig.time=7:00AM|orig.date=1860-12-25
1860	12	25	9	58	0	-8.5	orig=-6.8R|orig.time=Noon|orig.date=1860-12-25
1860	12	25	11	58	0	-8.6	orig=-6.9R|orig.time=2:00PM|orig.date=1860-12-25
1860	12	25	18	58	0	-9.9	orig=-7.9R|orig.time=9:00PM|orig.date=1860-12-25
1860	12	26	4	58	0	-9.2	orig=-7.4R|orig.time=7:00AM|orig.date=1860-12-26
1860	12	26	9	58	0	-4.2	orig=-3.4R|orig.time=Noon|orig.date=1860-12-26
1860	12	26	11	58	0	-3.2	orig=-2.6R|orig.time=2:00PM|orig.date=1860-12-26
1860	12	26	18	58	0	0	orig=0R|orig.time=9:00PM|orig.date=1860-12-26
1860	12	27	4	58	0	1	orig=0.8R|orig.time=7:00AM|orig.date=1860-12-27
1860	12	27	9	58	0	1	orig=0.8R|orig.time=Noon|orig.date=1860-12-27
1860	12	27	11	58	0	0.8	orig=0.6R|orig.time=2:00PM|orig.date=1860-12-27
1860	12	27	18	58	0	-3	orig=-2.4R|orig.time=9:00PM|orig.date=1860-12-27
1860	12	28	4	58	0	-3.1	orig=-2.5R|orig.time=7:00AM|orig.date=1860-12-28
1860	12	28	9	58	0	-1.6	orig=-1.3R|orig.time=Noon|orig.date=1860-12-28
1860	12	28	11	58	0	-1.6	orig=-1.3R|orig.time=2:00PM|orig.date=1860-12-28
1860	12	28	18	58	0	-1	orig=-0.8R|orig.time=9:00PM|orig.date=1860-12-28
1860	12	29	4	58	0	-1.8	orig=-1.4R|orig.time=7:00AM|orig.date=1860-12-29
1860	12	29	9	58	0	-6	orig=-4.8R|orig.time=Noon|orig.date=1860-12-29
1860	12	29	11	58	0	-9.4	orig=-7.5R|orig.time=2:00PM|orig.date=1860-12-29
1860	12	29	18	58	0	-10.9	orig=-8.7R|orig.time=9:00PM|orig.date=1860-12-29
1860	12	30	4	58	0	-11.5	orig=-9.2R|orig.time=7:00AM|orig.date=1860-12-30
1860	12	30	9	58	0	-9.8	orig=-7.8R|orig.time=Noon|orig.date=1860-12-30
1860	12	30	11	58	0	-9.9	orig=-7.9R|orig.time=2:00PM|orig.date=1860-12-30
1860	12	30	18	58	0	-11.2	orig=-9R|orig.time=9:00PM|orig.date=1860-12-30
1860	12	31	4	58	0	-10.5	orig=-8.4R|orig.time=7:00AM|orig.date=1860-12-31
1860	12	31	9	58	0	-11.5	orig=-9.2R|orig.time=Noon|orig.date=1860-12-31
1860	12	31	11	58	0	-11.1	orig=-8.9R|orig.time=2:00PM|orig.date=1860-12-31
1860	12	31	18	58	0	-16.2	orig=-13R|orig.time=9:00PM|orig.date=1860-12-31
1861	1	1	4	58	0	-16	orig=-12.8R|orig.time=7:00AM|orig.date=1861-01-01
1861	1	1	9	58	0	-14.8	orig=-11.8R|orig.time=Noon|orig.date=1861-01-01
1861	1	1	11	58	0	-15.4	orig=-12.3R|orig.time=2:00PM|orig.date=1861-01-01
1861	1	1	18	58	0	-17	orig=-13.6R|orig.time=9:00PM|orig.date=1861-01-01
1861	1	2	4	58	0	-16.8	orig=-13.4R|orig.time=7:00AM|orig.date=1861-01-02
1861	1	2	9	58	0	-12.8	orig=-10.2R|orig.time=Noon|orig.date=1861-01-02
1861	1	2	11	58	0	-12.2	orig=-9.8R|orig.time=2:00PM|orig.date=1861-01-02
1861	1	2	18	58	0	-17	orig=-13.6R|orig.time=9:00PM|orig.date=1861-01-02
1861	1	3	4	58	0	-19.4	orig=-15.5R|orig.time=7:00AM|orig.date=1861-01-03
1861	1	3	9	58	0	-15	orig=-12R|orig.time=Noon|orig.date=1861-01-03
1861	1	3	11	58	0	-12.5	orig=-10R|orig.time=2:00PM|orig.date=1861-01-03
1861	1	3	18	58	0	-15.8	orig=-12.6R|orig.time=9:00PM|orig.date=1861-01-03
1861	1	4	4	58	0	-18	orig=-14.4R|orig.time=7:00AM|orig.date=1861-01-04
1861	1	4	9	58	0	-17.1	orig=-13.7R|orig.time=Noon|orig.date=1861-01-04
1861	1	4	11	58	0	-16.6	orig=-13.3R|orig.time=2:00PM|orig.date=1861-01-04
1861	1	4	18	58	0	-16.1	orig=-12.9R|orig.time=9:00PM|orig.date=1861-01-04
1861	1	5	4	58	0	-9.8	orig=-7.8R|orig.time=7:00AM|orig.date=1861-01-05
1861	1	5	9	58	0	-5.2	orig=-4.2R|orig.time=Noon|orig.date=1861-01-05
1861	1	5	11	58	0	-6.1	orig=-4.9R|orig.time=2:00PM|orig.date=1861-01-05
1861	1	5	18	58	0	-8	orig=-6.4R|orig.time=9:00PM|orig.date=1861-01-05
1861	1	6	4	58	0	-15.6	orig=-12.5R|orig.time=7:00AM|orig.date=1861-01-06
1861	1	6	9	58	0	-10	orig=-8R|orig.time=Noon|orig.date=1861-01-06
1861	1	6	11	58	0	-8.8	orig=-7R|orig.time=2:00PM|orig.date=1861-01-06
1861	1	6	18	58	0	-11	orig=-8.8R|orig.time=9:00PM|orig.date=1861-01-06
1861	1	7	4	58	0	-5.5	orig=-4.4R|orig.time=7:00AM|orig.date=1861-01-07
1861	1	7	9	58	0	-5	orig=-4R|orig.time=Noon|orig.date=1861-01-07
1861	1	7	11	58	0	-3.8	orig=-3R|orig.time=2:00PM|orig.date=1861-01-07
1861	1	7	18	58	0	-7.5	orig=-6R|orig.time=9:00PM|orig.date=1861-01-07
1861	1	8	4	58	0	-4.2	orig=-3.4R|orig.time=7:00AM|orig.date=1861-01-08
1861	1	8	9	58	0	-3.8	orig=-3R|orig.time=Noon|orig.date=1861-01-08
1861	1	8	11	58	0	-3.8	orig=-3R|orig.time=2:00PM|orig.date=1861-01-08
1861	1	8	18	58	0	-6.6	orig=-5.3R|orig.time=9:00PM|orig.date=1861-01-08
1861	1	9	4	58	0	-7.8	orig=-6.2R|orig.time=7:00AM|orig.date=1861-01-09
1861	1	9	9	58	0	-7.5	orig=-6R|orig.time=Noon|orig.date=1861-01-09
1861	1	9	11	58	0	-7.8	orig=-6.2R|orig.time=2:00PM|orig.date=1861-01-09
1861	1	9	18	58	0	-11.5	orig=-9.2R|orig.time=9:00PM|orig.date=1861-01-09
1861	1	10	4	58	0	-13.6	orig=-10.9R|orig.time=7:00AM|orig.date=1861-01-10
1861	1	10	9	58	0	-8.8	orig=-7R|orig.time=Noon|orig.date=1861-01-10
1861	1	10	11	58	0	-8	orig=-6.4R|orig.time=2:00PM|orig.date=1861-01-10
1861	1	10	18	58	0	-7.5	orig=-6R|orig.time=9:00PM|orig.date=1861-01-10
1861	1	11	4	58	0	-7.2	orig=-5.8R|orig.time=7:00AM|orig.date=1861-01-11
1861	1	11	9	58	0	-7	orig=-5.6R|orig.time=Noon|orig.date=1861-01-11
1861	1	11	11	58	0	-6.4	orig=-5.1R|orig.time=2:00PM|orig.date=1861-01-11
1861	1	11	18	58	0	-9.2	orig=-7.4R|orig.time=9:00PM|orig.date=1861-01-11
1861	1	12	4	58	0	-12.5	orig=-10R|orig.time=7:00AM|orig.date=1861-01-12
1861	1	12	9	58	0	-11.6	orig=-9.3R|orig.time=Noon|orig.date=1861-01-12
1861	1	12	11	58	0	-10.8	orig=-8.6R|orig.time=2:00PM|orig.date=1861-01-12
1861	1	12	18	58	0	-10.9	orig=-8.7R|orig.time=9:00PM|orig.date=1861-01-12
1861	1	13	4	58	0	-14.9	orig=-11.9R|orig.time=7:00AM|orig.date=1861-01-13
1861	1	13	9	58	0	-13	orig=-10.4R|orig.time=Noon|orig.date=1861-01-13
1861	1	13	11	58	0	-13.9	orig=-11.1R|orig.time=2:00PM|orig.date=1861-01-13
1861	1	13	18	58	0	-15	orig=-12R|orig.time=9:00PM|orig.date=1861-01-13
1861	1	14	4	58	0	-15.5	orig=-12.4R|orig.time=7:00AM|orig.date=1861-01-14
1861	1	14	9	58	0	-11.8	orig=-9.4R|orig.time=Noon|orig.date=1861-01-14
1861	1	14	11	58	0	-10.4	orig=-8.3R|orig.time=2:00PM|orig.date=1861-01-14
1861	1	14	18	58	0	-12.5	orig=-10R|orig.time=9:00PM|orig.date=1861-01-14
1861	1	15	4	58	0	-23.8	orig=-19R|orig.time=7:00AM|orig.date=1861-01-15
1861	1	15	9	58	0	-24.6	orig=-19.7R|orig.time=Noon|orig.date=1861-01-15
1861	1	15	11	58	0	-23.2	orig=-18.6R|orig.time=2:00PM|orig.date=1861-01-15
1861	1	15	18	58	0	-23.5	orig=-18.8R|orig.time=9:00PM|orig.date=1861-01-15
1861	1	16	4	58	0	-24	orig=-19.2R|orig.time=7:00AM|orig.date=1861-01-16
1861	1	16	9	58	0	-15.6	orig=-12.5R|orig.time=Noon|orig.date=1861-01-16
1861	1	16	11	58	0	-14.8	orig=-11.8R|orig.time=2:00PM|orig.date=1861-01-16
1861	1	16	18	58	0	-12.1	orig=-9.7R|orig.time=9:00PM|orig.date=1861-01-16
1861	1	17	4	58	0	-16	orig=-12.8R|orig.time=7:00AM|orig.date=1861-01-17
1861	1	17	9	58	0	-18.4	orig=-14.7R|orig.time=Noon|orig.date=1861-01-17
1861	1	17	11	58	0	-17.8	orig=-14.2R|orig.time=2:00PM|orig.date=1861-01-17
1861	1	17	18	58	0	-10.6	orig=-8.5R|orig.time=9:00PM|orig.date=1861-01-17
1861	1	18	4	58	0	-9.2	orig=-7.4R|orig.time=7:00AM|orig.date=1861-01-18
1861	1	18	9	58	0	-16.2	orig=-13R|orig.time=Noon|orig.date=1861-01-18
1861	1	18	11	58	0	-15.8	orig=-12.6R|orig.time=2:00PM|orig.date=1861-01-18
1861	1	18	18	58	0	-12.8	orig=-10.2R|orig.time=9:00PM|orig.date=1861-01-18
1861	1	19	4	58	0	-8.2	orig=-6.6R|orig.time=7:00AM|orig.date=1861-01-19
1861	1	19	9	58	0	-2.9	orig=-2.3R|orig.time=Noon|orig.date=1861-01-19
1861	1	19	11	58	0	-1.9	orig=-1.5R|orig.time=2:00PM|orig.date=1861-01-19
1861	1	19	18	58	0	-4.9	orig=-3.9R|orig.time=9:00PM|orig.date=1861-01-19
1861	1	20	4	58	0	-5.2	orig=-4.2R|orig.time=7:00AM|orig.date=1861-01-20
1861	1	20	9	58	0	-4.2	orig=-3.4R|orig.time=Noon|orig.date=1861-01-20
1861	1	20	11	58	0	-3.8	orig=-3R|orig.time=2:00PM|orig.date=1861-01-20
1861	1	20	18	58	0	-5.5	orig=-4.4R|orig.time=9:00PM|orig.date=1861-01-20
1861	1	21	4	58	0	-10	orig=-8R|orig.time=7:00AM|orig.date=1861-01-21
1861	1	21	9	58	0	-11.4	orig=-9.1R|orig.time=Noon|orig.date=1861-01-21
1861	1	21	11	58	0	-10.6	orig=-8.5R|orig.time=2:00PM|orig.date=1861-01-21
1861	1	21	18	58	0	-7.9	orig=-6.3R|orig.time=9:00PM|orig.date=1861-01-21
1861	1	22	4	58	0	-14.2	orig=-11.4R|orig.time=7:00AM|orig.date=1861-01-22
1861	1	22	9	58	0	-12.8	orig=-10.2R|orig.time=Noon|orig.date=1861-01-22
1861	1	22	11	58	0	-12.8	orig=-10.2R|orig.time=2:00PM|orig.date=1861-01-22
1861	1	22	18	58	0	-17.5	orig=-14R|orig.time=9:00PM|orig.date=1861-01-22
1861	1	23	4	58	0	-20.8	orig=-16.6R|orig.time=7:00AM|orig.date=1861-01-23
1861	1	23	9	58	0	-17.5	orig=-14R|orig.time=Noon|orig.date=1861-01-23
1861	1	23	11	58	0	-15.4	orig=-12.3R|orig.time=2:00PM|orig.date=1861-01-23
1861	1	23	18	58	0	-17.1	orig=-13.7R|orig.time=9:00PM|orig.date=1861-01-23
1861	1	24	4	58	0	-19.9	orig=-15.9R|orig.time=7:00AM|orig.date=1861-01-24
1861	1	24	9	58	0	-15.5	orig=-12.4R|orig.time=Noon|orig.date=1861-01-24
1861	1	24	11	58	0	-14.6	orig=-11.7R|orig.time=2:00PM|orig.date=1861-01-24
1861	1	24	18	58	0	-16.6	orig=-13.3R|orig.time=9:00PM|orig.date=1861-01-24
1861	1	25	4	58	0	-20	orig=-16R|orig.time=7:00AM|orig.date=1861-01-25
1861	1	25	9	58	0	-19.5	orig=-15.6R|orig.time=Noon|orig.date=1861-01-25
1861	1	25	11	58	0	-19.1	orig=-15.3R|orig.time=2:00PM|orig.date=1861-01-25
1861	1	25	18	58	0	-22.8	orig=-18.2R|orig.time=9:00PM|orig.date=1861-01-25
1861	1	26	4	58	0	-18	orig=-14.4R|orig.time=7:00AM|orig.date=1861-01-26
1861	1	26	9	58	0	-14.8	orig=-11.8R|orig.time=Noon|orig.date=1861-01-26
1861	1	26	11	58	0	-15.8	orig=-12.6R|orig.time=2:00PM|orig.date=1861-01-26
1861	1	26	18	58	0	-17.4	orig=-13.9R|orig.time=9:00PM|orig.date=1861-01-26
1861	1	27	4	58	0	-20	orig=-16R|orig.time=7:00AM|orig.date=1861-01-27
1861	1	27	9	58	0	-18.2	orig=-14.6R|orig.time=Noon|orig.date=1861-01-27
1861	1	27	11	58	0	-18.8	orig=-15R|orig.time=2:00PM|orig.date=1861-01-27
1861	1	27	18	58	0	-27	orig=-21.6R|orig.time=9:00PM|orig.date=1861-01-27
1861	1	28	4	58	0	-30.2	orig=-24.2R|orig.time=7:00AM|orig.date=1861-01-28
1861	1	28	9	58	0	-25.2	orig=-20.2R|orig.time=Noon|orig.date=1861-01-28
1861	1	28	11	58	0	-23.1	orig=-18.5R|orig.time=2:00PM|orig.date=1861-01-28
1861	1	28	18	58	0	-23.9	orig=-19.1R|orig.time=9:00PM|orig.date=1861-01-28
1861	2	1	4	58	0	-20.6	orig=-16.5R|orig.time=7:00AM|orig.date=1861-02-01
1861	2	1	9	58	0	-17.2	orig=-13.8R|orig.time=Noon|orig.date=1861-02-01
1861	2	1	11	58	0	-16.8	orig=-13.4R|orig.time=2:00PM|orig.date=1861-02-01
1861	2	1	18	58	0	-19.8	orig=-15.8R|orig.time=9:00PM|orig.date=1861-02-01
1861	2	2	4	58	0	-26.5	orig=-21.2R|orig.time=7:00AM|orig.date=1861-02-02
1861	2	2	9	58	0	-20.5	orig=-16.4R|orig.time=Noon|orig.date=1861-02-02
1861	2	2	11	58	0	-17.8	orig=-14.2R|orig.time=2:00PM|orig.date=1861-02-02
1861	2	2	18	58	0	-18.5	orig=-14.8R|orig.time=9:00PM|orig.date=1861-02-02
1861	2	3	4	58	0	-11.5	orig=-9.2R|orig.time=7:00AM|orig.date=1861-02-03
1861	2	3	9	58	0	-4	orig=-3.2R|orig.time=Noon|orig.date=1861-02-03
1861	2	3	11	58	0	-1.2	orig=-1R|orig.time=2:00PM|orig.date=1861-02-03
1861	2	3	18	58	0	-4.6	orig=-3.7R|orig.time=9:00PM|orig.date=1861-02-03
1861	2	4	4	58	0	-0.5	orig=-0.4R|orig.time=7:00AM|orig.date=1861-02-04
1861	2	4	9	58	0	1.8	orig=1.4R|orig.time=Noon|orig.date=1861-02-04
1861	2	4	11	58	0	2.2	orig=1.8R|orig.time=2:00PM|orig.date=1861-02-04
1861	2	4	18	58	0	0.6	orig=0.5R|orig.time=9:00PM|orig.date=1861-02-04
1861	2	5	4	58	0	0.9	orig=0.7R|orig.time=7:00AM|orig.date=1861-02-05
1861	2	5	9	58	0	2.2	orig=1.8R|orig.time=Noon|orig.date=1861-02-05
1861	2	5	11	58	0	2.8	orig=2.2R|orig.time=2:00PM|orig.date=1861-02-05
1861	2	5	18	58	0	1.2	orig=1R|orig.time=9:00PM|orig.date=1861-02-05
1861	2	6	4	58	0	1.6	orig=1.3R|orig.time=7:00AM|orig.date=1861-02-06
1861	2	6	9	58	0	2.5	orig=2R|orig.time=Noon|orig.date=1861-02-06
1861	2	6	11	58	0	2.8	orig=2.2R|orig.time=2:00PM|orig.date=1861-02-06
1861	2	6	18	58	0	-1.2	orig=-1R|orig.time=9:00PM|orig.date=1861-02-06
1861	2	7	4	58	0	-7.6	orig=-6.1R|orig.time=7:00AM|orig.date=1861-02-07
1861	2	7	9	58	0	-3	orig=-2.4R|orig.time=Noon|orig.date=1861-02-07
1861	2	7	11	58	0	0.1	orig=0.1R|orig.time=2:00PM|orig.date=1861-02-07
1861	2	7	18	58	0	-2.2	orig=-1.8R|orig.time=9:00PM|orig.date=1861-02-07
1861	2	8	4	58	0	-3.9	orig=-3.1R|orig.time=7:00AM|orig.date=1861-02-08
1861	2	8	9	58	0	-1.1	orig=-0.9R|orig.time=Noon|orig.date=1861-02-08
1861	2	8	11	58	0	-0.5	orig=-0.4R|orig.time=2:00PM|orig.date=1861-02-08
1861	2	8	18	58	0	-2.2	orig=-1.8R|orig.time=9:00PM|orig.date=1861-02-08
1861	2	9	4	58	0	-3.1	orig=-2.5R|orig.time=7:00AM|orig.date=1861-02-09
1861	2	9	9	58	0	-1.4	orig=-1.1R|orig.time=Noon|orig.date=1861-02-09
1861	2	9	11	58	0	-0.9	orig=-0.7R|orig.time=2:00PM|orig.date=1861-02-09
1861	2	9	18	58	0	-3	orig=-2.4R|orig.time=9:00PM|orig.date=1861-02-09
1861	2	10	4	58	0	-5.6	orig=-4.5R|orig.time=7:00AM|orig.date=1861-02-10
1861	2	10	9	58	0	-4.1	orig=-3.3R|orig.time=Noon|orig.date=1861-02-10
1861	2	10	11	58	0	-4	orig=-3.2R|orig.time=2:00PM|orig.date=1861-02-10
1861	2	10	18	58	0	-8.1	orig=-6.5R|orig.time=9:00PM|orig.date=1861-02-10
1861	2	11	4	58	0	-3	orig=-2.4R|orig.time=7:00AM|orig.date=1861-02-11
1861	2	11	9	58	0	1.2	orig=1R|orig.time=Noon|orig.date=1861-02-11
1861	2	11	11	58	0	2	orig=1.6R|orig.time=2:00PM|orig.date=1861-02-11
1861	2	11	18	58	0	-0.4	orig=-0.3R|orig.time=9:00PM|orig.date=1861-02-11
1861	2	12	4	58	0	-1.5	orig=-1.2R|orig.time=7:00AM|orig.date=1861-02-12
1861	2	12	9	58	0	-0.4	orig=-0.3R|orig.time=Noon|orig.date=1861-02-12
1861	2	12	11	58	0	0	orig=0R|orig.time=2:00PM|orig.date=1861-02-12
1861	2	12	18	58	0	1.1	orig=0.9R|orig.time=9:00PM|orig.date=1861-02-12
1861	2	13	4	58	0	0.5	orig=0.4R|orig.time=7:00AM|orig.date=1861-02-13
1861	2	13	9	58	0	1.2	orig=1R|orig.time=Noon|orig.date=1861-02-13
1861	2	13	11	58	0	1.8	orig=1.4R|orig.time=2:00PM|orig.date=1861-02-13
1861	2	13	18	58	0	-0.8	orig=-0.6R|orig.time=9:00PM|orig.date=1861-02-13
1861	2	14	4	58	0	-5.1	orig=-4.1R|orig.time=7:00AM|orig.date=1861-02-14
1861	2	14	9	58	0	-5	orig=-4R|orig.time=Noon|orig.date=1861-02-14
1861	2	14	11	58	0	-4.8	orig=-3.8R|orig.time=2:00PM|orig.date=1861-02-14
1861	2	14	18	58	0	-8	orig=-6.4R|orig.time=9:00PM|orig.date=1861-02-14
1861	2	15	4	58	0	-9.9	orig=-7.9R|orig.time=7:00AM|orig.date=1861-02-15
1861	2	15	9	58	0	-5.2	orig=-4.2R|orig.time=Noon|orig.date=1861-02-15
1861	2	15	11	58	0	-3.2	orig=-2.6R|orig.time=2:00PM|orig.date=1861-02-15
1861	2	15	18	58	0	-4.2	orig=-3.4R|orig.time=9:00PM|orig.date=1861-02-15
1861	2	16	4	58	0	-6.5	orig=-5.2R|orig.time=7:00AM|orig.date=1861-02-16
1861	2	16	9	58	0	0.5	orig=0.4R|orig.time=Noon|orig.date=1861-02-16
1861	2	16	11	58	0	1.8	orig=1.4R|orig.time=2:00PM|orig.date=1861-02-16
1861	2	16	18	58	0	-6.2	orig=-5R|orig.time=9:00PM|orig.date=1861-02-16
1861	2	17	4	58	0	-12.2	orig=-9.8R|orig.time=7:00AM|orig.date=1861-02-17
1861	2	17	9	58	0	-6.2	orig=-5R|orig.time=Noon|orig.date=1861-02-17
1861	2	17	11	58	0	-4.5	orig=-3.6R|orig.time=2:00PM|orig.date=1861-02-17
1861	2	17	18	58	0	-5	orig=-4R|orig.time=9:00PM|orig.date=1861-02-17
1861	2	18	4	58	0	-5	orig=-4R|orig.time=7:00AM|orig.date=1861-02-18
1861	2	18	9	58	0	-3.2	orig=-2.6R|orig.time=Noon|orig.date=1861-02-18
1861	2	18	11	58	0	-2.6	orig=-2.1R|orig.time=2:00PM|orig.date=1861-02-18
1861	2	18	18	58	0	-3.8	orig=-3R|orig.time=9:00PM|orig.date=1861-02-18
1861	2	19	4	58	0	-5.9	orig=-4.7R|orig.time=7:00AM|orig.date=1861-02-19
1861	2	19	9	58	0	-2.5	orig=-2R|orig.time=Noon|orig.date=1861-02-19
1861	2	19	11	58	0	-1.5	orig=-1.2R|orig.time=2:00PM|orig.date=1861-02-19
1861	2	19	18	58	0	-3.2	orig=-2.6R|orig.time=9:00PM|orig.date=1861-02-19
1861	2	20	4	58	0	-5.9	orig=-4.7R|orig.time=7:00AM|orig.date=1861-02-20
1861	2	20	9	58	0	-6	orig=-4.8R|orig.time=Noon|orig.date=1861-02-20
1861	2	20	11	58	0	-6.6	orig=-5.3R|orig.time=2:00PM|orig.date=1861-02-20
1861	2	20	18	58	0	-9.5	orig=-7.6R|orig.time=9:00PM|orig.date=1861-02-20
1861	2	21	4	58	0	-10.4	orig=-8.3R|orig.time=7:00AM|orig.date=1861-02-21
1861	2	21	9	58	0	-9	orig=-7.2R|orig.time=Noon|orig.date=1861-02-21
1861	2	21	11	58	0	-8.5	orig=-6.8R|orig.time=2:00PM|orig.date=1861-02-21
1861	2	21	18	58	0	-9.1	orig=-7.3R|orig.time=9:00PM|orig.date=1861-02-21
1861	2	22	4	58	0	-11	orig=-8.8R|orig.time=7:00AM|orig.date=1861-02-22
1861	2	22	9	58	0	-8.2	orig=-6.6R|orig.time=Noon|orig.date=1861-02-22
1861	2	22	11	58	0	-8.4	orig=-6.7R|orig.time=2:00PM|orig.date=1861-02-22
1861	2	22	18	58	0	-10.2	orig=-8.2R|orig.time=9:00PM|orig.date=1861-02-22
1861	2	23	4	58	0	-13.4	orig=-10.7R|orig.time=7:00AM|orig.date=1861-02-23
1861	2	23	9	58	0	-8.5	orig=-6.8R|orig.time=Noon|orig.date=1861-02-23
1861	2	23	11	58	0	-6.8	orig=-5.4R|orig.time=2:00PM|orig.date=1861-02-23
1861	2	23	18	58	0	-8	orig=-6.4R|orig.time=9:00PM|orig.date=1861-02-23
1861	2	24	4	58	0	-9.5	orig=-7.6R|orig.time=7:00AM|orig.date=1861-02-24
1861	2	24	9	58	0	-5.5	orig=-4.4R|orig.time=Noon|orig.date=1861-02-24
1861	2	24	11	58	0	-4.9	orig=-3.9R|orig.time=2:00PM|orig.date=1861-02-24
1861	2	24	18	58	0	-9.5	orig=-7.6R|orig.time=9:00PM|orig.date=1861-02-24
1861	2	25	4	58	0	-5.4	orig=-4.3R|orig.time=7:00AM|orig.date=1861-02-25
1861	2	25	9	58	0	1.5	orig=1.2R|orig.time=Noon|orig.date=1861-02-25
1861	2	25	11	58	0	2.8	orig=2.2R|orig.time=2:00PM|orig.date=1861-02-25
1861	2	25	18	58	0	1	orig=0.8R|orig.time=9:00PM|orig.date=1861-02-25
1861	2	26	4	58	0	-1.8	orig=-1.4R|orig.time=7:00AM|orig.date=1861-02-26
1861	2	26	9	58	0	1.1	orig=0.9R|orig.time=Noon|orig.date=1861-02-26
1861	2	26	11	58	0	0.5	orig=0.4R|orig.time=2:00PM|orig.date=1861-02-26
1861	2	26	18	58	0	-2.4	orig=-1.9R|orig.time=9:00PM|orig.date=1861-02-26
1861	2	27	4	58	0	-4	orig=-3.2R|orig.time=7:00AM|orig.date=1861-02-27
1861	2	27	9	58	0	-1.6	orig=-1.3R|orig.time=Noon|orig.date=1861-02-27
1861	2	27	11	58	0	-1	orig=-0.8R|orig.time=2:00PM|orig.date=1861-02-27
1861	2	27	18	58	0	-4.8	orig=-3.8R|orig.time=9:00PM|orig.date=1861-02-27
1861	2	28	4	58	0	-3.1	orig=-2.5R|orig.time=7:00AM|orig.date=1861-02-28
1861	2	28	9	58	0	-1.1	orig=-0.9R|orig.time=Noon|orig.date=1861-02-28
1861	2	28	11	58	0	-0.2	orig=-0.2R|orig.time=2:00PM|orig.date=1861-02-28
1861	2	28	18	58	0	-7.1	orig=-5.7R|orig.time=9:00PM|orig.date=1861-02-28
1861	3	1	4	58	0	-7.2	orig=-5.8R|orig.time=7:00AM|orig.date=1861-03-01
1861	3	1	9	58	0	-4.8	orig=-3.8R|orig.time=Noon|orig.date=1861-03-01
1861	3	1	11	58	0	-4.1	orig=-3.3R|orig.time=2:00PM|orig.date=1861-03-01
1861	3	1	18	58	0	-5.1	orig=-4.1R|orig.time=9:00PM|orig.date=1861-03-01
1861	3	2	4	58	0	-2.6	orig=-2.1R|orig.time=7:00AM|orig.date=1861-03-02
1861	3	2	9	58	0	2.4	orig=1.9R|orig.time=Noon|orig.date=1861-03-02
1861	3	2	11	58	0	4.1	orig=3.3R|orig.time=2:00PM|orig.date=1861-03-02
1861	3	2	18	58	0	0	orig=0R|orig.time=9:00PM|orig.date=1861-03-02
1861	3	3	4	58	0	-1.4	orig=-1.1R|orig.time=7:00AM|orig.date=1861-03-03
1861	3	3	9	58	0	1.2	orig=1R|orig.time=Noon|orig.date=1861-03-03
1861	3	3	11	58	0	3.9	orig=3.1R|orig.time=2:00PM|orig.date=1861-03-03
1861	3	3	18	58	0	-0.5	orig=-0.4R|orig.time=9:00PM|orig.date=1861-03-03
1861	3	4	4	58	0	0	orig=0R|orig.time=7:00AM|orig.date=1861-03-04
1861	3	4	9	58	0	1.8	orig=1.4R|orig.time=Noon|orig.date=1861-03-04
1861	3	4	11	58	0	2.6	orig=2.1R|orig.time=2:00PM|orig.date=1861-03-04
1861	3	4	18	58	0	0.8	orig=0.6R|orig.time=9:00PM|orig.date=1861-03-04
1861	3	5	4	58	0	-2.5	orig=-2R|orig.time=7:00AM|orig.date=1861-03-05
1861	3	5	9	58	0	2.8	orig=2.2R|orig.time=Noon|orig.date=1861-03-05
1861	3	5	11	58	0	3.9	orig=3.1R|orig.time=2:00PM|orig.date=1861-03-05
1861	3	5	18	58	0	-0.2	orig=-0.2R|orig.time=9:00PM|orig.date=1861-03-05
1861	3	6	4	58	0	-0.2	orig=-0.2R|orig.time=7:00AM|orig.date=1861-03-06
1861	3	6	9	58	0	2.8	orig=2.2R|orig.time=Noon|orig.date=1861-03-06
1861	3	6	11	58	0	1.6	orig=1.3R|orig.time=2:00PM|orig.date=1861-03-06
1861	3	6	18	58	0	-0.1	orig=-0.1R|orig.time=9:00PM|orig.date=1861-03-06
1861	3	7	4	58	0	-0.5	orig=-0.4R|orig.time=7:00AM|orig.date=1861-03-07
1861	3	7	9	58	0	2.8	orig=2.2R|orig.time=Noon|orig.date=1861-03-07
1861	3	7	11	58	0	3.2	orig=2.6R|orig.time=2:00PM|orig.date=1861-03-07
1861	3	7	18	58	0	-0.5	orig=-0.4R|orig.time=9:00PM|orig.date=1861-03-07
1861	3	8	4	58	0	-1	orig=-0.8R|orig.time=7:00AM|orig.date=1861-03-08
1861	3	8	9	58	0	1.6	orig=1.3R|orig.time=Noon|orig.date=1861-03-08
1861	3	8	11	58	0	2.8	orig=2.2R|orig.time=2:00PM|orig.date=1861-03-08
1861	3	8	18	58	0	0.4	orig=0.3R|orig.time=9:00PM|orig.date=1861-03-08
1861	3	9	4	58	0	-2.4	orig=-1.9R|orig.time=7:00AM|orig.date=1861-03-09
1861	3	9	9	58	0	1.6	orig=1.3R|orig.time=Noon|orig.date=1861-03-09
1861	3	9	11	58	0	2.8	orig=2.2R|orig.time=2:00PM|orig.date=1861-03-09
1861	3	9	18	58	0	0.6	orig=0.5R|orig.time=9:00PM|orig.date=1861-03-09
1861	3	10	4	58	0	0.6	orig=0.5R|orig.time=7:00AM|orig.date=1861-03-10
1861	3	10	9	58	0	3.2	orig=2.6R|orig.time=Noon|orig.date=1861-03-10
1861	3	10	11	58	0	3	orig=2.4R|orig.time=2:00PM|orig.date=1861-03-10
1861	3	10	18	58	0	-2	orig=-1.6R|orig.time=9:00PM|orig.date=1861-03-10
1861	3	11	4	58	0	-6.4	orig=-5.1R|orig.time=7:00AM|orig.date=1861-03-11
1861	3	11	9	58	0	1.2	orig=1R|orig.time=Noon|orig.date=1861-03-11
1861	3	11	11	58	0	1.8	orig=1.4R|orig.time=2:00PM|orig.date=1861-03-11
1861	3	11	18	58	0	1	orig=0.8R|orig.time=9:00PM|orig.date=1861-03-11
1861	3	12	4	58	0	1.2	orig=1R|orig.time=7:00AM|orig.date=1861-03-12
1861	3	12	9	58	0	5.8	orig=4.6R|orig.time=Noon|orig.date=1861-03-12
1861	3	12	11	58	0	5.9	orig=4.7R|orig.time=2:00PM|orig.date=1861-03-12
1861	3	12	18	58	0	1.9	orig=1.5R|orig.time=9:00PM|orig.date=1861-03-12
1861	3	13	4	58	0	0.5	orig=0.4R|orig.time=7:00AM|orig.date=1861-03-13
1861	3	13	9	58	0	1.2	orig=1R|orig.time=Noon|orig.date=1861-03-13
1861	3	13	11	58	0	2.2	orig=1.8R|orig.time=2:00PM|orig.date=1861-03-13
1861	3	13	18	58	0	-0.8	orig=-0.6R|orig.time=9:00PM|orig.date=1861-03-13
1861	3	14	4	58	0	-1.2	orig=-1R|orig.time=7:00AM|orig.date=1861-03-14
1861	3	14	9	58	0	0.1	orig=0.1R|orig.time=Noon|orig.date=1861-03-14
1861	3	14	11	58	0	1.5	orig=1.2R|orig.time=2:00PM|orig.date=1861-03-14
1861	3	14	18	58	0	-5.8	orig=-4.6R|orig.time=9:00PM|orig.date=1861-03-14
1861	3	15	4	58	0	-8.5	orig=-6.8R|orig.time=7:00AM|orig.date=1861-03-15
1861	3	15	9	58	0	0	orig=0R|orig.time=Noon|orig.date=1861-03-15
1861	3	15	11	58	0	2.1	orig=1.7R|orig.time=2:00PM|orig.date=1861-03-15
1861	3	15	18	58	0	-2.9	orig=-2.3R|orig.time=9:00PM|orig.date=1861-03-15
1861	3	16	4	58	0	-4.5	orig=-3.6R|orig.time=7:00AM|orig.date=1861-03-16
1861	3	16	9	58	0	-1.2	orig=-1R|orig.time=Noon|orig.date=1861-03-16
1861	3	16	11	58	0	0	orig=0R|orig.time=2:00PM|orig.date=1861-03-16
1861	3	16	18	58	0	-2.1	orig=-1.7R|orig.time=9:00PM|orig.date=1861-03-16
1861	3	17	4	58	0	-7.2	orig=-5.8R|orig.time=7:00AM|orig.date=1861-03-17
1861	3	17	9	58	0	0	orig=0R|orig.time=Noon|orig.date=1861-03-17
1861	3	17	11	58	0	0.6	orig=0.5R|orig.time=2:00PM|orig.date=1861-03-17
1861	3	17	18	58	0	-4.4	orig=-3.5R|orig.time=9:00PM|orig.date=1861-03-17
1861	3	18	4	58	0	-7.9	orig=-6.3R|orig.time=7:00AM|orig.date=1861-03-18
1861	3	18	9	58	0	-5	orig=-4R|orig.time=Noon|orig.date=1861-03-18
1861	3	18	11	58	0	-4.8	orig=-3.8R|orig.time=2:00PM|orig.date=1861-03-18
1861	3	18	18	58	0	-3	orig=-2.4R|orig.time=9:00PM|orig.date=1861-03-18
1861	3	19	4	58	0	-1.2	orig=-1R|orig.time=7:00AM|orig.date=1861-03-19
1861	3	19	9	58	0	2.1	orig=1.7R|orig.time=Noon|orig.date=1861-03-19
1861	3	19	11	58	0	2.8	orig=2.2R|orig.time=2:00PM|orig.date=1861-03-19
1861	3	19	18	58	0	0	orig=0R|orig.time=9:00PM|orig.date=1861-03-19
1861	3	20	4	58	0	0.8	orig=0.6R|orig.time=7:00AM|orig.date=1861-03-20
1861	3	20	9	58	0	0.8	orig=0.6R|orig.time=Noon|orig.date=1861-03-20
1861	3	20	11	58	0	2.2	orig=1.8R|orig.time=2:00PM|orig.date=1861-03-20
1861	3	20	18	58	0	1.1	orig=0.9R|orig.time=9:00PM|orig.date=1861-03-20
1861	3	21	4	58	0	-1.4	orig=-1.1R|orig.time=7:00AM|orig.date=1861-03-21
1861	3	21	9	58	0	2.2	orig=1.8R|orig.time=Noon|orig.date=1861-03-21
1861	3	21	11	58	0	3.4	orig=2.7R|orig.time=2:00PM|orig.date=1861-03-21
1861	3	21	18	58	0	2.1	orig=1.7R|orig.time=9:00PM|orig.date=1861-03-21
1861	3	22	4	58	0	1.9	orig=1.5R|orig.time=7:00AM|orig.date=1861-03-22
1861	3	22	9	58	0	6.8	orig=5.4R|orig.time=Noon|orig.date=1861-03-22
1861	3	22	11	58	0	6.2	orig=5R|orig.time=2:00PM|orig.date=1861-03-22
1861	3	22	18	58	0	2	orig=1.6R|orig.time=9:00PM|orig.date=1861-03-22
1861	3	23	4	58	0	3.1	orig=2.5R|orig.time=7:00AM|orig.date=1861-03-23
1861	3	23	9	58	0	8.2	orig=6.6R|orig.time=Noon|orig.date=1861-03-23
1861	3	23	11	58	0	9.1	orig=7.3R|orig.time=2:00PM|orig.date=1861-03-23
1861	3	23	18	58	0	4	orig=3.2R|orig.time=9:00PM|orig.date=1861-03-23
1861	3	24	4	58	0	2.9	orig=2.3R|orig.time=7:00AM|orig.date=1861-03-24
1861	3	24	9	58	0	6.8	orig=5.4R|orig.time=Noon|orig.date=1861-03-24
1861	3	24	11	58	0	7.2	orig=5.8R|orig.time=2:00PM|orig.date=1861-03-24
1861	3	24	18	58	0	3.4	orig=2.7R|orig.time=9:00PM|orig.date=1861-03-24
1861	3	25	4	58	0	0.1	orig=0.1R|orig.time=7:00AM|orig.date=1861-03-25
1861	3	25	9	58	0	3.8	orig=3R|orig.time=Noon|orig.date=1861-03-25
1861	3	25	11	58	0	5	orig=4R|orig.time=2:00PM|orig.date=1861-03-25
1861	3	25	18	58	0	1	orig=0.8R|orig.time=9:00PM|orig.date=1861-03-25
1861	3	26	4	58	0	-1.8	orig=-1.4R|orig.time=7:00AM|orig.date=1861-03-26
1861	3	26	9	58	0	2.9	orig=2.3R|orig.time=Noon|orig.date=1861-03-26
1861	3	26	11	58	0	3.5	orig=2.8R|orig.time=2:00PM|orig.date=1861-03-26
1861	3	26	18	58	0	0.2	orig=0.2R|orig.time=9:00PM|orig.date=1861-03-26
1861	3	27	4	58	0	-1.8	orig=-1.4R|orig.time=7:00AM|orig.date=1861-03-27
1861	3	27	9	58	0	3.8	orig=3R|orig.time=Noon|orig.date=1861-03-27
1861	3	27	11	58	0	4.2	orig=3.4R|orig.time=2:00PM|orig.date=1861-03-27
1861	3	27	18	58	0	1	orig=0.8R|orig.time=9:00PM|orig.date=1861-03-27
1861	3	28	4	58	0	-0.8	orig=-0.6R|orig.time=7:00AM|orig.date=1861-03-28
1861	3	28	9	58	0	5	orig=4R|orig.time=Noon|orig.date=1861-03-28
1861	3	28	11	58	0	5.8	orig=4.6R|orig.time=2:00PM|orig.date=1861-03-28
1861	3	28	18	58	0	3.2	orig=2.6R|orig.time=9:00PM|orig.date=1861-03-28
1861	3	29	4	58	0	0.4	orig=0.3R|orig.time=7:00AM|orig.date=1861-03-29
1861	3	29	9	58	0	6.9	orig=5.5R|orig.time=Noon|orig.date=1861-03-29
1861	3	29	11	58	0	8.5	orig=6.8R|orig.time=2:00PM|orig.date=1861-03-29
1861	3	29	18	58	0	1.8	orig=1.4R|orig.time=9:00PM|orig.date=1861-03-29
1861	3	30	4	58	0	0.2	orig=0.2R|orig.time=7:00AM|orig.date=1861-03-30
1861	3	30	9	58	0	8.5	orig=6.8R|orig.time=Noon|orig.date=1861-03-30
1861	3	30	11	58	0	10.2	orig=8.2R|orig.time=2:00PM|orig.date=1861-03-30
1861	3	30	18	58	0	4.5	orig=3.6R|orig.time=9:00PM|orig.date=1861-03-30
1861	3	31	4	58	0	3.2	orig=2.6R|orig.time=7:00AM|orig.date=1861-03-31
1861	3	31	9	58	0	12.5	orig=10R|orig.time=Noon|orig.date=1861-03-31
1861	3	31	11	58	0	13	orig=10.4R|orig.time=2:00PM|orig.date=1861-03-31
1861	3	31	18	58	0	6.9	orig=5.5R|orig.time=9:00PM|orig.date=1861-03-31
1861	4	1	4	58	0	4.2	orig=3.4R|orig.time=7:00AM|orig.date=1861-04-01
1861	4	1	9	58	0	12.8	orig=10.2R|orig.time=Noon|orig.date=1861-04-01
1861	4	1	11	58	0	13.8	orig=11R|orig.time=2:00PM|orig.date=1861-04-01
1861	4	1	18	58	0	6.5	orig=5.2R|orig.time=9:00PM|orig.date=1861-04-01
1861	4	2	4	58	0	5	orig=4R|orig.time=7:00AM|orig.date=1861-04-02
1861	4	2	9	58	0	11.9	orig=9.5R|orig.time=Noon|orig.date=1861-04-02
1861	4	2	11	58	0	13	orig=10.4R|orig.time=2:00PM|orig.date=1861-04-02
1861	4	2	18	58	0	7.8	orig=6.2R|orig.time=9:00PM|orig.date=1861-04-02
1861	4	3	4	58	0	3.5	orig=2.8R|orig.time=7:00AM|orig.date=1861-04-03
1861	4	3	9	58	0	14.2	orig=11.4R|orig.time=Noon|orig.date=1861-04-03
1861	4	3	11	58	0	14.9	orig=11.9R|orig.time=2:00PM|orig.date=1861-04-03
1861	4	3	18	58	0	8.6	orig=6.9R|orig.time=9:00PM|orig.date=1861-04-03
1861	4	4	4	58	0	6.8	orig=5.4R|orig.time=7:00AM|orig.date=1861-04-04
1861	4	4	9	58	0	12.4	orig=9.9R|orig.time=Noon|orig.date=1861-04-04
1861	4	4	11	58	0	11.9	orig=9.5R|orig.time=2:00PM|orig.date=1861-04-04
1861	4	4	18	58	0	7.9	orig=6.3R|orig.time=9:00PM|orig.date=1861-04-04
1861	4	5	4	58	0	2.2	orig=1.8R|orig.time=7:00AM|orig.date=1861-04-05
1861	4	5	9	58	0	5.5	orig=4.4R|orig.time=Noon|orig.date=1861-04-05
1861	4	5	11	58	0	5.6	orig=4.5R|orig.time=2:00PM|orig.date=1861-04-05
1861	4	5	18	58	0	4.2	orig=3.4R|orig.time=9:00PM|orig.date=1861-04-05
1861	4	6	4	58	0	3.4	orig=2.7R|orig.time=7:00AM|orig.date=1861-04-06
1861	4	6	9	58	0	6.5	orig=5.2R|orig.time=Noon|orig.date=1861-04-06
1861	4	6	11	58	0	7	orig=5.6R|orig.time=2:00PM|orig.date=1861-04-06
1861	4	6	18	58	0	5	orig=4R|orig.time=9:00PM|orig.date=1861-04-06
1861	4	7	4	58	0	5.4	orig=4.3R|orig.time=7:00AM|orig.date=1861-04-07
1861	4	7	9	58	0	9.6	orig=7.7R|orig.time=Noon|orig.date=1861-04-07
1861	4	7	11	58	0	10.1	orig=8.1R|orig.time=2:00PM|orig.date=1861-04-07
1861	4	7	18	58	0	3.9	orig=3.1R|orig.time=9:00PM|orig.date=1861-04-07
1861	4	8	4	58	0	3	orig=2.4R|orig.time=7:00AM|orig.date=1861-04-08
1861	4	8	9	58	0	3.8	orig=3R|orig.time=Noon|orig.date=1861-04-08
1861	4	8	11	58	0	3.9	orig=3.1R|orig.time=2:00PM|orig.date=1861-04-08
1861	4	8	18	58	0	3.5	orig=2.8R|orig.time=9:00PM|orig.date=1861-04-08
1861	4	9	4	58	0	1.2	orig=1R|orig.time=7:00AM|orig.date=1861-04-09
1861	4	9	9	58	0	3.4	orig=2.7R|orig.time=Noon|orig.date=1861-04-09
1861	4	9	11	58	0	4	orig=3.2R|orig.time=2:00PM|orig.date=1861-04-09
1861	4	9	18	58	0	1.8	orig=1.4R|orig.time=9:00PM|orig.date=1861-04-09
1861	4	10	4	58	0	0.5	orig=0.4R|orig.time=7:00AM|orig.date=1861-04-10
1861	4	10	9	58	0	6.5	orig=5.2R|orig.time=Noon|orig.date=1861-04-10
1861	4	10	11	58	0	7.6	orig=6.1R|orig.time=2:00PM|orig.date=1861-04-10
1861	4	10	18	58	0	4	orig=3.2R|orig.time=9:00PM|orig.date=1861-04-10
1861	4	11	4	58	0	2.8	orig=2.2R|orig.time=7:00AM|orig.date=1861-04-11
1861	4	11	9	58	0	7.5	orig=6R|orig.time=Noon|orig.date=1861-04-11
1861	4	11	11	58	0	5.5	orig=4.4R|orig.time=2:00PM|orig.date=1861-04-11
1861	4	11	18	58	0	4.8	orig=3.8R|orig.time=9:00PM|orig.date=1861-04-11
1861	4	12	4	58	0	3.8	orig=3R|orig.time=7:00AM|orig.date=1861-04-12
1861	4	12	9	58	0	10.5	orig=8.4R|orig.time=Noon|orig.date=1861-04-12
1861	4	12	11	58	0	10.5	orig=8.4R|orig.time=2:00PM|orig.date=1861-04-12
1861	4	12	18	58	0	6.6	orig=5.3R|orig.time=9:00PM|orig.date=1861-04-12
1861	4	13	4	58	0	5.2	orig=4.2R|orig.time=7:00AM|orig.date=1861-04-13
1861	4	13	9	58	0	9.8	orig=7.8R|orig.time=Noon|orig.date=1861-04-13
1861	4	13	11	58	0	9.2	orig=7.4R|orig.time=2:00PM|orig.date=1861-04-13
1861	4	13	18	58	0	7	orig=5.6R|orig.time=9:00PM|orig.date=1861-04-13
1861	4	14	4	58	0	5.9	orig=4.7R|orig.time=7:00AM|orig.date=1861-04-14
1861	4	14	9	58	0	5.5	orig=4.4R|orig.time=Noon|orig.date=1861-04-14
1861	4	14	11	58	0	6.1	orig=4.9R|orig.time=2:00PM|orig.date=1861-04-14
1861	4	14	18	58	0	1.9	orig=1.5R|orig.time=9:00PM|orig.date=1861-04-14
1861	4	15	4	58	0	-3	orig=-2.4R|orig.time=7:00AM|orig.date=1861-04-15
1861	4	15	9	58	0	-1.6	orig=-1.3R|orig.time=Noon|orig.date=1861-04-15
1861	4	15	11	58	0	-1.5	orig=-1.2R|orig.time=2:00PM|orig.date=1861-04-15
1861	4	15	18	58	0	-5.2	orig=-4.2R|orig.time=9:00PM|orig.date=1861-04-15
1861	4	16	4	58	0	-5.2	orig=-4.2R|orig.time=7:00AM|orig.date=1861-04-16
1861	4	16	9	58	0	2.8	orig=2.2R|orig.time=Noon|orig.date=1861-04-16
1861	4	16	11	58	0	3	orig=2.4R|orig.time=2:00PM|orig.date=1861-04-16
1861	4	16	18	58	0	1.2	orig=1R|orig.time=9:00PM|orig.date=1861-04-16
1861	4	17	4	58	0	1.4	orig=1.1R|orig.time=7:00AM|orig.date=1861-04-17
1861	4	17	9	58	0	10.5	orig=8.4R|orig.time=Noon|orig.date=1861-04-17
1861	4	17	11	58	0	12.1	orig=9.7R|orig.time=2:00PM|orig.date=1861-04-17
1861	4	17	18	58	0	5.8	orig=4.6R|orig.time=9:00PM|orig.date=1861-04-17
1861	4	18	4	58	0	0.9	orig=0.7R|orig.time=7:00AM|orig.date=1861-04-18
1861	4	18	9	58	0	6.2	orig=5R|orig.time=Noon|orig.date=1861-04-18
1861	4	18	11	58	0	6	orig=4.8R|orig.time=2:00PM|orig.date=1861-04-18
1861	4	18	18	58	0	-2.8	orig=-2.2R|orig.time=9:00PM|orig.date=1861-04-18
1861	4	19	4	58	0	-3.5	orig=-2.8R|orig.time=7:00AM|orig.date=1861-04-19
1861	4	19	9	58	0	-1.4	orig=-1.1R|orig.time=Noon|orig.date=1861-04-19
1861	4	19	11	58	0	1.5	orig=1.2R|orig.time=2:00PM|orig.date=1861-04-19
1861	4	19	18	58	0	-1.2	orig=-1R|orig.time=9:00PM|orig.date=1861-04-19
1861	4	20	4	58	0	-1.2	orig=-1R|orig.time=7:00AM|orig.date=1861-04-20
1861	4	20	9	58	0	0.5	orig=0.4R|orig.time=Noon|orig.date=1861-04-20
1861	4	20	11	58	0	0.9	orig=0.7R|orig.time=2:00PM|orig.date=1861-04-20
1861	4	20	18	58	0	-2.1	orig=-1.7R|orig.time=9:00PM|orig.date=1861-04-20
1861	4	21	4	58	0	-1.9	orig=-1.5R|orig.time=7:00AM|orig.date=1861-04-21
1861	4	21	9	58	0	0.8	orig=0.6R|orig.time=Noon|orig.date=1861-04-21
1861	4	21	11	58	0	3.6	orig=2.9R|orig.time=2:00PM|orig.date=1861-04-21
1861	4	21	18	58	0	-2.4	orig=-1.9R|orig.time=9:00PM|orig.date=1861-04-21
1861	4	22	4	58	0	0.9	orig=0.7R|orig.time=7:00AM|orig.date=1861-04-22
1861	4	22	11	58	0	8.4	orig=6.7R|orig.time=2:00PM|orig.date=1861-04-22
1861	4	22	18	58	0	6.2	orig=5R|orig.time=9:00PM|orig.date=1861-04-22
1861	4	23	4	58	0	2.8	orig=2.2R|orig.time=7:00AM|orig.date=1861-04-23
1861	4	23	9	58	0	9.6	orig=7.7R|orig.time=Noon|orig.date=1861-04-23
1861	4	23	11	58	0	8	orig=6.4R|orig.time=2:00PM|orig.date=1861-04-23
1861	4	23	18	58	0	3.2	orig=2.6R|orig.time=9:00PM|orig.date=1861-04-23
1861	4	24	4	58	0	-1.2	orig=-1R|orig.time=7:00AM|orig.date=1861-04-24
1861	4	24	9	58	0	0.5	orig=0.4R|orig.time=Noon|orig.date=1861-04-24
1861	4	24	11	58	0	1.5	orig=1.2R|orig.time=2:00PM|orig.date=1861-04-24
1861	4	24	18	58	0	-0.1	orig=-0.1R|orig.time=9:00PM|orig.date=1861-04-24
1861	4	25	4	58	0	-1	orig=-0.8R|orig.time=7:00AM|orig.date=1861-04-25
1861	4	25	9	58	0	3.5	orig=2.8R|orig.time=Noon|orig.date=1861-04-25
1861	4	25	11	58	0	4.8	orig=3.8R|orig.time=2:00PM|orig.date=1861-04-25
1861	4	25	18	58	0	1.1	orig=0.9R|orig.time=9:00PM|orig.date=1861-04-25
1861	4	26	4	58	0	3.8	orig=3R|orig.time=7:00AM|orig.date=1861-04-26
1861	4	26	9	58	0	12.8	orig=10.2R|orig.time=Noon|orig.date=1861-04-26
1861	4	26	11	58	0	14	orig=11.2R|orig.time=2:00PM|orig.date=1861-04-26
1861	4	26	18	58	0	8.8	orig=7R|orig.time=9:00PM|orig.date=1861-04-26
1861	4	27	4	58	0	6.1	orig=4.9R|orig.time=7:00AM|orig.date=1861-04-27
1861	4	27	9	58	0	11	orig=8.8R|orig.time=Noon|orig.date=1861-04-27
1861	4	27	11	58	0	9.6	orig=7.7R|orig.time=2:00PM|orig.date=1861-04-27
1861	4	27	18	58	0	1.5	orig=1.2R|orig.time=9:00PM|orig.date=1861-04-27
1861	4	28	4	58	0	1.8	orig=1.4R|orig.time=7:00AM|orig.date=1861-04-28
1861	4	28	9	58	0	8.9	orig=7.1R|orig.time=Noon|orig.date=1861-04-28
1861	4	28	11	58	0	8.8	orig=7R|orig.time=2:00PM|orig.date=1861-04-28
1861	4	28	18	58	0	3	orig=2.4R|orig.time=9:00PM|orig.date=1861-04-28
1861	4	29	4	58	0	0.8	orig=0.6R|orig.time=7:00AM|orig.date=1861-04-29
1861	4	29	9	58	0	5.6	orig=4.5R|orig.time=Noon|orig.date=1861-04-29
1861	4	29	11	58	0	6.5	orig=5.2R|orig.time=2:00PM|orig.date=1861-04-29
1861	4	29	18	58	0	3.6	orig=2.9R|orig.time=9:00PM|orig.date=1861-04-29
1861	4	30	4	58	0	5.2	orig=4.2R|orig.time=7:00AM|orig.date=1861-04-30
1861	4	30	11	58	0	11.2	orig=9R|orig.time=2:00PM|orig.date=1861-04-30
1861	4	30	18	58	0	1.6	orig=1.3R|orig.time=9:00PM|orig.date=1861-04-30
1861	5	1	4	58	0	0.8	orig=0.6R|orig.time=7:00AM|orig.date=1861-05-01
1861	5	1	9	58	0	6.2	orig=5R|orig.time=Noon|orig.date=1861-05-01
1861	5	1	11	58	0	8	orig=6.4R|orig.time=2:00PM|orig.date=1861-05-01
1861	5	1	18	58	0	2.2	orig=1.8R|orig.time=9:00PM|orig.date=1861-05-01
1861	5	2	4	58	0	2	orig=1.6R|orig.time=7:00AM|orig.date=1861-05-02
1861	5	2	9	58	0	9.6	orig=7.7R|orig.time=Noon|orig.date=1861-05-02
1861	5	2	11	58	0	12.5	orig=10R|orig.time=2:00PM|orig.date=1861-05-02
1861	5	2	18	58	0	5.5	orig=4.4R|orig.time=9:00PM|orig.date=1861-05-02
1861	5	3	4	58	0	5.5	orig=4.4R|orig.time=7:00AM|orig.date=1861-05-03
1861	5	3	9	58	0	15.8	orig=12.6R|orig.time=Noon|orig.date=1861-05-03
1861	5	3	11	58	0	14.8	orig=11.8R|orig.time=2:00PM|orig.date=1861-05-03
1861	5	3	18	58	0	4.2	orig=3.4R|orig.time=9:00PM|orig.date=1861-05-03
1861	5	4	4	58	0	2	orig=1.6R|orig.time=7:00AM|orig.date=1861-05-04
1861	5	4	9	58	0	9.9	orig=7.9R|orig.time=Noon|orig.date=1861-05-04
1861	5	4	11	58	0	9.9	orig=7.9R|orig.time=2:00PM|orig.date=1861-05-04
1861	5	4	18	58	0	5.9	orig=4.7R|orig.time=9:00PM|orig.date=1861-05-04
1861	5	5	4	58	0	7.1	orig=5.7R|orig.time=7:00AM|orig.date=1861-05-05
1861	5	5	9	58	0	14.8	orig=11.8R|orig.time=Noon|orig.date=1861-05-05
1861	5	5	11	58	0	16	orig=12.8R|orig.time=2:00PM|orig.date=1861-05-05
1861	5	5	18	58	0	10.2	orig=8.2R|orig.time=9:00PM|orig.date=1861-05-05
1861	5	6	4	58	0	9.6	orig=7.7R|orig.time=7:00AM|orig.date=1861-05-06
1861	5	6	9	58	0	17.8	orig=14.2R|orig.time=Noon|orig.date=1861-05-06
1861	5	6	11	58	0	18	orig=14.4R|orig.time=2:00PM|orig.date=1861-05-06
1861	5	6	18	58	0	11.4	orig=9.1R|orig.time=9:00PM|orig.date=1861-05-06
1861	5	7	4	58	0	9.5	orig=7.6R|orig.time=7:00AM|orig.date=1861-05-07
1861	5	7	9	58	0	14.6	orig=11.7R|orig.time=Noon|orig.date=1861-05-07
1861	5	7	11	58	0	17	orig=13.6R|orig.time=2:00PM|orig.date=1861-05-07
1861	5	7	18	58	0	10.9	orig=8.7R|orig.time=9:00PM|orig.date=1861-05-07
1861	5	8	4	58	0	6.6	orig=5.3R|orig.time=7:00AM|orig.date=1861-05-08
1861	5	8	9	58	0	9.1	orig=7.3R|orig.time=Noon|orig.date=1861-05-08
1861	5	8	11	58	0	11.5	orig=9.2R|orig.time=2:00PM|orig.date=1861-05-08
1861	5	8	18	58	0	6.9	orig=5.5R|orig.time=9:00PM|orig.date=1861-05-08
1861	5	9	4	58	0	7.4	orig=5.9R|orig.time=7:00AM|orig.date=1861-05-09
1861	5	9	9	58	0	11.4	orig=9.1R|orig.time=Noon|orig.date=1861-05-09
1861	5	9	11	58	0	11.1	orig=8.9R|orig.time=2:00PM|orig.date=1861-05-09
1861	5	9	18	58	0	8.1	orig=6.5R|orig.time=9:00PM|orig.date=1861-05-09
1861	5	10	4	58	0	7.6	orig=6.1R|orig.time=7:00AM|orig.date=1861-05-10
1861	5	10	9	58	0	12.6	orig=10.1R|orig.time=Noon|orig.date=1861-05-10
1861	5	10	11	58	0	14.1	orig=11.3R|orig.time=2:00PM|orig.date=1861-05-10
1861	5	10	18	58	0	11.8	orig=9.4R|orig.time=9:00PM|orig.date=1861-05-10
1861	5	11	4	58	0	9.6	orig=7.7R|orig.time=7:00AM|orig.date=1861-05-11
1861	5	11	9	58	0	14.9	orig=11.9R|orig.time=Noon|orig.date=1861-05-11
1861	5	11	11	58	0	16.2	orig=13R|orig.time=2:00PM|orig.date=1861-05-11
1861	5	11	18	58	0	14.5	orig=11.6R|orig.time=9:00PM|orig.date=1861-05-11
1861	5	12	4	58	0	12.6	orig=10.1R|orig.time=7:00AM|orig.date=1861-05-12
1861	5	12	9	58	0	21.4	orig=17.1R|orig.time=Noon|orig.date=1861-05-12
1861	5	12	11	58	0	23.2	orig=18.6R|orig.time=2:00PM|orig.date=1861-05-12
1861	5	12	18	58	0	19.8	orig=15.8R|orig.time=9:00PM|orig.date=1861-05-12
1861	5	13	4	58	0	17.8	orig=14.2R|orig.time=7:00AM|orig.date=1861-05-13
1861	5	13	9	58	0	25.8	orig=20.6R|orig.time=Noon|orig.date=1861-05-13
1861	5	13	11	58	0	26.1	orig=20.9R|orig.time=2:00PM|orig.date=1861-05-13
1861	5	13	18	58	0	21.2	orig=17R|orig.time=9:00PM|orig.date=1861-05-13
1861	5	14	4	58	0	16.9	orig=13.5R|orig.time=7:00AM|orig.date=1861-05-14
1861	5	14	9	58	0	24.1	orig=19.3R|orig.time=Noon|orig.date=1861-05-14
1861	5	14	11	58	0	26.2	orig=21R|orig.time=2:00PM|orig.date=1861-05-14
1861	5	14	18	58	0	21.4	orig=17.1R|orig.time=9:00PM|orig.date=1861-05-14
1861	5	15	4	58	0	18.4	orig=14.7R|orig.time=7:00AM|orig.date=1861-05-15
1861	5	15	9	58	0	25.1	orig=20.1R|orig.time=Noon|orig.date=1861-05-15
1861	5	15	11	58	0	26	orig=20.8R|orig.time=2:00PM|orig.date=1861-05-15
1861	5	15	18	58	0	12.1	orig=9.7R|orig.time=9:00PM|orig.date=1861-05-15
1861	5	16	4	58	0	8	orig=6.4R|orig.time=7:00AM|orig.date=1861-05-16
1861	5	16	9	58	0	10.8	orig=8.6R|orig.time=Noon|orig.date=1861-05-16
1861	5	16	11	58	0	12.1	orig=9.7R|orig.time=2:00PM|orig.date=1861-05-16
1861	5	16	18	58	0	9.8	orig=7.8R|orig.time=9:00PM|orig.date=1861-05-16
1861	5	17	4	58	0	9.5	orig=7.6R|orig.time=7:00AM|orig.date=1861-05-17
1861	5	17	9	58	0	17.2	orig=13.8R|orig.time=Noon|orig.date=1861-05-17
1861	5	17	11	58	0	17.1	orig=13.7R|orig.time=2:00PM|orig.date=1861-05-17
1861	5	17	18	58	0	10.6	orig=8.5R|orig.time=9:00PM|orig.date=1861-05-17
1861	5	18	4	58	0	11.2	orig=9R|orig.time=7:00AM|orig.date=1861-05-18
1861	5	18	9	58	0	15.6	orig=12.5R|orig.time=Noon|orig.date=1861-05-18
1861	5	18	11	58	0	17.9	orig=14.3R|orig.time=2:00PM|orig.date=1861-05-18
1861	5	18	18	58	0	8.8	orig=7R|orig.time=9:00PM|orig.date=1861-05-18
1861	5	19	4	58	0	2.6	orig=2.1R|orig.time=7:00AM|orig.date=1861-05-19
1861	5	19	9	58	0	6.1	orig=4.9R|orig.time=Noon|orig.date=1861-05-19
1861	5	19	11	58	0	5.5	orig=4.4R|orig.time=2:00PM|orig.date=1861-05-19
1861	5	19	18	58	0	4.5	orig=3.6R|orig.time=9:00PM|orig.date=1861-05-19
1861	5	20	4	58	0	5.2	orig=4.2R|orig.time=7:00AM|orig.date=1861-05-20
1861	5	20	9	58	0	11	orig=8.8R|orig.time=Noon|orig.date=1861-05-20
1861	5	20	11	58	0	11.4	orig=9.1R|orig.time=2:00PM|orig.date=1861-05-20
1861	5	20	18	58	0	3.8	orig=3R|orig.time=9:00PM|orig.date=1861-05-20
1861	5	21	4	58	0	4.9	orig=3.9R|orig.time=7:00AM|orig.date=1861-05-21
1861	5	21	9	58	0	10.5	orig=8.4R|orig.time=Noon|orig.date=1861-05-21
1861	5	21	11	58	0	12	orig=9.6R|orig.time=2:00PM|orig.date=1861-05-21
1861	5	21	18	58	0	8.8	orig=7R|orig.time=9:00PM|orig.date=1861-05-21
1861	5	22	4	58	0	6.2	orig=5R|orig.time=7:00AM|orig.date=1861-05-22
1861	5	22	9	58	0	10.9	orig=8.7R|orig.time=Noon|orig.date=1861-05-22
1861	5	22	11	58	0	11.5	orig=9.2R|orig.time=2:00PM|orig.date=1861-05-22
1861	5	22	18	58	0	5.6	orig=4.5R|orig.time=9:00PM|orig.date=1861-05-22
1861	5	23	4	58	0	4	orig=3.2R|orig.time=7:00AM|orig.date=1861-05-23
1861	5	23	9	58	0	6.1	orig=4.9R|orig.time=Noon|orig.date=1861-05-23
1861	5	23	11	58	0	6.1	orig=4.9R|orig.time=2:00PM|orig.date=1861-05-23
1861	5	23	18	58	0	5.6	orig=4.5R|orig.time=9:00PM|orig.date=1861-05-23
1861	5	24	4	58	0	7.4	orig=5.9R|orig.time=7:00AM|orig.date=1861-05-24
1861	5	24	9	58	0	8.9	orig=7.1R|orig.time=Noon|orig.date=1861-05-24
1861	5	24	11	58	0	8.9	orig=7.1R|orig.time=2:00PM|orig.date=1861-05-24
1861	5	24	18	58	0	8	orig=6.4R|orig.time=9:00PM|orig.date=1861-05-24
1861	5	25	4	58	0	8.6	orig=6.9R|orig.time=7:00AM|orig.date=1861-05-25
1861	5	25	9	58	0	14.9	orig=11.9R|orig.time=Noon|orig.date=1861-05-25
1861	5	25	11	58	0	16.4	orig=13.1R|orig.time=2:00PM|orig.date=1861-05-25
1861	5	25	18	58	0	11.9	orig=9.5R|orig.time=9:00PM|orig.date=1861-05-25
1861	5	26	4	58	0	10	orig=8R|orig.time=7:00AM|orig.date=1861-05-26
1861	5	26	9	58	0	13.9	orig=11.1R|orig.time=Noon|orig.date=1861-05-26
1861	5	26	11	58	0	14.8	orig=11.8R|orig.time=2:00PM|orig.date=1861-05-26
1861	5	26	18	58	0	12.8	orig=10.2R|orig.time=9:00PM|orig.date=1861-05-26
1861	5	27	4	58	0	14.1	orig=11.3R|orig.time=7:00AM|orig.date=1861-05-27
1861	5	27	9	58	0	11.6	orig=9.3R|orig.time=Noon|orig.date=1861-05-27
1861	5	27	11	58	0	12	orig=9.6R|orig.time=2:00PM|orig.date=1861-05-27
1861	5	27	18	58	0	11.1	orig=8.9R|orig.time=9:00PM|orig.date=1861-05-27
1861	5	28	4	58	0	12.1	orig=9.7R|orig.time=7:00AM|orig.date=1861-05-28
1861	5	28	9	58	0	19.8	orig=15.8R|orig.time=Noon|orig.date=1861-05-28
1861	5	28	11	58	0	19.2	orig=15.4R|orig.time=2:00PM|orig.date=1861-05-28
1861	5	28	18	58	0	16	orig=12.8R|orig.time=9:00PM|orig.date=1861-05-28
1861	5	29	4	58	0	14.5	orig=11.6R|orig.time=7:00AM|orig.date=1861-05-29
1861	5	29	9	58	0	19	orig=15.2R|orig.time=Noon|orig.date=1861-05-29
1861	5	29	11	58	0	20.1	orig=16.1R|orig.time=2:00PM|orig.date=1861-05-29
1861	5	29	18	58	0	17.6	orig=14.1R|orig.time=9:00PM|orig.date=1861-05-29
1861	5	30	4	58	0	16.6	orig=13.3R|orig.time=7:00AM|orig.date=1861-05-30
1861	5	30	9	58	0	21.8	orig=17.4R|orig.time=Noon|orig.date=1861-05-30
1861	5	30	11	58	0	23.4	orig=18.7R|orig.time=2:00PM|orig.date=1861-05-30
1861	5	30	18	58	0	17.5	orig=14R|orig.time=9:00PM|orig.date=1861-05-30
1861	5	31	4	58	0	16.4	orig=13.1R|orig.time=7:00AM|orig.date=1861-05-31
1861	5	31	9	58	0	22.2	orig=17.8R|orig.time=Noon|orig.date=1861-05-31
1861	5	31	11	58	0	24	orig=19.2R|orig.time=2:00PM|orig.date=1861-05-31
1861	5	31	18	58	0	18.8	orig=15R|orig.time=9:00PM|orig.date=1861-05-31
1861	6	1	4	58	0	19.9	orig=15.9R|orig.time=7:00AM|orig.date=1861-06-01
1861	6	1	9	58	0	25.2	orig=20.2R|orig.time=Noon|orig.date=1861-06-01
1861	6	1	11	58	0	24.4	orig=19.5R|orig.time=2:00PM|orig.date=1861-06-01
1861	6	1	18	58	0	15.9	orig=12.7R|orig.time=9:00PM|orig.date=1861-06-01
1861	6	2	4	58	0	16.9	orig=13.5R|orig.time=7:00AM|orig.date=1861-06-02
1861	6	2	9	58	0	22.8	orig=18.2R|orig.time=Noon|orig.date=1861-06-02
1861	6	2	11	58	0	23.8	orig=19R|orig.time=2:00PM|orig.date=1861-06-02
1861	6	2	18	58	0	20.1	orig=16.1R|orig.time=9:00PM|orig.date=1861-06-02
1861	6	3	4	58	0	18.2	orig=14.6R|orig.time=7:00AM|orig.date=1861-06-03
1861	6	3	9	58	0	20.2	orig=16.2R|orig.time=Noon|orig.date=1861-06-03
1861	6	3	11	58	0	20.4	orig=16.3R|orig.time=2:00PM|orig.date=1861-06-03
1861	6	3	18	58	0	17.5	orig=14R|orig.time=9:00PM|orig.date=1861-06-03
1861	6	4	4	58	0	14.6	orig=11.7R|orig.time=7:00AM|orig.date=1861-06-04
1861	6	4	9	58	0	18.5	orig=14.8R|orig.time=Noon|orig.date=1861-06-04
1861	6	4	11	58	0	18.6	orig=14.9R|orig.time=2:00PM|orig.date=1861-06-04
1861	6	4	18	58	0	13.6	orig=10.9R|orig.time=9:00PM|orig.date=1861-06-04
1861	6	5	4	58	0	12.2	orig=9.8R|orig.time=7:00AM|orig.date=1861-06-05
1861	6	5	9	58	0	17.5	orig=14R|orig.time=Noon|orig.date=1861-06-05
1861	6	5	11	58	0	18.5	orig=14.8R|orig.time=2:00PM|orig.date=1861-06-05
1861	6	5	18	58	0	13.5	orig=10.8R|orig.time=9:00PM|orig.date=1861-06-05
1861	6	6	4	58	0	15.1	orig=12.1R|orig.time=7:00AM|orig.date=1861-06-06
1861	6	6	9	58	0	21.4	orig=17.1R|orig.time=Noon|orig.date=1861-06-06
1861	6	6	11	58	0	23.6	orig=18.9R|orig.time=2:00PM|orig.date=1861-06-06
1861	6	6	18	58	0	16.2	orig=13R|orig.time=9:00PM|orig.date=1861-06-06
1861	6	7	4	58	0	16.8	orig=13.4R|orig.time=7:00AM|orig.date=1861-06-07
1861	6	7	9	58	0	24	orig=19.2R|orig.time=Noon|orig.date=1861-06-07
1861	6	7	11	58	0	24.1	orig=19.3R|orig.time=2:00PM|orig.date=1861-06-07
1861	6	7	18	58	0	16.5	orig=13.2R|orig.time=9:00PM|orig.date=1861-06-07
1861	6	8	4	58	0	14.8	orig=11.8R|orig.time=7:00AM|orig.date=1861-06-08
1861	6	8	9	58	0	21.5	orig=17.2R|orig.time=Noon|orig.date=1861-06-08
1861	6	8	11	58	0	22.8	orig=18.2R|orig.time=2:00PM|orig.date=1861-06-08
1861	6	8	18	58	0	15.6	orig=12.5R|orig.time=9:00PM|orig.date=1861-06-08
1861	6	9	4	58	0	16.2	orig=13R|orig.time=7:00AM|orig.date=1861-06-09
1861	6	9	9	58	0	22	orig=17.6R|orig.time=Noon|orig.date=1861-06-09
1861	6	9	11	58	0	23.8	orig=19R|orig.time=2:00PM|orig.date=1861-06-09
1861	6	9	18	58	0	17.4	orig=13.9R|orig.time=9:00PM|orig.date=1861-06-09
1861	6	10	4	58	0	17.5	orig=14R|orig.time=7:00AM|orig.date=1861-06-10
1861	6	10	9	58	0	23.8	orig=19R|orig.time=Noon|orig.date=1861-06-10
1861	6	10	11	58	0	23.2	orig=18.6R|orig.time=2:00PM|orig.date=1861-06-10
1861	6	10	18	58	0	15.6	orig=12.5R|orig.time=9:00PM|orig.date=1861-06-10
1861	6	11	4	58	0	16.8	orig=13.4R|orig.time=7:00AM|orig.date=1861-06-11
1861	6	11	9	58	0	23.8	orig=19R|orig.time=Noon|orig.date=1861-06-11
1861	6	11	11	58	0	22.4	orig=17.9R|orig.time=2:00PM|orig.date=1861-06-11
1861	6	11	18	58	0	19.5	orig=15.6R|orig.time=9:00PM|orig.date=1861-06-11
1861	6	12	4	58	0	16.5	orig=13.2R|orig.time=7:00AM|orig.date=1861-06-12
1861	6	12	9	58	0	21.9	orig=17.5R|orig.time=Noon|orig.date=1861-06-12
1861	6	12	11	58	0	23.6	orig=18.9R|orig.time=2:00PM|orig.date=1861-06-12
1861	6	12	18	58	0	17.5	orig=14R|orig.time=9:00PM|orig.date=1861-06-12
1861	6	13	4	58	0	17.9	orig=14.3R|orig.time=7:00AM|orig.date=1861-06-13
1861	6	13	9	58	0	24.6	orig=19.7R|orig.time=Noon|orig.date=1861-06-13
1861	6	13	11	58	0	25	orig=20R|orig.time=2:00PM|orig.date=1861-06-13
1861	6	13	18	58	0	18.9	orig=15.1R|orig.time=9:00PM|orig.date=1861-06-13
1861	6	14	4	58	0	18.2	orig=14.6R|orig.time=7:00AM|orig.date=1861-06-14
1861	6	14	9	58	0	24.4	orig=19.5R|orig.time=Noon|orig.date=1861-06-14
1861	6	14	11	58	0	25.2	orig=20.2R|orig.time=2:00PM|orig.date=1861-06-14
1861	6	14	18	58	0	18	orig=14.4R|orig.time=9:00PM|orig.date=1861-06-14
1861	6	15	4	58	0	16.1	orig=12.9R|orig.time=7:00AM|orig.date=1861-06-15
1861	6	15	9	58	0	21.8	orig=17.4R|orig.time=Noon|orig.date=1861-06-15
1861	6	15	11	58	0	21.2	orig=17R|orig.time=2:00PM|orig.date=1861-06-15
1861	6	15	18	58	0	16.9	orig=13.5R|orig.time=9:00PM|orig.date=1861-06-15
1861	6	16	4	58	0	16.8	orig=13.4R|orig.time=7:00AM|orig.date=1861-06-16
1861	6	16	9	58	0	23.5	orig=18.8R|orig.time=Noon|orig.date=1861-06-16
1861	6	16	11	58	0	24.6	orig=19.7R|orig.time=2:00PM|orig.date=1861-06-16
1861	6	16	18	58	0	17.5	orig=14R|orig.time=9:00PM|orig.date=1861-06-16
1861	6	17	4	58	0	17.9	orig=14.3R|orig.time=7:00AM|orig.date=1861-06-17
1861	6	17	9	58	0	27.2	orig=21.8R|orig.time=Noon|orig.date=1861-06-17
1861	6	17	11	58	0	27.8	orig=22.2R|orig.time=2:00PM|orig.date=1861-06-17
1861	6	17	18	58	0	18.9	orig=15.1R|orig.time=9:00PM|orig.date=1861-06-17
1861	6	18	4	58	0	10.8	orig=8.6R|orig.time=7:00AM|orig.date=1861-06-18
1861	6	18	9	58	0	14.5	orig=11.6R|orig.time=Noon|orig.date=1861-06-18
1861	6	18	11	58	0	14.9	orig=11.9R|orig.time=2:00PM|orig.date=1861-06-18
1861	6	18	18	58	0	12.2	orig=9.8R|orig.time=9:00PM|orig.date=1861-06-18
1861	6	19	4	58	0	11.9	orig=9.5R|orig.time=7:00AM|orig.date=1861-06-19
1861	6	19	9	58	0	19.1	orig=15.3R|orig.time=Noon|orig.date=1861-06-19
1861	6	19	11	58	0	20	orig=16R|orig.time=2:00PM|orig.date=1861-06-19
1861	6	19	18	58	0	14.8	orig=11.8R|orig.time=9:00PM|orig.date=1861-06-19
1861	6	20	4	58	0	15.5	orig=12.4R|orig.time=7:00AM|orig.date=1861-06-20
1861	6	20	9	58	0	25.6	orig=20.5R|orig.time=Noon|orig.date=1861-06-20
1861	6	20	11	58	0	25.8	orig=20.6R|orig.time=2:00PM|orig.date=1861-06-20
1861	6	20	18	58	0	19.6	orig=15.7R|orig.time=9:00PM|orig.date=1861-06-20
1861	6	21	4	58	0	20	orig=16R|orig.time=7:00AM|orig.date=1861-06-21
1861	6	21	9	58	0	27.5	orig=22R|orig.time=Noon|orig.date=1861-06-21
1861	6	21	11	58	0	28.8	orig=23R|orig.time=2:00PM|orig.date=1861-06-21
1861	6	21	18	58	0	21.8	orig=17.4R|orig.time=9:00PM|orig.date=1861-06-21
1861	6	22	4	58	0	17.2	orig=13.8R|orig.time=7:00AM|orig.date=1861-06-22
1861	6	22	9	58	0	24.6	orig=19.7R|orig.time=Noon|orig.date=1861-06-22
1861	6	22	11	58	0	25.4	orig=20.3R|orig.time=2:00PM|orig.date=1861-06-22
1861	6	22	18	58	0	20	orig=16R|orig.time=9:00PM|orig.date=1861-06-22
1861	6	23	4	58	0	13.8	orig=11R|orig.time=7:00AM|orig.date=1861-06-23
1861	6	23	9	58	0	17.1	orig=13.7R|orig.time=Noon|orig.date=1861-06-23
1861	6	23	11	58	0	18.2	orig=14.6R|orig.time=2:00PM|orig.date=1861-06-23
1861	6	23	18	58	0	15.9	orig=12.7R|orig.time=9:00PM|orig.date=1861-06-23
1861	6	24	4	58	0	15	orig=12R|orig.time=7:00AM|orig.date=1861-06-24
1861	6	24	9	58	0	18.2	orig=14.6R|orig.time=Noon|orig.date=1861-06-24
1861	6	24	11	58	0	16.8	orig=13.4R|orig.time=2:00PM|orig.date=1861-06-24
1861	6	24	18	58	0	15	orig=12R|orig.time=9:00PM|orig.date=1861-06-24
1861	6	25	4	58	0	14.6	orig=11.7R|orig.time=7:00AM|orig.date=1861-06-25
1861	6	25	9	58	0	20.8	orig=16.6R|orig.time=Noon|orig.date=1861-06-25
1861	6	25	11	58	0	21.4	orig=17.1R|orig.time=2:00PM|orig.date=1861-06-25
1861	6	25	18	58	0	17.1	orig=13.7R|orig.time=9:00PM|orig.date=1861-06-25
1861	6	26	4	58	0	16.4	orig=13.1R|orig.time=7:00AM|orig.date=1861-06-26
1861	6	26	9	58	0	22.8	orig=18.2R|orig.time=Noon|orig.date=1861-06-26
1861	6	26	11	58	0	23.8	orig=19R|orig.time=2:00PM|orig.date=1861-06-26
1861	6	26	18	58	0	16.9	orig=13.5R|orig.time=9:00PM|orig.date=1861-06-26
1861	6	27	4	58	0	16.2	orig=13R|orig.time=7:00AM|orig.date=1861-06-27
1861	6	27	9	58	0	22.2	orig=17.8R|orig.time=Noon|orig.date=1861-06-27
1861	6	27	11	58	0	22.8	orig=18.2R|orig.time=2:00PM|orig.date=1861-06-27
1861	6	27	18	58	0	19.6	orig=15.7R|orig.time=9:00PM|orig.date=1861-06-27
1861	6	28	4	58	0	18.9	orig=15.1R|orig.time=7:00AM|orig.date=1861-06-28
1861	6	28	9	58	0	25.6	orig=20.5R|orig.time=Noon|orig.date=1861-06-28
1861	6	28	11	58	0	26.8	orig=21.4R|orig.time=2:00PM|orig.date=1861-06-28
1861	6	28	18	58	0	21.6	orig=17.3R|orig.time=9:00PM|orig.date=1861-06-28
1861	6	29	4	58	0	20.5	orig=16.4R|orig.time=7:00AM|orig.date=1861-06-29
1861	6	29	9	58	0	26.8	orig=21.4R|orig.time=Noon|orig.date=1861-06-29
1861	6	29	11	58	0	27.2	orig=21.8R|orig.time=2:00PM|orig.date=1861-06-29
1861	6	29	18	58	0	20.2	orig=16.2R|orig.time=9:00PM|orig.date=1861-06-29
1861	6	30	4	58	0	18.8	orig=15R|orig.time=7:00AM|orig.date=1861-06-30
1861	6	30	9	58	0	26	orig=20.8R|orig.time=Noon|orig.date=1861-06-30
1861	6	30	11	58	0	27	orig=21.6R|orig.time=2:00PM|orig.date=1861-06-30
1861	6	30	18	58	0	19	orig=15.2R|orig.time=9:00PM|orig.date=1861-06-30
1861	7	1	4	58	0	19	orig=15.2R|orig.time=7:00AM|orig.date=1861-07-01
1861	7	1	9	58	0	26.8	orig=21.4R|orig.time=Noon|orig.date=1861-07-01
1861	7	1	11	58	0	28	orig=22.4R|orig.time=2:00PM|orig.date=1861-07-01
1861	7	1	18	58	0	16.9	orig=13.5R|orig.time=9:00PM|orig.date=1861-07-01
1861	7	2	4	58	0	16.5	orig=13.2R|orig.time=7:00AM|orig.date=1861-07-02
1861	7	2	9	58	0	22.5	orig=18R|orig.time=Noon|orig.date=1861-07-02
1861	7	2	11	58	0	24.5	orig=19.6R|orig.time=2:00PM|orig.date=1861-07-02
1861	7	2	18	58	0	18	orig=14.4R|orig.time=9:00PM|orig.date=1861-07-02
1861	7	3	4	58	0	16.6	orig=13.3R|orig.time=7:00AM|orig.date=1861-07-03
1861	7	3	9	58	0	20.5	orig=16.4R|orig.time=Noon|orig.date=1861-07-03
1861	7	3	11	58	0	20.9	orig=16.7R|orig.time=2:00PM|orig.date=1861-07-03
1861	7	3	18	58	0	15.9	orig=12.7R|orig.time=9:00PM|orig.date=1861-07-03
1861	7	4	4	58	0	15	orig=12R|orig.time=7:00AM|orig.date=1861-07-04
1861	7	4	9	58	0	19.8	orig=15.8R|orig.time=Noon|orig.date=1861-07-04
1861	7	4	11	58	0	19.6	orig=15.7R|orig.time=2:00PM|orig.date=1861-07-04
1861	7	4	18	58	0	16	orig=12.8R|orig.time=9:00PM|orig.date=1861-07-04
1861	7	5	4	58	0	15.1	orig=12.1R|orig.time=7:00AM|orig.date=1861-07-05
1861	7	5	9	58	0	19.8	orig=15.8R|orig.time=Noon|orig.date=1861-07-05
1861	7	5	11	58	0	20	orig=16R|orig.time=2:00PM|orig.date=1861-07-05
1861	7	5	18	58	0	14.6	orig=11.7R|orig.time=9:00PM|orig.date=1861-07-05
1861	7	6	4	58	0	14.2	orig=11.4R|orig.time=7:00AM|orig.date=1861-07-06
1861	7	6	9	58	0	19.8	orig=15.8R|orig.time=Noon|orig.date=1861-07-06
1861	7	6	11	58	0	20.8	orig=16.6R|orig.time=2:00PM|orig.date=1861-07-06
1861	7	6	18	58	0	16.6	orig=13.3R|orig.time=9:00PM|orig.date=1861-07-06
1861	7	7	4	58	0	17.4	orig=13.9R|orig.time=7:00AM|orig.date=1861-07-07
1861	7	7	9	58	0	26.8	orig=21.4R|orig.time=Noon|orig.date=1861-07-07
1861	7	7	11	58	0	27.2	orig=21.8R|orig.time=2:00PM|orig.date=1861-07-07
1861	7	7	18	58	0	21.6	orig=17.3R|orig.time=9:00PM|orig.date=1861-07-07
1861	7	8	4	58	0	17.2	orig=13.8R|orig.time=7:00AM|orig.date=1861-07-08
1861	7	8	9	58	0	20	orig=16R|orig.time=Noon|orig.date=1861-07-08
1861	7	8	11	58	0	17	orig=13.6R|orig.time=2:00PM|orig.date=1861-07-08
1861	7	8	18	58	0	18.4	orig=14.7R|orig.time=9:00PM|orig.date=1861-07-08
1861	7	9	4	58	0	19.1	orig=15.3R|orig.time=7:00AM|orig.date=1861-07-09
1861	7	9	9	58	0	23	orig=18.4R|orig.time=Noon|orig.date=1861-07-09
1861	7	9	11	58	0	25.5	orig=20.4R|orig.time=2:00PM|orig.date=1861-07-09
1861	7	9	18	58	0	17.2	orig=13.8R|orig.time=9:00PM|orig.date=1861-07-09
1861	7	10	4	58	0	17.8	orig=14.2R|orig.time=7:00AM|orig.date=1861-07-10
1861	7	10	9	58	0	22.8	orig=18.2R|orig.time=Noon|orig.date=1861-07-10
1861	7	10	11	58	0	25.2	orig=20.2R|orig.time=2:00PM|orig.date=1861-07-10
1861	7	10	18	58	0	20.9	orig=16.7R|orig.time=9:00PM|orig.date=1861-07-10
1861	7	11	4	58	0	20.2	orig=16.2R|orig.time=7:00AM|orig.date=1861-07-11
1861	7	11	9	58	0	28.2	orig=22.6R|orig.time=Noon|orig.date=1861-07-11
1861	7	11	11	58	0	28.2	orig=22.6R|orig.time=2:00PM|orig.date=1861-07-11
1861	7	11	18	58	0	22.5	orig=18R|orig.time=9:00PM|orig.date=1861-07-11
1861	7	12	4	58	0	21.6	orig=17.3R|orig.time=7:00AM|orig.date=1861-07-12
1861	7	12	9	58	0	27.2	orig=21.8R|orig.time=Noon|orig.date=1861-07-12
1861	7	12	11	58	0	29.1	orig=23.3R|orig.time=2:00PM|orig.date=1861-07-12
1861	7	12	18	58	0	24.6	orig=19.7R|orig.time=9:00PM|orig.date=1861-07-12
1861	7	13	4	58	0	21.8	orig=17.4R|orig.time=7:00AM|orig.date=1861-07-13
1861	7	13	9	58	0	27.8	orig=22.2R|orig.time=Noon|orig.date=1861-07-13
1861	7	13	11	58	0	24.6	orig=19.7R|orig.time=2:00PM|orig.date=1861-07-13
1861	7	13	18	58	0	22.9	orig=18.3R|orig.time=9:00PM|orig.date=1861-07-13
1861	7	14	4	58	0	20.4	orig=16.3R|orig.time=7:00AM|orig.date=1861-07-14
1861	7	14	9	58	0	28.5	orig=22.8R|orig.time=Noon|orig.date=1861-07-14
1861	7	14	11	58	0	28.5	orig=22.8R|orig.time=2:00PM|orig.date=1861-07-14
1861	7	14	18	58	0	20.5	orig=16.4R|orig.time=9:00PM|orig.date=1861-07-14
1861	7	15	4	58	0	20.2	orig=16.2R|orig.time=7:00AM|orig.date=1861-07-15
1861	7	15	9	58	0	27.6	orig=22.1R|orig.time=Noon|orig.date=1861-07-15
1861	7	15	11	58	0	28.9	orig=23.1R|orig.time=2:00PM|orig.date=1861-07-15
1861	7	15	18	58	0	25.5	orig=20.4R|orig.time=9:00PM|orig.date=1861-07-15
1861	7	16	4	58	0	23	orig=18.4R|orig.time=7:00AM|orig.date=1861-07-16
1861	7	16	9	58	0	29.5	orig=23.6R|orig.time=Noon|orig.date=1861-07-16
1861	7	16	11	58	0	30.4	orig=24.3R|orig.time=2:00PM|orig.date=1861-07-16
1861	7	16	18	58	0	25.8	orig=20.6R|orig.time=9:00PM|orig.date=1861-07-16
1861	7	17	4	58	0	24.8	orig=19.8R|orig.time=7:00AM|orig.date=1861-07-17
1861	7	17	9	58	0	31	orig=24.8R|orig.time=Noon|orig.date=1861-07-17
1861	7	17	11	58	0	31.2	orig=25R|orig.time=2:00PM|orig.date=1861-07-17
1861	7	17	18	58	0	25.5	orig=20.4R|orig.time=9:00PM|orig.date=1861-07-17
1861	7	18	4	58	0	20.5	orig=16.4R|orig.time=7:00AM|orig.date=1861-07-18
1861	7	18	9	58	0	26.2	orig=21R|orig.time=Noon|orig.date=1861-07-18
1861	7	18	11	58	0	20.5	orig=16.4R|orig.time=2:00PM|orig.date=1861-07-18
1861	7	18	18	58	0	20.8	orig=16.6R|orig.time=9:00PM|orig.date=1861-07-18
1861	7	19	4	58	0	21	orig=16.8R|orig.time=7:00AM|orig.date=1861-07-19
1861	7	19	9	58	0	25.6	orig=20.5R|orig.time=Noon|orig.date=1861-07-19
1861	7	19	11	58	0	21	orig=16.8R|orig.time=2:00PM|orig.date=1861-07-19
1861	7	19	18	58	0	20.4	orig=16.3R|orig.time=9:00PM|orig.date=1861-07-19
1861	7	20	4	58	0	19.1	orig=15.3R|orig.time=7:00AM|orig.date=1861-07-20
1861	7	20	9	58	0	26.8	orig=21.4R|orig.time=Noon|orig.date=1861-07-20
1861	7	20	11	58	0	20.8	orig=16.6R|orig.time=2:00PM|orig.date=1861-07-20
1861	7	20	18	58	0	20.2	orig=16.2R|orig.time=9:00PM|orig.date=1861-07-20
1861	7	21	4	58	0	19.5	orig=15.6R|orig.time=7:00AM|orig.date=1861-07-21
1861	7	21	9	58	0	21	orig=16.8R|orig.time=Noon|orig.date=1861-07-21
1861	7	21	11	58	0	24.1	orig=19.3R|orig.time=2:00PM|orig.date=1861-07-21
1861	7	21	18	58	0	20.2	orig=16.2R|orig.time=9:00PM|orig.date=1861-07-21
1861	7	22	4	58	0	20.5	orig=16.4R|orig.time=7:00AM|orig.date=1861-07-22
1861	7	22	9	58	0	23.4	orig=18.7R|orig.time=Noon|orig.date=1861-07-22
1861	7	22	11	58	0	19.5	orig=15.6R|orig.time=2:00PM|orig.date=1861-07-22
1861	7	22	18	58	0	19	orig=15.2R|orig.time=9:00PM|orig.date=1861-07-22
1861	7	23	4	58	0	18.1	orig=14.5R|orig.time=7:00AM|orig.date=1861-07-23
1861	7	23	9	58	0	20.6	orig=16.5R|orig.time=Noon|orig.date=1861-07-23
1861	7	23	11	58	0	21.8	orig=17.4R|orig.time=2:00PM|orig.date=1861-07-23
1861	7	23	18	58	0	18.5	orig=14.8R|orig.time=9:00PM|orig.date=1861-07-23
1861	7	24	4	58	0	18.5	orig=14.8R|orig.time=7:00AM|orig.date=1861-07-24
1861	7	24	9	58	0	20.4	orig=16.3R|orig.time=Noon|orig.date=1861-07-24
1861	7	24	11	58	0	21.1	orig=16.9R|orig.time=2:00PM|orig.date=1861-07-24
1861	7	24	18	58	0	19.5	orig=15.6R|orig.time=9:00PM|orig.date=1861-07-24
1861	7	25	4	58	0	16.9	orig=13.5R|orig.time=7:00AM|orig.date=1861-07-25
1861	7	25	9	58	0	20.1	orig=16.1R|orig.time=Noon|orig.date=1861-07-25
1861	7	25	11	58	0	20.5	orig=16.4R|orig.time=2:00PM|orig.date=1861-07-25
1861	7	25	18	58	0	18.5	orig=14.8R|orig.time=9:00PM|orig.date=1861-07-25
1861	7	26	4	58	0	17.9	orig=14.3R|orig.time=7:00AM|orig.date=1861-07-26
1861	7	26	9	58	0	18.2	orig=14.6R|orig.time=Noon|orig.date=1861-07-26
1861	7	26	11	58	0	19.4	orig=15.5R|orig.time=2:00PM|orig.date=1861-07-26
1861	7	26	18	58	0	18.9	orig=15.1R|orig.time=9:00PM|orig.date=1861-07-26
1861	7	27	4	58	0	19.2	orig=15.4R|orig.time=7:00AM|orig.date=1861-07-27
1861	7	27	9	58	0	23.9	orig=19.1R|orig.time=Noon|orig.date=1861-07-27
1861	7	27	11	58	0	24.5	orig=19.6R|orig.time=2:00PM|orig.date=1861-07-27
1861	7	27	18	58	0	20.5	orig=16.4R|orig.time=9:00PM|orig.date=1861-07-27
1861	7	28	4	58	0	20.2	orig=16.2R|orig.time=7:00AM|orig.date=1861-07-28
1861	7	28	9	58	0	26.6	orig=21.3R|orig.time=Noon|orig.date=1861-07-28
1861	7	28	11	58	0	28.4	orig=22.7R|orig.time=2:00PM|orig.date=1861-07-28
1861	7	28	18	58	0	24.6	orig=19.7R|orig.time=9:00PM|orig.date=1861-07-28
1861	7	29	4	58	0	22.4	orig=17.9R|orig.time=7:00AM|orig.date=1861-07-29
1861	7	29	9	58	0	31.6	orig=25.3R|orig.time=Noon|orig.date=1861-07-29
1861	7	29	11	58	0	23	orig=18.4R|orig.time=2:00PM|orig.date=1861-07-29
1861	7	29	18	58	0	14.5	orig=11.6R|orig.time=9:00PM|orig.date=1861-07-29
1861	7	30	4	58	0	13.8	orig=11R|orig.time=7:00AM|orig.date=1861-07-30
1861	7	30	9	58	0	18.9	orig=15.1R|orig.time=Noon|orig.date=1861-07-30
1861	7	30	11	58	0	20.6	orig=16.5R|orig.time=2:00PM|orig.date=1861-07-30
1861	7	30	18	58	0	15.2	orig=12.2R|orig.time=9:00PM|orig.date=1861-07-30
1861	7	31	4	58	0	14.8	orig=11.8R|orig.time=7:00AM|orig.date=1861-07-31
1861	7	31	9	58	0	20	orig=16R|orig.time=Noon|orig.date=1861-07-31
1861	7	31	11	58	0	20.2	orig=16.2R|orig.time=2:00PM|orig.date=1861-07-31
1861	7	31	18	58	0	18.2	orig=14.6R|orig.time=9:00PM|orig.date=1861-07-31
1861	8	1	4	58	0	15.2	orig=12.2R|orig.time=7:00AM|orig.date=1861-08-01
1861	8	1	9	58	0	22.8	orig=18.2R|orig.time=Noon|orig.date=1861-08-01
1861	8	1	11	58	0	24	orig=19.2R|orig.time=2:00PM|orig.date=1861-08-01
1861	8	1	18	58	0	17.5	orig=14R|orig.time=9:00PM|orig.date=1861-08-01
1861	8	2	4	58	0	15.1	orig=12.1R|orig.time=7:00AM|orig.date=1861-08-02
1861	8	2	9	58	0	21.9	orig=17.5R|orig.time=Noon|orig.date=1861-08-02
1861	8	2	11	58	0	22.2	orig=17.8R|orig.time=2:00PM|orig.date=1861-08-02
1861	8	2	18	58	0	16.9	orig=13.5R|orig.time=9:00PM|orig.date=1861-08-02
1861	8	3	4	58	0	15.2	orig=12.2R|orig.time=7:00AM|orig.date=1861-08-03
1861	8	3	9	58	0	21.5	orig=17.2R|orig.time=Noon|orig.date=1861-08-03
1861	8	3	11	58	0	22.5	orig=18R|orig.time=2:00PM|orig.date=1861-08-03
1861	8	3	18	58	0	20.5	orig=16.4R|orig.time=9:00PM|orig.date=1861-08-03
1861	8	4	4	58	0	16.9	orig=13.5R|orig.time=7:00AM|orig.date=1861-08-04
1861	8	4	9	58	0	25.6	orig=20.5R|orig.time=Noon|orig.date=1861-08-04
1861	8	4	11	58	0	26.6	orig=21.3R|orig.time=2:00PM|orig.date=1861-08-04
1861	8	4	18	58	0	20.8	orig=16.6R|orig.time=9:00PM|orig.date=1861-08-04
1861	8	5	4	58	0	16.5	orig=13.2R|orig.time=7:00AM|orig.date=1861-08-05
1861	8	5	9	58	0	16.4	orig=13.1R|orig.time=Noon|orig.date=1861-08-05
1861	8	5	11	58	0	16.9	orig=13.5R|orig.time=2:00PM|orig.date=1861-08-05
1861	8	5	18	58	0	16.9	orig=13.5R|orig.time=9:00PM|orig.date=1861-08-05
1861	8	6	4	58	0	16.8	orig=13.4R|orig.time=7:00AM|orig.date=1861-08-06
1861	8	6	9	58	0	22	orig=17.6R|orig.time=Noon|orig.date=1861-08-06
1861	8	6	11	58	0	22.5	orig=18R|orig.time=2:00PM|orig.date=1861-08-06
1861	8	6	18	58	0	18	orig=14.4R|orig.time=9:00PM|orig.date=1861-08-06
1861	8	7	4	58	0	17.8	orig=14.2R|orig.time=7:00AM|orig.date=1861-08-07
1861	8	7	9	58	0	25.5	orig=20.4R|orig.time=Noon|orig.date=1861-08-07
1861	8	7	11	58	0	26.5	orig=21.2R|orig.time=2:00PM|orig.date=1861-08-07
1861	8	7	18	58	0	18	orig=14.4R|orig.time=9:00PM|orig.date=1861-08-07
1861	8	8	4	58	0	14.6	orig=11.7R|orig.time=7:00AM|orig.date=1861-08-08
1861	8	8	9	58	0	21.2	orig=17R|orig.time=Noon|orig.date=1861-08-08
1861	8	8	11	58	0	21.9	orig=17.5R|orig.time=2:00PM|orig.date=1861-08-08
1861	8	8	18	58	0	17.8	orig=14.2R|orig.time=9:00PM|orig.date=1861-08-08
1861	8	9	4	58	0	17.6	orig=14.1R|orig.time=7:00AM|orig.date=1861-08-09
1861	8	9	9	58	0	27.6	orig=22.1R|orig.time=Noon|orig.date=1861-08-09
1861	8	9	11	58	0	29	orig=23.2R|orig.time=2:00PM|orig.date=1861-08-09
1861	8	9	18	58	0	18.5	orig=14.8R|orig.time=9:00PM|orig.date=1861-08-09
1861	8	10	4	58	0	15.5	orig=12.4R|orig.time=7:00AM|orig.date=1861-08-10
1861	8	10	9	58	0	17.4	orig=13.9R|orig.time=Noon|orig.date=1861-08-10
1861	8	10	11	58	0	19.5	orig=15.6R|orig.time=2:00PM|orig.date=1861-08-10
1861	8	10	18	58	0	13.4	orig=10.7R|orig.time=9:00PM|orig.date=1861-08-10
1861	8	11	4	58	0	14.8	orig=11.8R|orig.time=7:00AM|orig.date=1861-08-11
1861	8	11	9	58	0	17	orig=13.6R|orig.time=Noon|orig.date=1861-08-11
1861	8	11	11	58	0	16.2	orig=13R|orig.time=2:00PM|orig.date=1861-08-11
1861	8	11	18	58	0	14.5	orig=11.6R|orig.time=9:00PM|orig.date=1861-08-11
1861	8	12	4	58	0	14.5	orig=11.6R|orig.time=7:00AM|orig.date=1861-08-12
1861	8	12	9	58	0	18.9	orig=15.1R|orig.time=Noon|orig.date=1861-08-12
1861	8	12	11	58	0	20.6	orig=16.5R|orig.time=2:00PM|orig.date=1861-08-12
1861	8	12	18	58	0	16.1	orig=12.9R|orig.time=9:00PM|orig.date=1861-08-12
1861	8	13	4	58	0	13.5	orig=10.8R|orig.time=7:00AM|orig.date=1861-08-13
1861	8	13	9	58	0	19.8	orig=15.8R|orig.time=Noon|orig.date=1861-08-13
1861	8	13	11	58	0	20.8	orig=16.6R|orig.time=2:00PM|orig.date=1861-08-13
1861	8	13	18	58	0	16	orig=12.8R|orig.time=9:00PM|orig.date=1861-08-13
1861	8	14	4	58	0	16	orig=12.8R|orig.time=7:00AM|orig.date=1861-08-14
1861	8	14	9	58	0	25.5	orig=20.4R|orig.time=Noon|orig.date=1861-08-14
1861	8	14	11	58	0	28	orig=22.4R|orig.time=2:00PM|orig.date=1861-08-14
1861	8	14	18	58	0	17	orig=13.6R|orig.time=9:00PM|orig.date=1861-08-14
1861	8	15	4	58	0	15.5	orig=12.4R|orig.time=7:00AM|orig.date=1861-08-15
1861	8	15	9	58	0	18.2	orig=14.6R|orig.time=Noon|orig.date=1861-08-15
1861	8	15	11	58	0	19.1	orig=15.3R|orig.time=2:00PM|orig.date=1861-08-15
1861	8	15	18	58	0	15.9	orig=12.7R|orig.time=9:00PM|orig.date=1861-08-15
1861	8	16	4	58	0	15.5	orig=12.4R|orig.time=7:00AM|orig.date=1861-08-16
1861	8	16	9	58	0	15.2	orig=12.2R|orig.time=Noon|orig.date=1861-08-16
1861	8	16	11	58	0	14.8	orig=11.8R|orig.time=2:00PM|orig.date=1861-08-16
1861	8	16	18	58	0	13.5	orig=10.8R|orig.time=9:00PM|orig.date=1861-08-16
1861	8	17	4	58	0	12.9	orig=10.3R|orig.time=7:00AM|orig.date=1861-08-17
1861	8	17	9	58	0	19.9	orig=15.9R|orig.time=Noon|orig.date=1861-08-17
1861	8	17	11	58	0	19.9	orig=15.9R|orig.time=2:00PM|orig.date=1861-08-17
1861	8	17	18	58	0	16.8	orig=13.4R|orig.time=9:00PM|orig.date=1861-08-17
1861	8	18	4	58	0	15.6	orig=12.5R|orig.time=7:00AM|orig.date=1861-08-18
1861	8	18	9	58	0	22.2	orig=17.8R|orig.time=Noon|orig.date=1861-08-18
1861	8	18	11	58	0	23.4	orig=18.7R|orig.time=2:00PM|orig.date=1861-08-18
1861	8	18	18	58	0	19.5	orig=15.6R|orig.time=9:00PM|orig.date=1861-08-18
1861	8	19	4	58	0	17.2	orig=13.8R|orig.time=7:00AM|orig.date=1861-08-19
1861	8	19	9	58	0	23.8	orig=19R|orig.time=Noon|orig.date=1861-08-19
1861	8	19	11	58	0	24.6	orig=19.7R|orig.time=2:00PM|orig.date=1861-08-19
1861	8	19	18	58	0	21	orig=16.8R|orig.time=9:00PM|orig.date=1861-08-19
1861	8	20	4	58	0	17.1	orig=13.7R|orig.time=7:00AM|orig.date=1861-08-20
1861	8	20	9	58	0	23	orig=18.4R|orig.time=Noon|orig.date=1861-08-20
1861	8	20	11	58	0	23.9	orig=19.1R|orig.time=2:00PM|orig.date=1861-08-20
1861	8	20	18	58	0	19.1	orig=15.3R|orig.time=9:00PM|orig.date=1861-08-20
1861	8	21	4	58	0	16.6	orig=13.3R|orig.time=7:00AM|orig.date=1861-08-21
1861	8	21	9	58	0	22.8	orig=18.2R|orig.time=Noon|orig.date=1861-08-21
1861	8	21	11	58	0	23.8	orig=19R|orig.time=2:00PM|orig.date=1861-08-21
1861	8	21	18	58	0	19.1	orig=15.3R|orig.time=9:00PM|orig.date=1861-08-21
1861	8	22	4	58	0	17.6	orig=14.1R|orig.time=7:00AM|orig.date=1861-08-22
1861	8	22	9	58	0	25.2	orig=20.2R|orig.time=Noon|orig.date=1861-08-22
1861	8	22	11	58	0	25.9	orig=20.7R|orig.time=2:00PM|orig.date=1861-08-22
1861	8	22	18	58	0	20	orig=16R|orig.time=9:00PM|orig.date=1861-08-22
1861	8	23	4	58	0	16.8	orig=13.4R|orig.time=7:00AM|orig.date=1861-08-23
1861	8	23	9	58	0	24.5	orig=19.6R|orig.time=Noon|orig.date=1861-08-23
1861	8	23	11	58	0	22.2	orig=17.8R|orig.time=2:00PM|orig.date=1861-08-23
1861	8	23	18	58	0	14.2	orig=11.4R|orig.time=9:00PM|orig.date=1861-08-23
1861	8	24	4	58	0	14.2	orig=11.4R|orig.time=7:00AM|orig.date=1861-08-24
1861	8	24	9	58	0	18.9	orig=15.1R|orig.time=Noon|orig.date=1861-08-24
1861	8	24	11	58	0	21.1	orig=16.9R|orig.time=2:00PM|orig.date=1861-08-24
1861	8	24	18	58	0	14.5	orig=11.6R|orig.time=9:00PM|orig.date=1861-08-24
1861	8	25	4	58	0	16.2	orig=13R|orig.time=7:00AM|orig.date=1861-08-25
1861	8	25	9	58	0	22.8	orig=18.2R|orig.time=Noon|orig.date=1861-08-25
1861	8	25	11	58	0	24	orig=19.2R|orig.time=2:00PM|orig.date=1861-08-25
1861	8	25	18	58	0	18.2	orig=14.6R|orig.time=9:00PM|orig.date=1861-08-25
1861	8	26	4	58	0	17.4	orig=13.9R|orig.time=7:00AM|orig.date=1861-08-26
1861	8	26	9	58	0	26.1	orig=20.9R|orig.time=Noon|orig.date=1861-08-26
1861	8	26	11	58	0	27	orig=21.6R|orig.time=2:00PM|orig.date=1861-08-26
1861	8	26	18	58	0	18.4	orig=14.7R|orig.time=9:00PM|orig.date=1861-08-26
1861	8	27	4	58	0	15	orig=12R|orig.time=7:00AM|orig.date=1861-08-27
1861	8	27	9	58	0	14.5	orig=11.6R|orig.time=Noon|orig.date=1861-08-27
1861	8	27	11	58	0	14.4	orig=11.5R|orig.time=2:00PM|orig.date=1861-08-27
1861	8	27	18	58	0	13.4	orig=10.7R|orig.time=9:00PM|orig.date=1861-08-27
1861	8	28	4	58	0	11.9	orig=9.5R|orig.time=7:00AM|orig.date=1861-08-28
1861	8	28	9	58	0	18.4	orig=14.7R|orig.time=Noon|orig.date=1861-08-28
1861	8	28	11	58	0	19.1	orig=15.3R|orig.time=2:00PM|orig.date=1861-08-28
1861	8	28	18	58	0	12.5	orig=10R|orig.time=9:00PM|orig.date=1861-08-28
1861	8	29	4	58	0	12.6	orig=10.1R|orig.time=7:00AM|orig.date=1861-08-29
1861	8	29	9	58	0	16.6	orig=13.3R|orig.time=Noon|orig.date=1861-08-29
1861	8	29	11	58	0	18	orig=14.4R|orig.time=2:00PM|orig.date=1861-08-29
1861	8	29	18	58	0	13	orig=10.4R|orig.time=9:00PM|orig.date=1861-08-29
1861	8	30	4	58	0	14	orig=11.2R|orig.time=7:00AM|orig.date=1861-08-30
1861	8	30	9	58	0	20.9	orig=16.7R|orig.time=Noon|orig.date=1861-08-30
1861	8	30	11	58	0	22.1	orig=17.7R|orig.time=2:00PM|orig.date=1861-08-30
1861	8	30	18	58	0	17.1	orig=13.7R|orig.time=9:00PM|orig.date=1861-08-30
1861	8	31	4	58	0	16.1	orig=12.9R|orig.time=7:00AM|orig.date=1861-08-31
1861	8	31	9	58	0	15.4	orig=12.3R|orig.time=Noon|orig.date=1861-08-31
1861	8	31	11	58	0	14.8	orig=11.8R|orig.time=2:00PM|orig.date=1861-08-31
1861	8	31	18	58	0	12.1	orig=9.7R|orig.time=9:00PM|orig.date=1861-08-31
1861	9	1	4	58	0	10.4	orig=8.3R|orig.time=7:00AM|orig.date=1861-09-01
1861	9	1	9	58	0	14.1	orig=11.3R|orig.time=Noon|orig.date=1861-09-01
1861	9	1	11	58	0	13	orig=10.4R|orig.time=2:00PM|orig.date=1861-09-01
1861	9	1	18	58	0	10.9	orig=8.7R|orig.time=9:00PM|orig.date=1861-09-01
1861	9	2	4	58	0	10.5	orig=8.4R|orig.time=7:00AM|orig.date=1861-09-02
1861	9	2	9	58	0	14.4	orig=11.5R|orig.time=Noon|orig.date=1861-09-02
1861	9	2	11	58	0	14.9	orig=11.9R|orig.time=2:00PM|orig.date=1861-09-02
1861	9	2	18	58	0	11.2	orig=9R|orig.time=9:00PM|orig.date=1861-09-02
1861	9	3	4	58	0	10.2	orig=8.2R|orig.time=7:00AM|orig.date=1861-09-03
1861	9	3	9	58	0	16.9	orig=13.5R|orig.time=Noon|orig.date=1861-09-03
1861	9	3	11	58	0	18.8	orig=15R|orig.time=2:00PM|orig.date=1861-09-03
1861	9	3	18	58	0	13.8	orig=11R|orig.time=9:00PM|orig.date=1861-09-03
1861	9	4	4	58	0	14.2	orig=11.4R|orig.time=7:00AM|orig.date=1861-09-04
1861	9	4	9	58	0	23.4	orig=18.7R|orig.time=Noon|orig.date=1861-09-04
1861	9	4	11	58	0	24.4	orig=19.5R|orig.time=2:00PM|orig.date=1861-09-04
1861	9	4	18	58	0	18.2	orig=14.6R|orig.time=9:00PM|orig.date=1861-09-04
1861	9	5	4	58	0	15.4	orig=12.3R|orig.time=7:00AM|orig.date=1861-09-05
1861	9	5	9	58	0	19.8	orig=15.8R|orig.time=Noon|orig.date=1861-09-05
1861	9	5	11	58	0	18.1	orig=14.5R|orig.time=2:00PM|orig.date=1861-09-05
1861	9	5	18	58	0	11.9	orig=9.5R|orig.time=9:00PM|orig.date=1861-09-05
1861	9	6	4	58	0	12	orig=9.6R|orig.time=7:00AM|orig.date=1861-09-06
1861	9	6	9	58	0	15.8	orig=12.6R|orig.time=Noon|orig.date=1861-09-06
1861	9	6	11	58	0	15.2	orig=12.2R|orig.time=2:00PM|orig.date=1861-09-06
1861	9	6	18	58	0	10.1	orig=8.1R|orig.time=9:00PM|orig.date=1861-09-06
1861	9	7	4	58	0	9.2	orig=7.4R|orig.time=7:00AM|orig.date=1861-09-07
1861	9	7	9	58	0	19.1	orig=15.3R|orig.time=Noon|orig.date=1861-09-07
1861	9	7	11	58	0	19.1	orig=15.3R|orig.time=2:00PM|orig.date=1861-09-07
1861	9	7	18	58	0	16.4	orig=13.1R|orig.time=9:00PM|orig.date=1861-09-07
1861	9	8	4	58	0	15.2	orig=12.2R|orig.time=7:00AM|orig.date=1861-09-08
1861	9	8	9	58	0	16.2	orig=13R|orig.time=Noon|orig.date=1861-09-08
1861	9	8	11	58	0	15.9	orig=12.7R|orig.time=2:00PM|orig.date=1861-09-08
1861	9	8	18	58	0	13.4	orig=10.7R|orig.time=9:00PM|orig.date=1861-09-08
1861	9	9	4	58	0	10.9	orig=8.7R|orig.time=7:00AM|orig.date=1861-09-09
1861	9	9	9	58	0	18.1	orig=14.5R|orig.time=Noon|orig.date=1861-09-09
1861	9	9	11	58	0	17.8	orig=14.2R|orig.time=2:00PM|orig.date=1861-09-09
1861	9	9	18	58	0	10.1	orig=8.1R|orig.time=9:00PM|orig.date=1861-09-09
1861	9	10	4	58	0	11.4	orig=9.1R|orig.time=7:00AM|orig.date=1861-09-10
1861	9	10	9	58	0	16	orig=12.8R|orig.time=Noon|orig.date=1861-09-10
1861	9	10	11	58	0	16.8	orig=13.4R|orig.time=2:00PM|orig.date=1861-09-10
1861	9	10	18	58	0	12.5	orig=10R|orig.time=9:00PM|orig.date=1861-09-10
1861	9	11	4	58	0	11.4	orig=9.1R|orig.time=7:00AM|orig.date=1861-09-11
1861	9	11	9	58	0	19.5	orig=15.6R|orig.time=Noon|orig.date=1861-09-11
1861	9	11	11	58	0	19.2	orig=15.4R|orig.time=2:00PM|orig.date=1861-09-11
1861	9	11	18	58	0	14.6	orig=11.7R|orig.time=9:00PM|orig.date=1861-09-11
1861	9	12	4	58	0	13.8	orig=11R|orig.time=7:00AM|orig.date=1861-09-12
1861	9	12	9	58	0	17.5	orig=14R|orig.time=Noon|orig.date=1861-09-12
1861	9	12	11	58	0	18	orig=14.4R|orig.time=2:00PM|orig.date=1861-09-12
1861	9	12	18	58	0	15	orig=12R|orig.time=9:00PM|orig.date=1861-09-12
1861	9	13	4	58	0	12.5	orig=10R|orig.time=7:00AM|orig.date=1861-09-13
1861	9	13	9	58	0	13.2	orig=10.6R|orig.time=Noon|orig.date=1861-09-13
1861	9	13	11	58	0	18	orig=14.4R|orig.time=2:00PM|orig.date=1861-09-13
1861	9	13	18	58	0	10.5	orig=8.4R|orig.time=9:00PM|orig.date=1861-09-13
1861	9	14	4	58	0	8.6	orig=6.9R|orig.time=7:00AM|orig.date=1861-09-14
1861	9	14	9	58	0	13	orig=10.4R|orig.time=Noon|orig.date=1861-09-14
1861	9	14	11	58	0	12.5	orig=10R|orig.time=2:00PM|orig.date=1861-09-14
1861	9	14	18	58	0	7	orig=5.6R|orig.time=9:00PM|orig.date=1861-09-14
1861	9	15	4	58	0	6.2	orig=5R|orig.time=7:00AM|orig.date=1861-09-15
1861	9	15	9	58	0	13.6	orig=10.9R|orig.time=Noon|orig.date=1861-09-15
1861	9	15	11	58	0	14.5	orig=11.6R|orig.time=2:00PM|orig.date=1861-09-15
1861	9	15	18	58	0	8.5	orig=6.8R|orig.time=9:00PM|orig.date=1861-09-15
1861	9	16	4	58	0	5.8	orig=4.6R|orig.time=7:00AM|orig.date=1861-09-16
1861	9	16	9	58	0	15	orig=12R|orig.time=Noon|orig.date=1861-09-16
1861	9	16	11	58	0	15.2	orig=12.2R|orig.time=2:00PM|orig.date=1861-09-16
1861	9	16	18	58	0	12.9	orig=10.3R|orig.time=9:00PM|orig.date=1861-09-16
1861	9	17	4	58	0	9.1	orig=7.3R|orig.time=7:00AM|orig.date=1861-09-17
1861	9	17	9	58	0	15.8	orig=12.6R|orig.time=Noon|orig.date=1861-09-17
1861	9	17	11	58	0	17.5	orig=14R|orig.time=2:00PM|orig.date=1861-09-17
1861	9	17	18	58	0	13.8	orig=11R|orig.time=9:00PM|orig.date=1861-09-17
1861	9	18	4	58	0	12	orig=9.6R|orig.time=7:00AM|orig.date=1861-09-18
1861	9	18	9	58	0	15.9	orig=12.7R|orig.time=Noon|orig.date=1861-09-18
1861	9	18	11	58	0	17.4	orig=13.9R|orig.time=2:00PM|orig.date=1861-09-18
1861	9	18	18	58	0	14	orig=11.2R|orig.time=9:00PM|orig.date=1861-09-18
1861	9	19	4	58	0	11.8	orig=9.4R|orig.time=7:00AM|orig.date=1861-09-19
1861	9	19	9	58	0	11.5	orig=9.2R|orig.time=Noon|orig.date=1861-09-19
1861	9	19	11	58	0	11.5	orig=9.2R|orig.time=2:00PM|orig.date=1861-09-19
1861	9	19	18	58	0	10.2	orig=8.2R|orig.time=9:00PM|orig.date=1861-09-19
1861	9	20	4	58	0	7	orig=5.6R|orig.time=7:00AM|orig.date=1861-09-20
1861	9	20	9	58	0	13.4	orig=10.7R|orig.time=Noon|orig.date=1861-09-20
1861	9	20	11	58	0	13.2	orig=10.6R|orig.time=2:00PM|orig.date=1861-09-20
1861	9	20	18	58	0	9.1	orig=7.3R|orig.time=9:00PM|orig.date=1861-09-20
1861	9	21	4	58	0	8.4	orig=6.7R|orig.time=7:00AM|orig.date=1861-09-21
1861	9	21	9	58	0	10.4	orig=8.3R|orig.time=Noon|orig.date=1861-09-21
1861	9	21	11	58	0	11.5	orig=9.2R|orig.time=2:00PM|orig.date=1861-09-21
1861	9	21	18	58	0	6.6	orig=5.3R|orig.time=9:00PM|orig.date=1861-09-21
1861	9	22	4	58	0	3.8	orig=3R|orig.time=7:00AM|orig.date=1861-09-22
1861	9	22	9	58	0	12.4	orig=9.9R|orig.time=Noon|orig.date=1861-09-22
1861	9	22	11	58	0	13.1	orig=10.5R|orig.time=2:00PM|orig.date=1861-09-22
1861	9	22	18	58	0	7.5	orig=6R|orig.time=9:00PM|orig.date=1861-09-22
1861	9	23	4	58	0	6.5	orig=5.2R|orig.time=7:00AM|orig.date=1861-09-23
1861	9	23	9	58	0	16.2	orig=13R|orig.time=Noon|orig.date=1861-09-23
1861	9	23	11	58	0	16.4	orig=13.1R|orig.time=2:00PM|orig.date=1861-09-23
1861	9	23	18	58	0	13.2	orig=10.6R|orig.time=9:00PM|orig.date=1861-09-23
1861	9	24	4	58	0	13	orig=10.4R|orig.time=7:00AM|orig.date=1861-09-24
1861	9	24	9	58	0	21.1	orig=16.9R|orig.time=Noon|orig.date=1861-09-24
1861	9	24	11	58	0	21.6	orig=17.3R|orig.time=2:00PM|orig.date=1861-09-24
1861	9	24	18	58	0	16.9	orig=13.5R|orig.time=9:00PM|orig.date=1861-09-24
1861	9	25	4	58	0	13.5	orig=10.8R|orig.time=7:00AM|orig.date=1861-09-25
1861	9	25	9	58	0	21	orig=16.8R|orig.time=Noon|orig.date=1861-09-25
1861	9	25	11	58	0	22.8	orig=18.2R|orig.time=2:00PM|orig.date=1861-09-25
1861	9	25	18	58	0	16.5	orig=13.2R|orig.time=9:00PM|orig.date=1861-09-25
1861	9	26	4	58	0	13.5	orig=10.8R|orig.time=7:00AM|orig.date=1861-09-26
1861	9	26	9	58	0	23.9	orig=19.1R|orig.time=Noon|orig.date=1861-09-26
1861	9	26	11	58	0	24.6	orig=19.7R|orig.time=2:00PM|orig.date=1861-09-26
1861	9	26	18	58	0	17.6	orig=14.1R|orig.time=9:00PM|orig.date=1861-09-26
1861	9	27	4	58	0	15	orig=12R|orig.time=7:00AM|orig.date=1861-09-27
1861	9	27	9	58	0	21.4	orig=17.1R|orig.time=Noon|orig.date=1861-09-27
1861	9	27	11	58	0	23.8	orig=19R|orig.time=2:00PM|orig.date=1861-09-27
1861	9	27	18	58	0	19	orig=15.2R|orig.time=9:00PM|orig.date=1861-09-27
1861	9	28	4	58	0	14.9	orig=11.9R|orig.time=7:00AM|orig.date=1861-09-28
1861	9	28	9	58	0	22.8	orig=18.2R|orig.time=Noon|orig.date=1861-09-28
1861	9	28	11	58	0	23.5	orig=18.8R|orig.time=2:00PM|orig.date=1861-09-28
1861	9	28	18	58	0	16.2	orig=13R|orig.time=9:00PM|orig.date=1861-09-28
1861	9	29	4	58	0	11.5	orig=9.2R|orig.time=7:00AM|orig.date=1861-09-29
1861	9	29	9	58	0	12.5	orig=10R|orig.time=Noon|orig.date=1861-09-29
1861	9	29	11	58	0	13.2	orig=10.6R|orig.time=2:00PM|orig.date=1861-09-29
1861	9	29	18	58	0	8.8	orig=7R|orig.time=9:00PM|orig.date=1861-09-29
1861	9	30	4	58	0	8.5	orig=6.8R|orig.time=7:00AM|orig.date=1861-09-30
1861	9	30	9	58	0	10.2	orig=8.2R|orig.time=Noon|orig.date=1861-09-30
1861	9	30	11	58	0	12.4	orig=9.9R|orig.time=2:00PM|orig.date=1861-09-30
1861	9	30	18	58	0	11	orig=8.8R|orig.time=9:00PM|orig.date=1861-09-30
1861	10	1	4	58	0	8.8	orig=7R|orig.time=7:00AM|orig.date=1861-10-01
1861	10	1	9	58	0	11.8	orig=9.4R|orig.time=Noon|orig.date=1861-10-01
1861	10	1	11	58	0	13.8	orig=11R|orig.time=2:00PM|orig.date=1861-10-01
1861	10	1	18	58	0	11	orig=8.8R|orig.time=9:00PM|orig.date=1861-10-01
1861	10	2	4	58	0	6.5	orig=5.2R|orig.time=7:00AM|orig.date=1861-10-02
1861	10	2	9	58	0	13.1	orig=10.5R|orig.time=Noon|orig.date=1861-10-02
1861	10	2	11	58	0	14.2	orig=11.4R|orig.time=2:00PM|orig.date=1861-10-02
1861	10	2	18	58	0	12.1	orig=9.7R|orig.time=9:00PM|orig.date=1861-10-02
1861	10	3	4	58	0	10.8	orig=8.6R|orig.time=7:00AM|orig.date=1861-10-03
1861	10	3	9	58	0	13.2	orig=10.6R|orig.time=Noon|orig.date=1861-10-03
1861	10	3	11	58	0	14.4	orig=11.5R|orig.time=2:00PM|orig.date=1861-10-03
1861	10	3	18	58	0	12.6	orig=10.1R|orig.time=9:00PM|orig.date=1861-10-03
1861	10	4	4	58	0	10.9	orig=8.7R|orig.time=7:00AM|orig.date=1861-10-04
1861	10	4	9	58	0	16.5	orig=13.2R|orig.time=Noon|orig.date=1861-10-04
1861	10	4	11	58	0	17.8	orig=14.2R|orig.time=2:00PM|orig.date=1861-10-04
1861	10	4	18	58	0	14	orig=11.2R|orig.time=9:00PM|orig.date=1861-10-04
1861	10	5	4	58	0	10.4	orig=8.3R|orig.time=7:00AM|orig.date=1861-10-05
1861	10	5	9	58	0	12	orig=9.6R|orig.time=Noon|orig.date=1861-10-05
1861	10	5	11	58	0	12.4	orig=9.9R|orig.time=2:00PM|orig.date=1861-10-05
1861	10	5	18	58	0	7.6	orig=6.1R|orig.time=9:00PM|orig.date=1861-10-05
1861	10	6	4	58	0	3.5	orig=2.8R|orig.time=7:00AM|orig.date=1861-10-06
1861	10	6	9	58	0	10.2	orig=8.2R|orig.time=Noon|orig.date=1861-10-06
1861	10	6	11	58	0	10.8	orig=8.6R|orig.time=2:00PM|orig.date=1861-10-06
1861	10	6	18	58	0	6	orig=4.8R|orig.time=9:00PM|orig.date=1861-10-06
1861	10	7	4	58	0	2.4	orig=1.9R|orig.time=7:00AM|orig.date=1861-10-07
1861	10	7	9	58	0	12.5	orig=10R|orig.time=Noon|orig.date=1861-10-07
1861	10	7	11	58	0	14.1	orig=11.3R|orig.time=2:00PM|orig.date=1861-10-07
1861	10	7	18	58	0	11.1	orig=8.9R|orig.time=9:00PM|orig.date=1861-10-07
1861	10	8	4	58	0	9	orig=7.2R|orig.time=7:00AM|orig.date=1861-10-08
1861	10	8	9	58	0	14.1	orig=11.3R|orig.time=Noon|orig.date=1861-10-08
1861	10	8	11	58	0	13.6	orig=10.9R|orig.time=2:00PM|orig.date=1861-10-08
1861	10	8	18	58	0	8.2	orig=6.6R|orig.time=9:00PM|orig.date=1861-10-08
1861	10	9	4	58	0	1.6	orig=1.3R|orig.time=7:00AM|orig.date=1861-10-09
1861	10	9	9	58	0	10.8	orig=8.6R|orig.time=Noon|orig.date=1861-10-09
1861	10	9	11	58	0	11.8	orig=9.4R|orig.time=2:00PM|orig.date=1861-10-09
1861	10	9	18	58	0	6.1	orig=4.9R|orig.time=9:00PM|orig.date=1861-10-09
1861	10	10	4	58	0	5.1	orig=4.1R|orig.time=7:00AM|orig.date=1861-10-10
1861	10	10	9	58	0	15.6	orig=12.5R|orig.time=Noon|orig.date=1861-10-10
1861	10	10	11	58	0	18.1	orig=14.5R|orig.time=2:00PM|orig.date=1861-10-10
1861	10	10	18	58	0	11.1	orig=8.9R|orig.time=9:00PM|orig.date=1861-10-10
1861	10	11	4	58	0	9.5	orig=7.6R|orig.time=7:00AM|orig.date=1861-10-11
1861	10	11	9	58	0	16.8	orig=13.4R|orig.time=Noon|orig.date=1861-10-11
1861	10	11	11	58	0	16.8	orig=13.4R|orig.time=2:00PM|orig.date=1861-10-11
1861	10	11	18	58	0	11.9	orig=9.5R|orig.time=9:00PM|orig.date=1861-10-11
1861	10	12	4	58	0	7	orig=5.6R|orig.time=7:00AM|orig.date=1861-10-12
1861	10	12	9	58	0	14.1	orig=11.3R|orig.time=Noon|orig.date=1861-10-12
1861	10	12	11	58	0	13	orig=10.4R|orig.time=2:00PM|orig.date=1861-10-12
1861	10	12	18	58	0	7	orig=5.6R|orig.time=9:00PM|orig.date=1861-10-12
1861	10	13	4	58	0	2	orig=1.6R|orig.time=7:00AM|orig.date=1861-10-13
1861	10	13	9	58	0	7	orig=5.6R|orig.time=Noon|orig.date=1861-10-13
1861	10	13	11	58	0	7.6	orig=6.1R|orig.time=2:00PM|orig.date=1861-10-13
1861	10	13	18	58	0	2.5	orig=2R|orig.time=9:00PM|orig.date=1861-10-13
1861	10	14	4	58	0	-1.5	orig=-1.2R|orig.time=7:00AM|orig.date=1861-10-14
1861	10	14	9	58	0	4.4	orig=3.5R|orig.time=Noon|orig.date=1861-10-14
1861	10	14	11	58	0	5.4	orig=4.3R|orig.time=2:00PM|orig.date=1861-10-14
1861	10	14	18	58	0	0	orig=0R|orig.time=9:00PM|orig.date=1861-10-14
1861	10	15	4	58	0	-4.5	orig=-3.6R|orig.time=7:00AM|orig.date=1861-10-15
1861	10	15	9	58	0	2.5	orig=2R|orig.time=Noon|orig.date=1861-10-15
1861	10	15	11	58	0	3.2	orig=2.6R|orig.time=2:00PM|orig.date=1861-10-15
1861	10	15	18	58	0	0.1	orig=0.1R|orig.time=9:00PM|orig.date=1861-10-15
1861	10	16	4	58	0	-1.8	orig=-1.4R|orig.time=7:00AM|orig.date=1861-10-16
1861	10	16	9	58	0	5.4	orig=4.3R|orig.time=Noon|orig.date=1861-10-16
1861	10	16	11	58	0	6.2	orig=5R|orig.time=2:00PM|orig.date=1861-10-16
1861	10	16	18	58	0	3.9	orig=3.1R|orig.time=9:00PM|orig.date=1861-10-16
1861	10	17	4	58	0	2	orig=1.6R|orig.time=7:00AM|orig.date=1861-10-17
1861	10	17	9	58	0	9	orig=7.2R|orig.time=Noon|orig.date=1861-10-17
1861	10	17	11	58	0	9.5	orig=7.6R|orig.time=2:00PM|orig.date=1861-10-17
1861	10	17	18	58	0	5.6	orig=4.5R|orig.time=9:00PM|orig.date=1861-10-17
1861	10	18	4	58	0	2.5	orig=2R|orig.time=7:00AM|orig.date=1861-10-18
1861	10	18	9	58	0	10.1	orig=8.1R|orig.time=Noon|orig.date=1861-10-18
1861	10	18	11	58	0	11.5	orig=9.2R|orig.time=2:00PM|orig.date=1861-10-18
1861	10	18	18	58	0	7.1	orig=5.7R|orig.time=9:00PM|orig.date=1861-10-18
1861	10	19	4	58	0	3.8	orig=3R|orig.time=7:00AM|orig.date=1861-10-19
1861	10	19	9	58	0	11.8	orig=9.4R|orig.time=Noon|orig.date=1861-10-19
1861	10	19	11	58	0	11.1	orig=8.9R|orig.time=2:00PM|orig.date=1861-10-19
1861	10	19	18	58	0	5.9	orig=4.7R|orig.time=9:00PM|orig.date=1861-10-19
1861	10	20	4	58	0	0.9	orig=0.7R|orig.time=7:00AM|orig.date=1861-10-20
1861	10	20	9	58	0	7.6	orig=6.1R|orig.time=Noon|orig.date=1861-10-20
1861	10	20	11	58	0	7	orig=5.6R|orig.time=2:00PM|orig.date=1861-10-20
1861	10	20	18	58	0	2	orig=1.6R|orig.time=9:00PM|orig.date=1861-10-20
1861	10	21	4	58	0	-0.4	orig=-0.3R|orig.time=7:00AM|orig.date=1861-10-21
1861	10	21	9	58	0	5.2	orig=4.2R|orig.time=Noon|orig.date=1861-10-21
1861	10	21	11	58	0	6.2	orig=5R|orig.time=2:00PM|orig.date=1861-10-21
1861	10	21	18	58	0	2.8	orig=2.2R|orig.time=9:00PM|orig.date=1861-10-21
1861	10	22	4	58	0	0.2	orig=0.2R|orig.time=7:00AM|orig.date=1861-10-22
1861	10	22	9	58	0	7	orig=5.6R|orig.time=Noon|orig.date=1861-10-22
1861	10	22	11	58	0	8.6	orig=6.9R|orig.time=2:00PM|orig.date=1861-10-22
1861	10	22	18	58	0	3.6	orig=2.9R|orig.time=9:00PM|orig.date=1861-10-22
1861	10	23	4	58	0	2.4	orig=1.9R|orig.time=7:00AM|orig.date=1861-10-23
1861	10	23	9	58	0	8.5	orig=6.8R|orig.time=Noon|orig.date=1861-10-23
1861	10	23	11	58	0	9.8	orig=7.8R|orig.time=2:00PM|orig.date=1861-10-23
1861	10	23	18	58	0	0	orig=0R|orig.time=9:00PM|orig.date=1861-10-23
1861	10	24	4	58	0	-1.5	orig=-1.2R|orig.time=7:00AM|orig.date=1861-10-24
1861	10	24	9	58	0	1.4	orig=1.1R|orig.time=Noon|orig.date=1861-10-24
1861	10	24	11	58	0	2.4	orig=1.9R|orig.time=2:00PM|orig.date=1861-10-24
1861	10	24	18	58	0	-2	orig=-1.6R|orig.time=9:00PM|orig.date=1861-10-24
1861	10	25	4	58	0	-3.8	orig=-3R|orig.time=7:00AM|orig.date=1861-10-25
1861	10	25	9	58	0	7.5	orig=6R|orig.time=Noon|orig.date=1861-10-25
1861	10	25	11	58	0	10.4	orig=8.3R|orig.time=2:00PM|orig.date=1861-10-25
1861	10	25	18	58	0	4.5	orig=3.6R|orig.time=9:00PM|orig.date=1861-10-25
1861	10	26	4	58	0	-0.8	orig=-0.6R|orig.time=7:00AM|orig.date=1861-10-26
1861	10	26	9	58	0	6.9	orig=5.5R|orig.time=Noon|orig.date=1861-10-26
1861	10	26	11	58	0	9.5	orig=7.6R|orig.time=2:00PM|orig.date=1861-10-26
1861	10	26	18	58	0	6	orig=4.8R|orig.time=9:00PM|orig.date=1861-10-26
1861	10	27	4	58	0	0.6	orig=0.5R|orig.time=7:00AM|orig.date=1861-10-27
1861	10	27	9	58	0	8.8	orig=7R|orig.time=Noon|orig.date=1861-10-27
1861	10	27	11	58	0	9.9	orig=7.9R|orig.time=2:00PM|orig.date=1861-10-27
1861	10	27	18	58	0	3	orig=2.4R|orig.time=9:00PM|orig.date=1861-10-27
1861	10	28	4	58	0	-0.2	orig=-0.2R|orig.time=7:00AM|orig.date=1861-10-28
1861	10	28	9	58	0	7.9	orig=6.3R|orig.time=Noon|orig.date=1861-10-28
1861	10	28	11	58	0	9.2	orig=7.4R|orig.time=2:00PM|orig.date=1861-10-28
1861	10	28	18	58	0	2.6	orig=2.1R|orig.time=9:00PM|orig.date=1861-10-28
1861	10	29	4	58	0	0.8	orig=0.6R|orig.time=7:00AM|orig.date=1861-10-29
1861	10	29	9	58	0	4.2	orig=3.4R|orig.time=Noon|orig.date=1861-10-29
1861	10	29	11	58	0	5.9	orig=4.7R|orig.time=2:00PM|orig.date=1861-10-29
1861	10	29	18	58	0	4.5	orig=3.6R|orig.time=9:00PM|orig.date=1861-10-29
1861	10	30	4	58	0	4.8	orig=3.8R|orig.time=7:00AM|orig.date=1861-10-30
1861	10	30	9	58	0	8	orig=6.4R|orig.time=Noon|orig.date=1861-10-30
1861	10	30	11	58	0	9	orig=7.2R|orig.time=2:00PM|orig.date=1861-10-30
1861	10	30	18	58	0	8.5	orig=6.8R|orig.time=9:00PM|orig.date=1861-10-30
1861	10	31	4	58	0	9.8	orig=7.8R|orig.time=7:00AM|orig.date=1861-10-31
1861	10	31	9	58	0	12.2	orig=9.8R|orig.time=Noon|orig.date=1861-10-31
1861	10	31	11	58	0	13	orig=10.4R|orig.time=2:00PM|orig.date=1861-10-31
1861	10	31	18	58	0	9.8	orig=7.8R|orig.time=9:00PM|orig.date=1861-10-31
1861	11	1	4	58	0	10.8	orig=8.6R|orig.time=7:00AM|orig.date=1861-11-01
1861	11	1	9	58	0	12.5	orig=10R|orig.time=Noon|orig.date=1861-11-01
1861	11	1	11	58	0	12.4	orig=9.9R|orig.time=2:00PM|orig.date=1861-11-01
1861	11	1	18	58	0	11.2	orig=9R|orig.time=9:00PM|orig.date=1861-11-01
1861	11	2	4	58	0	8	orig=6.4R|orig.time=7:00AM|orig.date=1861-11-02
1861	11	2	9	58	0	11.5	orig=9.2R|orig.time=Noon|orig.date=1861-11-02
1861	11	2	11	58	0	12.2	orig=9.8R|orig.time=2:00PM|orig.date=1861-11-02
1861	11	2	18	58	0	8.8	orig=7R|orig.time=9:00PM|orig.date=1861-11-02
1861	11	3	4	58	0	9.5	orig=7.6R|orig.time=7:00AM|orig.date=1861-11-03
1861	11	3	9	58	0	13.6	orig=10.9R|orig.time=Noon|orig.date=1861-11-03
1861	11	3	11	58	0	15.5	orig=12.4R|orig.time=2:00PM|orig.date=1861-11-03
1861	11	3	18	58	0	11.8	orig=9.4R|orig.time=9:00PM|orig.date=1861-11-03
1861	11	4	4	58	0	6.4	orig=5.1R|orig.time=7:00AM|orig.date=1861-11-04
1861	11	4	9	58	0	7.5	orig=6R|orig.time=Noon|orig.date=1861-11-04
1861	11	4	11	58	0	8.5	orig=6.8R|orig.time=2:00PM|orig.date=1861-11-04
1861	11	4	18	58	0	4	orig=3.2R|orig.time=9:00PM|orig.date=1861-11-04
1861	11	5	4	58	0	-0.2	orig=-0.2R|orig.time=7:00AM|orig.date=1861-11-05
1861	11	5	9	58	0	6.9	orig=5.5R|orig.time=Noon|orig.date=1861-11-05
1861	11	5	11	58	0	7.6	orig=6.1R|orig.time=2:00PM|orig.date=1861-11-05
1861	11	5	18	58	0	1	orig=0.8R|orig.time=9:00PM|orig.date=1861-11-05
1861	11	6	4	58	0	0.2	orig=0.2R|orig.time=7:00AM|orig.date=1861-11-06
1861	11	6	9	58	0	6.6	orig=5.3R|orig.time=Noon|orig.date=1861-11-06
1861	11	6	11	58	0	7.8	orig=6.2R|orig.time=2:00PM|orig.date=1861-11-06
1861	11	6	18	58	0	3.2	orig=2.6R|orig.time=9:00PM|orig.date=1861-11-06
1861	11	7	4	58	0	1.2	orig=1R|orig.time=7:00AM|orig.date=1861-11-07
1861	11	7	9	58	0	7.9	orig=6.3R|orig.time=Noon|orig.date=1861-11-07
1861	11	7	11	58	0	9.2	orig=7.4R|orig.time=2:00PM|orig.date=1861-11-07
1861	11	7	18	58	0	1.9	orig=1.5R|orig.time=9:00PM|orig.date=1861-11-07
1861	11	8	4	58	0	2.5	orig=2R|orig.time=7:00AM|orig.date=1861-11-08
1861	11	8	9	58	0	8.1	orig=6.5R|orig.time=Noon|orig.date=1861-11-08
1861	11	8	11	58	0	9.4	orig=7.5R|orig.time=2:00PM|orig.date=1861-11-08
1861	11	8	18	58	0	6.8	orig=5.4R|orig.time=9:00PM|orig.date=1861-11-08
1861	11	9	4	58	0	8	orig=6.4R|orig.time=7:00AM|orig.date=1861-11-09
1861	11	9	9	58	0	15.1	orig=12.1R|orig.time=Noon|orig.date=1861-11-09
1861	11	9	11	58	0	15.8	orig=12.6R|orig.time=2:00PM|orig.date=1861-11-09
1861	11	9	18	58	0	13.5	orig=10.8R|orig.time=9:00PM|orig.date=1861-11-09
1861	11	10	4	58	0	9.6	orig=7.7R|orig.time=7:00AM|orig.date=1861-11-10
1861	11	10	9	58	0	14.2	orig=11.4R|orig.time=Noon|orig.date=1861-11-10
1861	11	10	11	58	0	14.6	orig=11.7R|orig.time=2:00PM|orig.date=1861-11-10
1861	11	10	18	58	0	6.8	orig=5.4R|orig.time=9:00PM|orig.date=1861-11-10
1861	11	11	4	58	0	1.6	orig=1.3R|orig.time=7:00AM|orig.date=1861-11-11
1861	11	11	9	58	0	9	orig=7.2R|orig.time=Noon|orig.date=1861-11-11
1861	11	11	11	58	0	7.9	orig=6.3R|orig.time=2:00PM|orig.date=1861-11-11
1861	11	11	18	58	0	4	orig=3.2R|orig.time=9:00PM|orig.date=1861-11-11
1861	11	12	4	58	0	5	orig=4R|orig.time=7:00AM|orig.date=1861-11-12
1861	11	12	9	58	0	8	orig=6.4R|orig.time=Noon|orig.date=1861-11-12
1861	11	12	11	58	0	7.5	orig=6R|orig.time=2:00PM|orig.date=1861-11-12
1861	11	12	18	58	0	1.8	orig=1.4R|orig.time=9:00PM|orig.date=1861-11-12
1861	11	13	4	58	0	-2	orig=-1.6R|orig.time=7:00AM|orig.date=1861-11-13
1861	11	13	9	58	0	4	orig=3.2R|orig.time=Noon|orig.date=1861-11-13
1861	11	13	11	58	0	4.2	orig=3.4R|orig.time=2:00PM|orig.date=1861-11-13
1861	11	13	18	58	0	1.9	orig=1.5R|orig.time=9:00PM|orig.date=1861-11-13
1861	11	14	4	58	0	0.8	orig=0.6R|orig.time=7:00AM|orig.date=1861-11-14
1861	11	14	9	58	0	3.8	orig=3R|orig.time=Noon|orig.date=1861-11-14
1861	11	14	11	58	0	3	orig=2.4R|orig.time=2:00PM|orig.date=1861-11-14
1861	11	14	18	58	0	4.1	orig=3.3R|orig.time=9:00PM|orig.date=1861-11-14
1861	11	15	4	58	0	8.6	orig=6.9R|orig.time=7:00AM|orig.date=1861-11-15
1861	11	15	9	58	0	11.4	orig=9.1R|orig.time=Noon|orig.date=1861-11-15
1861	11	15	11	58	0	12.5	orig=10R|orig.time=2:00PM|orig.date=1861-11-15
1861	11	15	18	58	0	10.8	orig=8.6R|orig.time=9:00PM|orig.date=1861-11-15
1861	11	16	4	58	0	8.2	orig=6.6R|orig.time=7:00AM|orig.date=1861-11-16
1861	11	16	9	58	0	8.1	orig=6.5R|orig.time=Noon|orig.date=1861-11-16
1861	11	16	11	58	0	8.8	orig=7R|orig.time=2:00PM|orig.date=1861-11-16
1861	11	16	18	58	0	4.2	orig=3.4R|orig.time=9:00PM|orig.date=1861-11-16
1861	11	17	4	58	0	0.1	orig=0.1R|orig.time=7:00AM|orig.date=1861-11-17
1861	11	17	9	58	0	7	orig=5.6R|orig.time=Noon|orig.date=1861-11-17
1861	11	17	11	58	0	7.6	orig=6.1R|orig.time=2:00PM|orig.date=1861-11-17
1861	11	17	18	58	0	5.8	orig=4.6R|orig.time=9:00PM|orig.date=1861-11-17
1861	11	18	4	58	0	4.6	orig=3.7R|orig.time=7:00AM|orig.date=1861-11-18
1861	11	18	9	58	0	3	orig=2.4R|orig.time=Noon|orig.date=1861-11-18
1861	11	18	11	58	0	3.4	orig=2.7R|orig.time=2:00PM|orig.date=1861-11-18
1861	11	18	18	58	0	-1.8	orig=-1.4R|orig.time=9:00PM|orig.date=1861-11-18
1861	11	19	4	58	0	-7.4	orig=-5.9R|orig.time=7:00AM|orig.date=1861-11-19
1861	11	19	9	58	0	-6.2	orig=-5R|orig.time=Noon|orig.date=1861-11-19
1861	11	19	11	58	0	-4.8	orig=-3.8R|orig.time=2:00PM|orig.date=1861-11-19
1861	11	19	18	58	0	-8.5	orig=-6.8R|orig.time=9:00PM|orig.date=1861-11-19
1861	11	20	4	58	0	-4.5	orig=-3.6R|orig.time=7:00AM|orig.date=1861-11-20
1861	11	20	9	58	0	0.2	orig=0.2R|orig.time=Noon|orig.date=1861-11-20
1861	11	20	11	58	0	0.5	orig=0.4R|orig.time=2:00PM|orig.date=1861-11-20
1861	11	20	18	58	0	1.4	orig=1.1R|orig.time=9:00PM|orig.date=1861-11-20
1861	11	21	4	58	0	1.1	orig=0.9R|orig.time=7:00AM|orig.date=1861-11-21
1861	11	21	9	58	0	3.2	orig=2.6R|orig.time=Noon|orig.date=1861-11-21
1861	11	21	11	58	0	2.8	orig=2.2R|orig.time=2:00PM|orig.date=1861-11-21
1861	11	21	18	58	0	0.8	orig=0.6R|orig.time=9:00PM|orig.date=1861-11-21
1861	11	22	4	58	0	2	orig=1.6R|orig.time=7:00AM|orig.date=1861-11-22
1861	11	22	9	58	0	5.1	orig=4.1R|orig.time=Noon|orig.date=1861-11-22
1861	11	22	11	58	0	5.8	orig=4.6R|orig.time=2:00PM|orig.date=1861-11-22
1861	11	22	18	58	0	3.5	orig=2.8R|orig.time=9:00PM|orig.date=1861-11-22
1861	11	23	4	58	0	4.4	orig=3.5R|orig.time=7:00AM|orig.date=1861-11-23
1861	11	23	9	58	0	9.6	orig=7.7R|orig.time=Noon|orig.date=1861-11-23
1861	11	23	11	58	0	11	orig=8.8R|orig.time=2:00PM|orig.date=1861-11-23
1861	11	23	18	58	0	4.4	orig=3.5R|orig.time=9:00PM|orig.date=1861-11-23
1861	11	24	4	58	0	1	orig=0.8R|orig.time=7:00AM|orig.date=1861-11-24
1861	11	24	9	58	0	6.8	orig=5.4R|orig.time=Noon|orig.date=1861-11-24
1861	11	24	11	58	0	7.2	orig=5.8R|orig.time=2:00PM|orig.date=1861-11-24
1861	11	24	18	58	0	1.5	orig=1.2R|orig.time=9:00PM|orig.date=1861-11-24
1861	11	25	4	58	0	1.1	orig=0.9R|orig.time=7:00AM|orig.date=1861-11-25
1861	11	25	9	58	0	0.4	orig=0.3R|orig.time=Noon|orig.date=1861-11-25
1861	11	25	11	58	0	0.5	orig=0.4R|orig.time=2:00PM|orig.date=1861-11-25
1861	11	25	18	58	0	-0.5	orig=-0.4R|orig.time=9:00PM|orig.date=1861-11-25
1861	11	26	4	58	0	-4	orig=-3.2R|orig.time=7:00AM|orig.date=1861-11-26
1861	11	26	9	58	0	-2.8	orig=-2.2R|orig.time=Noon|orig.date=1861-11-26
1861	11	26	11	58	0	-2.4	orig=-1.9R|orig.time=2:00PM|orig.date=1861-11-26
1861	11	26	18	58	0	-2	orig=-1.6R|orig.time=9:00PM|orig.date=1861-11-26
1861	11	27	4	58	0	-0.1	orig=-0.1R|orig.time=7:00AM|orig.date=1861-11-27
1861	11	27	9	58	0	0	orig=0R|orig.time=Noon|orig.date=1861-11-27
1861	11	27	11	58	0	0	orig=0R|orig.time=2:00PM|orig.date=1861-11-27
1861	11	27	18	58	0	0.4	orig=0.3R|orig.time=9:00PM|orig.date=1861-11-27
1861	11	28	4	58	0	1.1	orig=0.9R|orig.time=7:00AM|orig.date=1861-11-28
1861	11	28	9	58	0	0.8	orig=0.6R|orig.time=Noon|orig.date=1861-11-28
1861	11	28	11	58	0	0.5	orig=0.4R|orig.time=2:00PM|orig.date=1861-11-28
1861	11	28	18	58	0	-1.2	orig=-1R|orig.time=9:00PM|orig.date=1861-11-28
1861	11	29	4	58	0	-0.9	orig=-0.7R|orig.time=7:00AM|orig.date=1861-11-29
1861	11	29	9	58	0	-0.4	orig=-0.3R|orig.time=Noon|orig.date=1861-11-29
1861	11	29	11	58	0	-0.1	orig=-0.1R|orig.time=2:00PM|orig.date=1861-11-29
1861	11	29	18	58	0	-0.2	orig=-0.2R|orig.time=9:00PM|orig.date=1861-11-29
1861	11	30	4	58	0	0.1	orig=0.1R|orig.time=7:00AM|orig.date=1861-11-30
1861	11	30	9	58	0	1.5	orig=1.2R|orig.time=Noon|orig.date=1861-11-30
1861	11	30	11	58	0	2	orig=1.6R|orig.time=2:00PM|orig.date=1861-11-30
1861	11	30	18	58	0	0.6	orig=0.5R|orig.time=9:00PM|orig.date=1861-11-30
1861	12	1	4	58	0	0.1	orig=0.1R|orig.time=7:00AM|orig.date=1861-12-01
1861	12	1	9	58	0	2.9	orig=2.3R|orig.time=Noon|orig.date=1861-12-01
1861	12	1	11	58	0	2.8	orig=2.2R|orig.time=2:00PM|orig.date=1861-12-01
1861	12	1	18	58	0	0.5	orig=0.4R|orig.time=9:00PM|orig.date=1861-12-01
1861	12	2	4	58	0	1	orig=0.8R|orig.time=7:00AM|orig.date=1861-12-02
1861	12	2	9	58	0	2.8	orig=2.2R|orig.time=Noon|orig.date=1861-12-02
1861	12	2	11	58	0	3	orig=2.4R|orig.time=2:00PM|orig.date=1861-12-02
1861	12	2	18	58	0	2.4	orig=1.9R|orig.time=9:00PM|orig.date=1861-12-02
1861	12	3	4	58	0	-1.2	orig=-1R|orig.time=7:00AM|orig.date=1861-12-03
1861	12	3	9	58	0	0.8	orig=0.6R|orig.time=Noon|orig.date=1861-12-03
1861	12	3	11	58	0	1.5	orig=1.2R|orig.time=2:00PM|orig.date=1861-12-03
1861	12	3	18	58	0	-2	orig=-1.6R|orig.time=9:00PM|orig.date=1861-12-03
1861	12	4	4	58	0	-3.2	orig=-2.6R|orig.time=7:00AM|orig.date=1861-12-04
1861	12	4	9	58	0	-1.2	orig=-1R|orig.time=Noon|orig.date=1861-12-04
1861	12	4	11	58	0	-0.5	orig=-0.4R|orig.time=2:00PM|orig.date=1861-12-04
1861	12	4	18	58	0	-4.1	orig=-3.3R|orig.time=9:00PM|orig.date=1861-12-04
1861	12	5	4	58	0	-3.4	orig=-2.7R|orig.time=7:00AM|orig.date=1861-12-05
1861	12	5	9	58	0	0.4	orig=0.3R|orig.time=Noon|orig.date=1861-12-05
1861	12	5	11	58	0	0.5	orig=0.4R|orig.time=2:00PM|orig.date=1861-12-05
1861	12	5	18	58	0	-0.8	orig=-0.6R|orig.time=9:00PM|orig.date=1861-12-05
1861	12	6	4	58	0	-1.9	orig=-1.5R|orig.time=7:00AM|orig.date=1861-12-06
1861	12	6	9	58	0	-1.2	orig=-1R|orig.time=Noon|orig.date=1861-12-06
1861	12	6	11	58	0	-1.9	orig=-1.5R|orig.time=2:00PM|orig.date=1861-12-06
1861	12	6	18	58	0	-2.1	orig=-1.7R|orig.time=9:00PM|orig.date=1861-12-06
1861	12	7	4	58	0	-1.8	orig=-1.4R|orig.time=7:00AM|orig.date=1861-12-07
1861	12	7	9	58	0	-0.8	orig=-0.6R|orig.time=Noon|orig.date=1861-12-07
1861	12	7	11	58	0	-0.9	orig=-0.7R|orig.time=2:00PM|orig.date=1861-12-07
1861	12	7	18	58	0	-0.8	orig=-0.6R|orig.time=9:00PM|orig.date=1861-12-07
1861	12	8	4	58	0	-0.8	orig=-0.6R|orig.time=7:00AM|orig.date=1861-12-08
1861	12	8	9	58	0	-1.5	orig=-1.2R|orig.time=Noon|orig.date=1861-12-08
1861	12	8	11	58	0	-2.2	orig=-1.8R|orig.time=2:00PM|orig.date=1861-12-08
1861	12	8	18	58	0	-3.2	orig=-2.6R|orig.time=9:00PM|orig.date=1861-12-08
1861	12	9	4	58	0	-8	orig=-6.4R|orig.time=7:00AM|orig.date=1861-12-09
1861	12	9	9	58	0	-8.1	orig=-6.5R|orig.time=Noon|orig.date=1861-12-09
1861	12	9	11	58	0	-8.5	orig=-6.8R|orig.time=2:00PM|orig.date=1861-12-09
1861	12	9	18	58	0	-13.5	orig=-10.8R|orig.time=9:00PM|orig.date=1861-12-09
1861	12	10	4	58	0	-15	orig=-12R|orig.time=7:00AM|orig.date=1861-12-10
1861	12	10	9	58	0	-14.2	orig=-11.4R|orig.time=Noon|orig.date=1861-12-10
1861	12	10	11	58	0	-13.2	orig=-10.6R|orig.time=2:00PM|orig.date=1861-12-10
1861	12	10	18	58	0	-15.8	orig=-12.6R|orig.time=9:00PM|orig.date=1861-12-10
1861	12	11	4	58	0	-18.5	orig=-14.8R|orig.time=7:00AM|orig.date=1861-12-11
1861	12	11	9	58	0	-15.8	orig=-12.6R|orig.time=Noon|orig.date=1861-12-11
1861	12	11	11	58	0	-15	orig=-12R|orig.time=2:00PM|orig.date=1861-12-11
1861	12	11	18	58	0	-15	orig=-12R|orig.time=9:00PM|orig.date=1861-12-11
1861	12	12	4	58	0	-17.8	orig=-14.2R|orig.time=7:00AM|orig.date=1861-12-12
1861	12	12	9	58	0	-14.6	orig=-11.7R|orig.time=Noon|orig.date=1861-12-12
1861	12	12	11	58	0	-13.2	orig=-10.6R|orig.time=2:00PM|orig.date=1861-12-12
1861	12	12	18	58	0	-13.8	orig=-11R|orig.time=9:00PM|orig.date=1861-12-12
1861	12	13	4	58	0	-15.1	orig=-12.1R|orig.time=7:00AM|orig.date=1861-12-13
1861	12	13	9	58	0	-12.2	orig=-9.8R|orig.time=Noon|orig.date=1861-12-13
1861	12	13	11	58	0	-10.2	orig=-8.2R|orig.time=2:00PM|orig.date=1861-12-13
1861	12	13	18	58	0	-13.8	orig=-11R|orig.time=9:00PM|orig.date=1861-12-13
1861	12	14	4	58	0	-16.6	orig=-13.3R|orig.time=7:00AM|orig.date=1861-12-14
1861	12	14	9	58	0	-10	orig=-8R|orig.time=Noon|orig.date=1861-12-14
1861	12	14	11	58	0	-9.9	orig=-7.9R|orig.time=2:00PM|orig.date=1861-12-14
1861	12	14	18	58	0	-10.2	orig=-8.2R|orig.time=9:00PM|orig.date=1861-12-14
1861	12	15	4	58	0	-10.1	orig=-8.1R|orig.time=7:00AM|orig.date=1861-12-15
1861	12	15	9	58	0	-3.2	orig=-2.6R|orig.time=Noon|orig.date=1861-12-15
1861	12	15	11	58	0	-1.8	orig=-1.4R|orig.time=2:00PM|orig.date=1861-12-15
1861	12	15	18	58	0	0	orig=0R|orig.time=9:00PM|orig.date=1861-12-15
1861	12	16	4	58	0	-0.6	orig=-0.5R|orig.time=7:00AM|orig.date=1861-12-16
1861	12	16	9	58	0	0.9	orig=0.7R|orig.time=Noon|orig.date=1861-12-16
1861	12	16	11	58	0	-0.4	orig=-0.3R|orig.time=2:00PM|orig.date=1861-12-16
1861	12	16	18	58	0	0	orig=0R|orig.time=9:00PM|orig.date=1861-12-16
1861	12	17	4	58	0	-4	orig=-3.2R|orig.time=7:00AM|orig.date=1861-12-17
1861	12	17	9	58	0	-0.1	orig=-0.1R|orig.time=Noon|orig.date=1861-12-17
1861	12	17	11	58	0	-0.2	orig=-0.2R|orig.time=2:00PM|orig.date=1861-12-17
1861	12	17	18	58	0	-3	orig=-2.4R|orig.time=9:00PM|orig.date=1861-12-17
1861	12	18	4	58	0	-7	orig=-5.6R|orig.time=7:00AM|orig.date=1861-12-18
1861	12	18	9	58	0	-5.4	orig=-4.3R|orig.time=Noon|orig.date=1861-12-18
1861	12	18	11	58	0	-5.1	orig=-4.1R|orig.time=2:00PM|orig.date=1861-12-18
1861	12	18	18	58	0	-5	orig=-4R|orig.time=9:00PM|orig.date=1861-12-18
1861	12	19	4	58	0	-3.8	orig=-3R|orig.time=7:00AM|orig.date=1861-12-19
1861	12	19	9	58	0	-1.8	orig=-1.4R|orig.time=Noon|orig.date=1861-12-19
1861	12	19	11	58	0	-1.6	orig=-1.3R|orig.time=2:00PM|orig.date=1861-12-19
1861	12	19	18	58	0	-2.8	orig=-2.2R|orig.time=9:00PM|orig.date=1861-12-19
1861	12	20	4	58	0	-13.8	orig=-11R|orig.time=7:00AM|orig.date=1861-12-20
1861	12	20	9	58	0	-15.4	orig=-12.3R|orig.time=Noon|orig.date=1861-12-20
1861	12	20	11	58	0	-13.1	orig=-10.5R|orig.time=2:00PM|orig.date=1861-12-20
1861	12	20	18	58	0	-12.5	orig=-10R|orig.time=9:00PM|orig.date=1861-12-20
1861	12	21	4	58	0	-9.2	orig=-7.4R|orig.time=7:00AM|orig.date=1861-12-21
1861	12	21	9	58	0	-5.2	orig=-4.2R|orig.time=Noon|orig.date=1861-12-21
1861	12	21	11	58	0	-3.6	orig=-2.9R|orig.time=2:00PM|orig.date=1861-12-21
1861	12	21	18	58	0	-3.2	orig=-2.6R|orig.time=9:00PM|orig.date=1861-12-21
1861	12	22	4	58	0	-5.8	orig=-4.6R|orig.time=7:00AM|orig.date=1861-12-22
1861	12	22	9	58	0	-5.1	orig=-4.1R|orig.time=Noon|orig.date=1861-12-22
1861	12	22	11	58	0	-5.6	orig=-4.5R|orig.time=2:00PM|orig.date=1861-12-22
1861	12	22	18	58	0	-5.4	orig=-4.3R|orig.time=9:00PM|orig.date=1861-12-22
1861	12	23	4	58	0	-2.5	orig=-2R|orig.time=7:00AM|orig.date=1861-12-23
1861	12	23	9	58	0	-1.1	orig=-0.9R|orig.time=Noon|orig.date=1861-12-23
1861	12	23	11	58	0	-1.8	orig=-1.4R|orig.time=2:00PM|orig.date=1861-12-23
1861	12	23	18	58	0	-9.2	orig=-7.4R|orig.time=9:00PM|orig.date=1861-12-23
1861	12	24	4	58	0	-7.6	orig=-6.1R|orig.time=7:00AM|orig.date=1861-12-24
1861	12	24	9	58	0	-3.6	orig=-2.9R|orig.time=Noon|orig.date=1861-12-24
1861	12	24	11	58	0	-2.9	orig=-2.3R|orig.time=2:00PM|orig.date=1861-12-24
1861	12	24	18	58	0	-9.1	orig=-7.3R|orig.time=9:00PM|orig.date=1861-12-24
1861	12	25	4	58	0	-11.2	orig=-9R|orig.time=7:00AM|orig.date=1861-12-25
1861	12	25	9	58	0	-6.2	orig=-5R|orig.time=Noon|orig.date=1861-12-25
1861	12	25	11	58	0	-4.2	orig=-3.4R|orig.time=2:00PM|orig.date=1861-12-25
1861	12	25	18	58	0	-2.5	orig=-2R|orig.time=9:00PM|orig.date=1861-12-25
1861	12	26	4	58	0	-2.6	orig=-2.1R|orig.time=7:00AM|orig.date=1861-12-26
1861	12	26	9	58	0	-1.6	orig=-1.3R|orig.time=Noon|orig.date=1861-12-26
1861	12	26	11	58	0	-2.8	orig=-2.2R|orig.time=2:00PM|orig.date=1861-12-26
1861	12	26	18	58	0	-5.4	orig=-4.3R|orig.time=9:00PM|orig.date=1861-12-26
1861	12	27	4	58	0	-3.2	orig=-2.6R|orig.time=7:00AM|orig.date=1861-12-27
1861	12	27	9	58	0	-3	orig=-2.4R|orig.time=Noon|orig.date=1861-12-27
1861	12	27	11	58	0	-2.8	orig=-2.2R|orig.time=2:00PM|orig.date=1861-12-27
1861	12	27	18	58	0	-4.8	orig=-3.8R|orig.time=9:00PM|orig.date=1861-12-27
1861	12	28	4	58	0	-11.6	orig=-9.3R|orig.time=7:00AM|orig.date=1861-12-28
1861	12	28	9	58	0	-3	orig=-2.4R|orig.time=Noon|orig.date=1861-12-28
1861	12	28	11	58	0	-1.9	orig=-1.5R|orig.time=2:00PM|orig.date=1861-12-28
1861	12	28	18	58	0	-5	orig=-4R|orig.time=9:00PM|orig.date=1861-12-28
1861	12	29	4	58	0	-4.2	orig=-3.4R|orig.time=7:00AM|orig.date=1861-12-29
1861	12	29	9	58	0	-3.1	orig=-2.5R|orig.time=Noon|orig.date=1861-12-29
1861	12	29	11	58	0	-3.5	orig=-2.8R|orig.time=2:00PM|orig.date=1861-12-29
1861	12	29	18	58	0	-2.9	orig=-2.3R|orig.time=9:00PM|orig.date=1861-12-29
1861	12	30	4	58	0	-9.8	orig=-7.8R|orig.time=7:00AM|orig.date=1861-12-30
1861	12	30	9	58	0	-10.5	orig=-8.4R|orig.time=Noon|orig.date=1861-12-30
1861	12	30	11	58	0	-10.9	orig=-8.7R|orig.time=2:00PM|orig.date=1861-12-30
1861	12	30	18	58	0	-15	orig=-12R|orig.time=9:00PM|orig.date=1861-12-30
1861	12	31	4	58	0	-20.2	orig=-16.2R|orig.time=7:00AM|orig.date=1861-12-31
1861	12	31	9	58	0	-11.8	orig=-9.4R|orig.time=Noon|orig.date=1861-12-31
1861	12	31	11	58	0	-11.9	orig=-9.5R|orig.time=2:00PM|orig.date=1861-12-31
1861	12	31	18	58	0	-13.5	orig=-10.8R|orig.time=9:00PM|orig.date=1861-12-31
1862	1	1	4	58	0	-6	orig=-4.8R|orig.time=7:00AM|orig.date=1862-01-01
1862	1	1	9	58	0	-5	orig=-4R|orig.time=Noon|orig.date=1862-01-01
1862	1	1	11	58	0	-4.9	orig=-3.9R|orig.time=2:00PM|orig.date=1862-01-01
1862	1	1	18	58	0	-5.5	orig=-4.4R|orig.time=9:00PM|orig.date=1862-01-01
1862	1	2	4	58	0	-9.5	orig=-7.6R|orig.time=7:00AM|orig.date=1862-01-02
1862	1	2	9	58	0	-12.6	orig=-10.1R|orig.time=Noon|orig.date=1862-01-02
1862	1	2	11	58	0	-13.1	orig=-10.5R|orig.time=2:00PM|orig.date=1862-01-02
1862	1	2	18	58	0	-16.5	orig=-13.2R|orig.time=9:00PM|orig.date=1862-01-02
1862	1	3	4	58	0	-19.2	orig=-15.4R|orig.time=7:00AM|orig.date=1862-01-03
1862	1	3	9	58	0	-15.8	orig=-12.6R|orig.time=Noon|orig.date=1862-01-03
1862	1	3	11	58	0	-15.2	orig=-12.2R|orig.time=2:00PM|orig.date=1862-01-03
1862	1	3	18	58	0	-19.1	orig=-15.3R|orig.time=9:00PM|orig.date=1862-01-03
1862	1	4	4	58	0	-12.2	orig=-9.8R|orig.time=7:00AM|orig.date=1862-01-04
1862	1	4	9	58	0	-9	orig=-7.2R|orig.time=Noon|orig.date=1862-01-04
1862	1	4	11	58	0	-8.2	orig=-6.6R|orig.time=2:00PM|orig.date=1862-01-04
1862	1	4	18	58	0	-9.6	orig=-7.7R|orig.time=9:00PM|orig.date=1862-01-04
1862	1	5	4	58	0	-7.8	orig=-6.2R|orig.time=7:00AM|orig.date=1862-01-05
1862	1	5	9	58	0	-4.5	orig=-3.6R|orig.time=Noon|orig.date=1862-01-05
1862	1	5	11	58	0	-4.1	orig=-3.3R|orig.time=2:00PM|orig.date=1862-01-05
1862	1	5	18	58	0	-9.8	orig=-7.8R|orig.time=9:00PM|orig.date=1862-01-05
1862	1	6	4	58	0	-12.9	orig=-10.3R|orig.time=7:00AM|orig.date=1862-01-06
1862	1	6	9	58	0	-6.4	orig=-5.1R|orig.time=Noon|orig.date=1862-01-06
1862	1	6	11	58	0	-6.5	orig=-5.2R|orig.time=2:00PM|orig.date=1862-01-06
1862	1	6	18	58	0	-13.2	orig=-10.6R|orig.time=9:00PM|orig.date=1862-01-06
1862	1	7	4	58	0	-18	orig=-14.4R|orig.time=7:00AM|orig.date=1862-01-07
1862	1	7	9	58	0	-11.8	orig=-9.4R|orig.time=Noon|orig.date=1862-01-07
1862	1	7	11	58	0	-11.2	orig=-9R|orig.time=2:00PM|orig.date=1862-01-07
1862	1	7	18	58	0	-17.5	orig=-14R|orig.time=9:00PM|orig.date=1862-01-07
1862	1	8	4	58	0	-15.4	orig=-12.3R|orig.time=7:00AM|orig.date=1862-01-08
1862	1	8	9	58	0	-8.6	orig=-6.9R|orig.time=Noon|orig.date=1862-01-08
1862	1	8	11	58	0	-7.2	orig=-5.8R|orig.time=2:00PM|orig.date=1862-01-08
1862	1	8	18	58	0	-4.5	orig=-3.6R|orig.time=9:00PM|orig.date=1862-01-08
1862	1	9	4	58	0	-10.1	orig=-8.1R|orig.time=7:00AM|orig.date=1862-01-09
1862	1	9	9	58	0	-12.2	orig=-9.8R|orig.time=Noon|orig.date=1862-01-09
1862	1	9	11	58	0	-12.4	orig=-9.9R|orig.time=2:00PM|orig.date=1862-01-09
1862	1	9	18	58	0	-19.8	orig=-15.8R|orig.time=9:00PM|orig.date=1862-01-09
1862	1	10	4	58	0	-24.8	orig=-19.8R|orig.time=7:00AM|orig.date=1862-01-10
1862	1	10	9	58	0	-17.4	orig=-13.9R|orig.time=Noon|orig.date=1862-01-10
1862	1	10	11	58	0	-14	orig=-11.2R|orig.time=2:00PM|orig.date=1862-01-10
1862	1	10	18	58	0	-18	orig=-14.4R|orig.time=9:00PM|orig.date=1862-01-10
1862	1	11	4	58	0	-17	orig=-13.6R|orig.time=7:00AM|orig.date=1862-01-11
1862	1	11	9	58	0	-15.5	orig=-12.4R|orig.time=Noon|orig.date=1862-01-11
1862	1	11	11	58	0	-15.1	orig=-12.1R|orig.time=2:00PM|orig.date=1862-01-11
1862	1	11	18	58	0	-15.8	orig=-12.6R|orig.time=9:00PM|orig.date=1862-01-11
1862	1	12	4	58	0	-15.5	orig=-12.4R|orig.time=7:00AM|orig.date=1862-01-12
1862	1	12	9	58	0	-14.5	orig=-11.6R|orig.time=Noon|orig.date=1862-01-12
1862	1	12	11	58	0	-15.4	orig=-12.3R|orig.time=2:00PM|orig.date=1862-01-12
1862	1	12	18	58	0	-17.8	orig=-14.2R|orig.time=9:00PM|orig.date=1862-01-12
1862	1	13	4	58	0	-28.1	orig=-22.5R|orig.time=7:00AM|orig.date=1862-01-13
1862	1	13	9	58	0	-26.6	orig=-21.3R|orig.time=Noon|orig.date=1862-01-13
1862	1	13	11	58	0	-25	orig=-20R|orig.time=2:00PM|orig.date=1862-01-13
1862	1	13	18	58	0	-26.8	orig=-21.4R|orig.time=9:00PM|orig.date=1862-01-13
1862	1	14	4	58	0	-29.2	orig=-23.4R|orig.time=7:00AM|orig.date=1862-01-14
1862	1	14	9	58	0	-25.2	orig=-20.2R|orig.time=Noon|orig.date=1862-01-14
1862	1	14	11	58	0	-24.2	orig=-19.4R|orig.time=2:00PM|orig.date=1862-01-14
1862	1	14	18	58	0	-26.2	orig=-21R|orig.time=9:00PM|orig.date=1862-01-14
1862	1	15	4	58	0	-26.2	orig=-21R|orig.time=7:00AM|orig.date=1862-01-15
1862	1	15	9	58	0	-22.1	orig=-17.7R|orig.time=Noon|orig.date=1862-01-15
1862	1	15	11	58	0	-21.1	orig=-16.9R|orig.time=2:00PM|orig.date=1862-01-15
1862	1	15	18	58	0	-20.4	orig=-16.3R|orig.time=9:00PM|orig.date=1862-01-15
1862	1	16	4	58	0	-16.5	orig=-13.2R|orig.time=7:00AM|orig.date=1862-01-16
1862	1	16	9	58	0	-15	orig=-12R|orig.time=Noon|orig.date=1862-01-16
1862	1	16	11	58	0	-14.2	orig=-11.4R|orig.time=2:00PM|orig.date=1862-01-16
1862	1	16	18	58	0	-15.5	orig=-12.4R|orig.time=9:00PM|orig.date=1862-01-16
1862	1	17	4	58	0	-17.9	orig=-14.3R|orig.time=7:00AM|orig.date=1862-01-17
1862	1	17	9	58	0	-20.2	orig=-16.2R|orig.time=Noon|orig.date=1862-01-17
1862	1	17	11	58	0	-20.5	orig=-16.4R|orig.time=2:00PM|orig.date=1862-01-17
1862	1	17	18	58	0	-19.5	orig=-15.6R|orig.time=9:00PM|orig.date=1862-01-17
1862	1	18	4	58	0	-18.2	orig=-14.6R|orig.time=7:00AM|orig.date=1862-01-18
1862	1	18	9	58	0	-15.5	orig=-12.4R|orig.time=Noon|orig.date=1862-01-18
1862	1	18	11	58	0	-16	orig=-12.8R|orig.time=2:00PM|orig.date=1862-01-18
1862	1	18	18	58	0	-14.9	orig=-11.9R|orig.time=9:00PM|orig.date=1862-01-18
1862	1	19	4	58	0	-14.5	orig=-11.6R|orig.time=7:00AM|orig.date=1862-01-19
1862	1	19	9	58	0	-12.5	orig=-10R|orig.time=Noon|orig.date=1862-01-19
1862	1	19	11	58	0	-12	orig=-9.6R|orig.time=2:00PM|orig.date=1862-01-19
1862	1	19	18	58	0	-12.1	orig=-9.7R|orig.time=9:00PM|orig.date=1862-01-19
1862	1	20	4	58	0	-10.5	orig=-8.4R|orig.time=7:00AM|orig.date=1862-01-20
1862	1	20	9	58	0	-6.8	orig=-5.4R|orig.time=Noon|orig.date=1862-01-20
1862	1	20	11	58	0	-5.8	orig=-4.6R|orig.time=2:00PM|orig.date=1862-01-20
1862	1	20	18	58	0	-4.5	orig=-3.6R|orig.time=9:00PM|orig.date=1862-01-20
1862	1	21	4	58	0	-4.8	orig=-3.8R|orig.time=7:00AM|orig.date=1862-01-21
1862	1	21	9	58	0	-4.5	orig=-3.6R|orig.time=Noon|orig.date=1862-01-21
1862	1	21	11	58	0	-4.8	orig=-3.8R|orig.time=2:00PM|orig.date=1862-01-21
1862	1	21	18	58	0	-5.8	orig=-4.6R|orig.time=9:00PM|orig.date=1862-01-21
1862	1	22	4	58	0	-5.5	orig=-4.4R|orig.time=7:00AM|orig.date=1862-01-22
1862	1	22	9	58	0	-3.9	orig=-3.1R|orig.time=Noon|orig.date=1862-01-22
1862	1	22	11	58	0	-3.6	orig=-2.9R|orig.time=2:00PM|orig.date=1862-01-22
1862	1	22	18	58	0	-4.2	orig=-3.4R|orig.time=9:00PM|orig.date=1862-01-22
1862	1	23	4	58	0	-9	orig=-7.2R|orig.time=7:00AM|orig.date=1862-01-23
1862	1	23	9	58	0	-5.6	orig=-4.5R|orig.time=Noon|orig.date=1862-01-23
1862	1	23	11	58	0	-6.8	orig=-5.4R|orig.time=2:00PM|orig.date=1862-01-23
1862	1	23	18	58	0	-13	orig=-10.4R|orig.time=9:00PM|orig.date=1862-01-23
1862	1	24	4	58	0	-14.1	orig=-11.3R|orig.time=7:00AM|orig.date=1862-01-24
1862	1	24	9	58	0	-9.8	orig=-7.8R|orig.time=Noon|orig.date=1862-01-24
1862	1	24	11	58	0	-9	orig=-7.2R|orig.time=2:00PM|orig.date=1862-01-24
1862	1	24	18	58	0	-9.5	orig=-7.6R|orig.time=9:00PM|orig.date=1862-01-24
1862	1	25	4	58	0	-8.9	orig=-7.1R|orig.time=7:00AM|orig.date=1862-01-25
1862	1	25	9	58	0	-6.1	orig=-4.9R|orig.time=Noon|orig.date=1862-01-25
1862	1	25	11	58	0	-5.2	orig=-4.2R|orig.time=2:00PM|orig.date=1862-01-25
1862	1	25	18	58	0	-8.4	orig=-6.7R|orig.time=9:00PM|orig.date=1862-01-25
1862	1	26	4	58	0	-9.1	orig=-7.3R|orig.time=7:00AM|orig.date=1862-01-26
1862	1	26	9	58	0	-7.4	orig=-5.9R|orig.time=Noon|orig.date=1862-01-26
1862	1	26	11	58	0	-7.4	orig=-5.9R|orig.time=2:00PM|orig.date=1862-01-26
1862	1	26	18	58	0	-3.9	orig=-3.1R|orig.time=9:00PM|orig.date=1862-01-26
1862	1	27	4	58	0	1	orig=0.8R|orig.time=7:00AM|orig.date=1862-01-27
1862	1	27	9	58	0	1.5	orig=1.2R|orig.time=Noon|orig.date=1862-01-27
1862	1	27	11	58	0	0.5	orig=0.4R|orig.time=2:00PM|orig.date=1862-01-27
1862	1	27	18	58	0	-1.6	orig=-1.3R|orig.time=9:00PM|orig.date=1862-01-27
1862	1	28	4	58	0	-1.8	orig=-1.4R|orig.time=7:00AM|orig.date=1862-01-28
1862	1	28	9	58	0	1	orig=0.8R|orig.time=Noon|orig.date=1862-01-28
1862	1	28	11	58	0	1	orig=0.8R|orig.time=2:00PM|orig.date=1862-01-28
1862	1	28	18	58	0	-6.2	orig=-5R|orig.time=9:00PM|orig.date=1862-01-28
1862	1	29	4	58	0	-9.1	orig=-7.3R|orig.time=7:00AM|orig.date=1862-01-29
1862	1	29	9	58	0	-7	orig=-5.6R|orig.time=Noon|orig.date=1862-01-29
1862	1	29	11	58	0	-6.5	orig=-5.2R|orig.time=2:00PM|orig.date=1862-01-29
1862	1	29	18	58	0	-8	orig=-6.4R|orig.time=9:00PM|orig.date=1862-01-29
1862	1	30	4	58	0	-8.5	orig=-6.8R|orig.time=7:00AM|orig.date=1862-01-30
1862	1	30	9	58	0	-7.2	orig=-5.8R|orig.time=Noon|orig.date=1862-01-30
1862	1	30	11	58	0	-7	orig=-5.6R|orig.time=2:00PM|orig.date=1862-01-30
1862	1	30	18	58	0	-7.8	orig=-6.2R|orig.time=9:00PM|orig.date=1862-01-30
1862	1	31	4	58	0	-11.2	orig=-9R|orig.time=7:00AM|orig.date=1862-01-31
1862	1	31	9	58	0	-6.8	orig=-5.4R|orig.time=Noon|orig.date=1862-01-31
1862	1	31	11	58	0	-5.9	orig=-4.7R|orig.time=2:00PM|orig.date=1862-01-31
1862	1	31	18	58	0	-3	orig=-2.4R|orig.time=9:00PM|orig.date=1862-01-31
1862	2	1	4	58	0	-3.2	orig=-2.6R|orig.time=7:00AM|orig.date=1862-02-01
1862	2	1	9	58	0	0.2	orig=0.2R|orig.time=Noon|orig.date=1862-02-01
1862	2	1	11	58	0	1.2	orig=1R|orig.time=2:00PM|orig.date=1862-02-01
1862	2	1	18	58	0	-1	orig=-0.8R|orig.time=9:00PM|orig.date=1862-02-01
1862	2	2	4	58	0	-1.4	orig=-1.1R|orig.time=7:00AM|orig.date=1862-02-02
1862	2	2	9	58	0	-2.2	orig=-1.8R|orig.time=Noon|orig.date=1862-02-02
1862	2	2	11	58	0	-2.2	orig=-1.8R|orig.time=2:00PM|orig.date=1862-02-02
1862	2	2	18	58	0	-5	orig=-4R|orig.time=9:00PM|orig.date=1862-02-02
1862	2	3	4	58	0	-8.5	orig=-6.8R|orig.time=7:00AM|orig.date=1862-02-03
1862	2	3	9	58	0	-6.8	orig=-5.4R|orig.time=Noon|orig.date=1862-02-03
1862	2	3	11	58	0	-8.2	orig=-6.6R|orig.time=2:00PM|orig.date=1862-02-03
1862	2	3	18	58	0	-8.5	orig=-6.8R|orig.time=9:00PM|orig.date=1862-02-03
1862	2	4	4	58	0	-12.5	orig=-10R|orig.time=7:00AM|orig.date=1862-02-04
1862	2	4	9	58	0	-7.5	orig=-6R|orig.time=Noon|orig.date=1862-02-04
1862	2	4	11	58	0	-6.2	orig=-5R|orig.time=2:00PM|orig.date=1862-02-04
1862	2	4	18	58	0	-2	orig=-1.6R|orig.time=9:00PM|orig.date=1862-02-04
1862	2	5	4	58	0	-9	orig=-7.2R|orig.time=7:00AM|orig.date=1862-02-05
1862	2	5	9	58	0	-8	orig=-6.4R|orig.time=Noon|orig.date=1862-02-05
1862	2	5	11	58	0	-8.2	orig=-6.6R|orig.time=2:00PM|orig.date=1862-02-05
1862	2	5	18	58	0	-10.8	orig=-8.6R|orig.time=9:00PM|orig.date=1862-02-05
1862	2	6	4	58	0	-9.5	orig=-7.6R|orig.time=7:00AM|orig.date=1862-02-06
1862	2	6	9	58	0	-2.8	orig=-2.2R|orig.time=Noon|orig.date=1862-02-06
1862	2	6	11	58	0	-1.8	orig=-1.4R|orig.time=2:00PM|orig.date=1862-02-06
1862	2	6	18	58	0	-5.5	orig=-4.4R|orig.time=9:00PM|orig.date=1862-02-06
1862	2	7	4	58	0	-8	orig=-6.4R|orig.time=7:00AM|orig.date=1862-02-07
1862	2	7	9	58	0	-8.6	orig=-6.9R|orig.time=Noon|orig.date=1862-02-07
1862	2	7	11	58	0	-9.6	orig=-7.7R|orig.time=2:00PM|orig.date=1862-02-07
1862	2	7	18	58	0	-16.2	orig=-13R|orig.time=9:00PM|orig.date=1862-02-07
1862	2	8	4	58	0	-20	orig=-16R|orig.time=7:00AM|orig.date=1862-02-08
1862	2	8	9	58	0	-17.6	orig=-14.1R|orig.time=Noon|orig.date=1862-02-08
1862	2	8	11	58	0	-15.6	orig=-12.5R|orig.time=2:00PM|orig.date=1862-02-08
1862	2	8	18	58	0	-21.2	orig=-17R|orig.time=9:00PM|orig.date=1862-02-08
1862	2	9	4	58	0	-26.4	orig=-21.1R|orig.time=7:00AM|orig.date=1862-02-09
1862	2	9	9	58	0	-19.8	orig=-15.8R|orig.time=Noon|orig.date=1862-02-09
1862	2	9	11	58	0	-17.4	orig=-13.9R|orig.time=2:00PM|orig.date=1862-02-09
1862	2	9	18	58	0	-18.8	orig=-15R|orig.time=9:00PM|orig.date=1862-02-09
1862	2	10	4	58	0	-22.9	orig=-18.3R|orig.time=7:00AM|orig.date=1862-02-10
1862	2	10	9	58	0	-17.5	orig=-14R|orig.time=Noon|orig.date=1862-02-10
1862	2	10	11	58	0	-14.6	orig=-11.7R|orig.time=2:00PM|orig.date=1862-02-10
1862	2	10	18	58	0	-21	orig=-16.8R|orig.time=9:00PM|orig.date=1862-02-10
1862	2	11	4	58	0	-22.8	orig=-18.2R|orig.time=7:00AM|orig.date=1862-02-11
1862	2	11	9	58	0	-14.9	orig=-11.9R|orig.time=Noon|orig.date=1862-02-11
1862	2	11	11	58	0	-12.1	orig=-9.7R|orig.time=2:00PM|orig.date=1862-02-11
1862	2	11	18	58	0	-14.8	orig=-11.8R|orig.time=9:00PM|orig.date=1862-02-11
1862	2	12	4	58	0	-16	orig=-12.8R|orig.time=7:00AM|orig.date=1862-02-12
1862	2	12	9	58	0	-9.6	orig=-7.7R|orig.time=Noon|orig.date=1862-02-12
1862	2	12	11	58	0	-8	orig=-6.4R|orig.time=2:00PM|orig.date=1862-02-12
1862	2	12	18	58	0	-11	orig=-8.8R|orig.time=9:00PM|orig.date=1862-02-12
1862	2	13	4	58	0	-6.5	orig=-5.2R|orig.time=7:00AM|orig.date=1862-02-13
1862	2	13	9	58	0	-8.2	orig=-6.6R|orig.time=Noon|orig.date=1862-02-13
1862	2	13	11	58	0	-7.8	orig=-6.2R|orig.time=2:00PM|orig.date=1862-02-13
1862	2	13	18	58	0	-13.2	orig=-10.6R|orig.time=9:00PM|orig.date=1862-02-13
1862	2	14	4	58	0	-25.1	orig=-20.1R|orig.time=7:00AM|orig.date=1862-02-14
1862	2	14	9	58	0	-18.6	orig=-14.9R|orig.time=Noon|orig.date=1862-02-14
1862	2	14	11	58	0	-16.1	orig=-12.9R|orig.time=2:00PM|orig.date=1862-02-14
1862	2	14	18	58	0	-19.5	orig=-15.6R|orig.time=9:00PM|orig.date=1862-02-14
1862	2	15	4	58	0	-17.5	orig=-14R|orig.time=7:00AM|orig.date=1862-02-15
1862	2	15	9	58	0	-15	orig=-12R|orig.time=Noon|orig.date=1862-02-15
1862	2	15	11	58	0	-16.8	orig=-13.4R|orig.time=2:00PM|orig.date=1862-02-15
1862	2	15	18	58	0	-19.9	orig=-15.9R|orig.time=9:00PM|orig.date=1862-02-15
1862	2	16	4	58	0	-23.6	orig=-18.9R|orig.time=7:00AM|orig.date=1862-02-16
1862	2	16	9	58	0	-13	orig=-10.4R|orig.time=Noon|orig.date=1862-02-16
1862	2	16	11	58	0	-12.5	orig=-10R|orig.time=2:00PM|orig.date=1862-02-16
1862	2	16	18	58	0	-10.4	orig=-8.3R|orig.time=9:00PM|orig.date=1862-02-16
1862	2	17	4	58	0	-4.2	orig=-3.4R|orig.time=7:00AM|orig.date=1862-02-17
1862	2	17	9	58	0	0.4	orig=0.3R|orig.time=Noon|orig.date=1862-02-17
1862	2	17	11	58	0	-1.2	orig=-1R|orig.time=2:00PM|orig.date=1862-02-17
1862	2	17	18	58	0	-3.8	orig=-3R|orig.time=9:00PM|orig.date=1862-02-17
1862	2	18	4	58	0	-4.2	orig=-3.4R|orig.time=7:00AM|orig.date=1862-02-18
1862	2	18	9	58	0	0.2	orig=0.2R|orig.time=Noon|orig.date=1862-02-18
1862	2	18	11	58	0	1.2	orig=1R|orig.time=2:00PM|orig.date=1862-02-18
1862	2	18	18	58	0	-3.4	orig=-2.7R|orig.time=9:00PM|orig.date=1862-02-18
1862	2	19	4	58	0	-7.6	orig=-6.1R|orig.time=7:00AM|orig.date=1862-02-19
1862	2	19	9	58	0	-13.2	orig=-10.6R|orig.time=Noon|orig.date=1862-02-19
1862	2	19	11	58	0	-13.5	orig=-10.8R|orig.time=2:00PM|orig.date=1862-02-19
1862	2	19	18	58	0	-18.5	orig=-14.8R|orig.time=9:00PM|orig.date=1862-02-19
1862	2	20	4	58	0	-25.1	orig=-20.1R|orig.time=7:00AM|orig.date=1862-02-20
1862	2	20	9	58	0	-18.6	orig=-14.9R|orig.time=Noon|orig.date=1862-02-20
1862	2	20	11	58	0	-15.2	orig=-12.2R|orig.time=2:00PM|orig.date=1862-02-20
1862	2	20	18	58	0	-14.5	orig=-11.6R|orig.time=9:00PM|orig.date=1862-02-20
1862	2	21	4	58	0	-22.2	orig=-17.8R|orig.time=7:00AM|orig.date=1862-02-21
1862	2	21	9	58	0	-13.8	orig=-11R|orig.time=Noon|orig.date=1862-02-21
1862	2	21	11	58	0	-8.5	orig=-6.8R|orig.time=2:00PM|orig.date=1862-02-21
1862	2	21	18	58	0	-13.8	orig=-11R|orig.time=9:00PM|orig.date=1862-02-21
1862	2	22	4	58	0	-15.6	orig=-12.5R|orig.time=7:00AM|orig.date=1862-02-22
1862	2	22	9	58	0	-7.5	orig=-6R|orig.time=Noon|orig.date=1862-02-22
1862	2	22	11	58	0	-6	orig=-4.8R|orig.time=2:00PM|orig.date=1862-02-22
1862	2	22	18	58	0	-13.5	orig=-10.8R|orig.time=9:00PM|orig.date=1862-02-22
1862	2	23	4	58	0	-11.9	orig=-9.5R|orig.time=7:00AM|orig.date=1862-02-23
1862	2	23	9	58	0	-8.2	orig=-6.6R|orig.time=Noon|orig.date=1862-02-23
1862	2	23	11	58	0	-6.5	orig=-5.2R|orig.time=2:00PM|orig.date=1862-02-23
1862	2	23	18	58	0	-13	orig=-10.4R|orig.time=9:00PM|orig.date=1862-02-23
1862	2	24	4	58	0	-15	orig=-12R|orig.time=7:00AM|orig.date=1862-02-24
1862	2	24	9	58	0	-10.2	orig=-8.2R|orig.time=Noon|orig.date=1862-02-24
1862	2	24	11	58	0	-8.8	orig=-7R|orig.time=2:00PM|orig.date=1862-02-24
1862	2	24	18	58	0	-15.1	orig=-12.1R|orig.time=9:00PM|orig.date=1862-02-24
1862	2	25	4	58	0	-16.6	orig=-13.3R|orig.time=7:00AM|orig.date=1862-02-25
1862	2	25	9	58	0	-9	orig=-7.2R|orig.time=Noon|orig.date=1862-02-25
1862	2	25	11	58	0	-9.2	orig=-7.4R|orig.time=2:00PM|orig.date=1862-02-25
1862	2	25	18	58	0	-12	orig=-9.6R|orig.time=9:00PM|orig.date=1862-02-25
1862	2	26	4	58	0	-12.5	orig=-10R|orig.time=7:00AM|orig.date=1862-02-26
1862	2	26	9	58	0	-9.6	orig=-7.7R|orig.time=Noon|orig.date=1862-02-26
1862	2	26	11	58	0	-9.2	orig=-7.4R|orig.time=2:00PM|orig.date=1862-02-26
1862	2	26	18	58	0	-12.8	orig=-10.2R|orig.time=9:00PM|orig.date=1862-02-26
1862	2	27	4	58	0	-19	orig=-15.2R|orig.time=7:00AM|orig.date=1862-02-27
1862	2	27	9	58	0	-12.8	orig=-10.2R|orig.time=Noon|orig.date=1862-02-27
1862	2	27	11	58	0	-11.6	orig=-9.3R|orig.time=2:00PM|orig.date=1862-02-27
1862	2	27	18	58	0	-11.5	orig=-9.2R|orig.time=9:00PM|orig.date=1862-02-27
1862	2	28	4	58	0	-13.2	orig=-10.6R|orig.time=7:00AM|orig.date=1862-02-28
1862	2	28	9	58	0	-4	orig=-3.2R|orig.time=Noon|orig.date=1862-02-28
1862	2	28	11	58	0	-3.2	orig=-2.6R|orig.time=2:00PM|orig.date=1862-02-28
1862	2	28	18	58	0	-7	orig=-5.6R|orig.time=9:00PM|orig.date=1862-02-28
1862	3	1	4	58	0	-6.9	orig=-5.5R|orig.time=7:00AM|orig.date=1862-03-01
1862	3	1	9	58	0	-0.6	orig=-0.5R|orig.time=Noon|orig.date=1862-03-01
1862	3	1	11	58	0	-0.2	orig=-0.2R|orig.time=2:00PM|orig.date=1862-03-01
1862	3	1	18	58	0	-6.8	orig=-5.4R|orig.time=9:00PM|orig.date=1862-03-01
1862	3	2	4	58	0	-14.2	orig=-11.4R|orig.time=7:00AM|orig.date=1862-03-02
1862	3	2	9	58	0	-4.5	orig=-3.6R|orig.time=Noon|orig.date=1862-03-02
1862	3	2	11	58	0	-4.2	orig=-3.4R|orig.time=2:00PM|orig.date=1862-03-02
1862	3	2	18	58	0	-12.8	orig=-10.2R|orig.time=9:00PM|orig.date=1862-03-02
1862	3	3	4	58	0	-10.4	orig=-8.3R|orig.time=7:00AM|orig.date=1862-03-03
1862	3	3	9	58	0	-2.4	orig=-1.9R|orig.time=Noon|orig.date=1862-03-03
1862	3	3	11	58	0	0.9	orig=0.7R|orig.time=2:00PM|orig.date=1862-03-03
1862	3	3	18	58	0	-0.8	orig=-0.6R|orig.time=9:00PM|orig.date=1862-03-03
1862	3	4	4	58	0	-1	orig=-0.8R|orig.time=7:00AM|orig.date=1862-03-04
1862	3	4	9	58	0	3	orig=2.4R|orig.time=Noon|orig.date=1862-03-04
1862	3	4	11	58	0	3.5	orig=2.8R|orig.time=2:00PM|orig.date=1862-03-04
1862	3	4	18	58	0	1.5	orig=1.2R|orig.time=9:00PM|orig.date=1862-03-04
1862	3	5	4	58	0	0.5	orig=0.4R|orig.time=7:00AM|orig.date=1862-03-05
1862	3	5	9	58	0	2	orig=1.6R|orig.time=Noon|orig.date=1862-03-05
1862	3	5	11	58	0	1.6	orig=1.3R|orig.time=2:00PM|orig.date=1862-03-05
1862	3	5	18	58	0	0.2	orig=0.2R|orig.time=9:00PM|orig.date=1862-03-05
1862	3	6	4	58	0	-3	orig=-2.4R|orig.time=7:00AM|orig.date=1862-03-06
1862	3	6	9	58	0	-2.9	orig=-2.3R|orig.time=Noon|orig.date=1862-03-06
1862	3	6	11	58	0	-2.9	orig=-2.3R|orig.time=2:00PM|orig.date=1862-03-06
1862	3	6	18	58	0	-4.5	orig=-3.6R|orig.time=9:00PM|orig.date=1862-03-06
1862	3	7	4	58	0	-4.5	orig=-3.6R|orig.time=7:00AM|orig.date=1862-03-07
1862	3	7	9	58	0	-1.5	orig=-1.2R|orig.time=Noon|orig.date=1862-03-07
1862	3	7	11	58	0	-1	orig=-0.8R|orig.time=2:00PM|orig.date=1862-03-07
1862	3	7	18	58	0	-2.8	orig=-2.2R|orig.time=9:00PM|orig.date=1862-03-07
1862	3	8	4	58	0	-2.5	orig=-2R|orig.time=7:00AM|orig.date=1862-03-08
1862	3	8	9	58	0	2	orig=1.6R|orig.time=Noon|orig.date=1862-03-08
1862	3	8	11	58	0	2.5	orig=2R|orig.time=2:00PM|orig.date=1862-03-08
1862	3	8	18	58	0	-1.6	orig=-1.3R|orig.time=9:00PM|orig.date=1862-03-08
1862	3	9	4	58	0	-1.8	orig=-1.4R|orig.time=7:00AM|orig.date=1862-03-09
1862	3	9	9	58	0	0	orig=0R|orig.time=Noon|orig.date=1862-03-09
1862	3	9	11	58	0	0	orig=0R|orig.time=2:00PM|orig.date=1862-03-09
1862	3	9	18	58	0	-0.6	orig=-0.5R|orig.time=9:00PM|orig.date=1862-03-09
1862	3	10	4	58	0	-2.9	orig=-2.3R|orig.time=7:00AM|orig.date=1862-03-10
1862	3	10	9	58	0	2	orig=1.6R|orig.time=Noon|orig.date=1862-03-10
1862	3	10	11	58	0	2.5	orig=2R|orig.time=2:00PM|orig.date=1862-03-10
1862	3	10	18	58	0	-1	orig=-0.8R|orig.time=9:00PM|orig.date=1862-03-10
1862	3	11	4	58	0	-5	orig=-4R|orig.time=7:00AM|orig.date=1862-03-11
1862	3	11	9	58	0	0.1	orig=0.1R|orig.time=Noon|orig.date=1862-03-11
1862	3	11	11	58	0	0.9	orig=0.7R|orig.time=2:00PM|orig.date=1862-03-11
1862	3	11	18	58	0	-0.6	orig=-0.5R|orig.time=9:00PM|orig.date=1862-03-11
1862	3	12	4	58	0	-3.8	orig=-3R|orig.time=7:00AM|orig.date=1862-03-12
1862	3	12	9	58	0	-2.5	orig=-2R|orig.time=Noon|orig.date=1862-03-12
1862	3	12	11	58	0	-2	orig=-1.6R|orig.time=2:00PM|orig.date=1862-03-12
1862	3	12	18	58	0	-4	orig=-3.2R|orig.time=9:00PM|orig.date=1862-03-12
1862	3	13	4	58	0	-4.8	orig=-3.8R|orig.time=7:00AM|orig.date=1862-03-13
1862	3	13	9	58	0	0	orig=0R|orig.time=Noon|orig.date=1862-03-13
1862	3	13	11	58	0	1.1	orig=0.9R|orig.time=2:00PM|orig.date=1862-03-13
1862	3	13	18	58	0	-3.8	orig=-3R|orig.time=9:00PM|orig.date=1862-03-13
1862	3	14	4	58	0	-3.8	orig=-3R|orig.time=7:00AM|orig.date=1862-03-14
1862	3	14	9	58	0	-1.2	orig=-1R|orig.time=Noon|orig.date=1862-03-14
1862	3	14	11	58	0	-0.6	orig=-0.5R|orig.time=2:00PM|orig.date=1862-03-14
1862	3	14	18	58	0	-2.8	orig=-2.2R|orig.time=9:00PM|orig.date=1862-03-14
1862	3	15	4	58	0	-1.4	orig=-1.1R|orig.time=7:00AM|orig.date=1862-03-15
1862	3	15	9	58	0	1.8	orig=1.4R|orig.time=Noon|orig.date=1862-03-15
1862	3	15	11	58	0	2.2	orig=1.8R|orig.time=2:00PM|orig.date=1862-03-15
1862	3	15	18	58	0	-1.5	orig=-1.2R|orig.time=9:00PM|orig.date=1862-03-15
1862	3	16	4	58	0	-5	orig=-4R|orig.time=7:00AM|orig.date=1862-03-16
1862	3	16	9	58	0	2.4	orig=1.9R|orig.time=Noon|orig.date=1862-03-16
1862	3	16	11	58	0	4.8	orig=3.8R|orig.time=2:00PM|orig.date=1862-03-16
1862	3	16	18	58	0	0.6	orig=0.5R|orig.time=9:00PM|orig.date=1862-03-16
1862	3	17	4	58	0	-4.5	orig=-3.6R|orig.time=7:00AM|orig.date=1862-03-17
1862	3	17	9	58	0	2.4	orig=1.9R|orig.time=Noon|orig.date=1862-03-17
1862	3	17	11	58	0	4.2	orig=3.4R|orig.time=2:00PM|orig.date=1862-03-17
1862	3	17	18	58	0	-1.5	orig=-1.2R|orig.time=9:00PM|orig.date=1862-03-17
1862	3	18	4	58	0	-5.6	orig=-4.5R|orig.time=7:00AM|orig.date=1862-03-18
1862	3	18	9	58	0	3.1	orig=2.5R|orig.time=Noon|orig.date=1862-03-18
1862	3	18	11	58	0	3	orig=2.4R|orig.time=2:00PM|orig.date=1862-03-18
1862	3	18	18	58	0	-2.8	orig=-2.2R|orig.time=9:00PM|orig.date=1862-03-18
1862	3	19	4	58	0	-3.1	orig=-2.5R|orig.time=7:00AM|orig.date=1862-03-19
1862	3	19	9	58	0	3.2	orig=2.6R|orig.time=Noon|orig.date=1862-03-19
1862	3	19	11	58	0	4	orig=3.2R|orig.time=2:00PM|orig.date=1862-03-19
1862	3	19	18	58	0	1	orig=0.8R|orig.time=9:00PM|orig.date=1862-03-19
1862	3	20	4	58	0	0.8	orig=0.6R|orig.time=7:00AM|orig.date=1862-03-20
1862	3	20	9	58	0	5	orig=4R|orig.time=Noon|orig.date=1862-03-20
1862	3	20	11	58	0	6	orig=4.8R|orig.time=2:00PM|orig.date=1862-03-20
1862	3	20	18	58	0	2.1	orig=1.7R|orig.time=9:00PM|orig.date=1862-03-20
1862	3	21	4	58	0	2.5	orig=2R|orig.time=7:00AM|orig.date=1862-03-21
1862	3	21	9	58	0	6.2	orig=5R|orig.time=Noon|orig.date=1862-03-21
1862	3	21	11	58	0	7	orig=5.6R|orig.time=2:00PM|orig.date=1862-03-21
1862	3	21	18	58	0	2.6	orig=2.1R|orig.time=9:00PM|orig.date=1862-03-21
1862	3	22	4	58	0	2.1	orig=1.7R|orig.time=7:00AM|orig.date=1862-03-22
1862	3	22	9	58	0	10.2	orig=8.2R|orig.time=Noon|orig.date=1862-03-22
1862	3	22	11	58	0	11.5	orig=9.2R|orig.time=2:00PM|orig.date=1862-03-22
1862	3	22	18	58	0	6.4	orig=5.1R|orig.time=9:00PM|orig.date=1862-03-22
1862	3	23	4	58	0	3.2	orig=2.6R|orig.time=7:00AM|orig.date=1862-03-23
1862	3	23	9	58	0	9.1	orig=7.3R|orig.time=Noon|orig.date=1862-03-23
1862	3	23	11	58	0	10.1	orig=8.1R|orig.time=2:00PM|orig.date=1862-03-23
1862	3	23	18	58	0	3.2	orig=2.6R|orig.time=9:00PM|orig.date=1862-03-23
1862	3	24	4	58	0	-4.1	orig=-3.3R|orig.time=7:00AM|orig.date=1862-03-24
1862	3	24	9	58	0	-0.6	orig=-0.5R|orig.time=Noon|orig.date=1862-03-24
1862	3	24	11	58	0	2.2	orig=1.8R|orig.time=2:00PM|orig.date=1862-03-24
1862	3	24	18	58	0	-1.8	orig=-1.4R|orig.time=9:00PM|orig.date=1862-03-24
1862	3	25	4	58	0	-0.8	orig=-0.6R|orig.time=7:00AM|orig.date=1862-03-25
1862	3	25	9	58	0	3	orig=2.4R|orig.time=Noon|orig.date=1862-03-25
1862	3	25	11	58	0	4	orig=3.2R|orig.time=2:00PM|orig.date=1862-03-25
1862	3	25	18	58	0	-0.1	orig=-0.1R|orig.time=9:00PM|orig.date=1862-03-25
1862	3	26	4	58	0	2.2	orig=1.8R|orig.time=7:00AM|orig.date=1862-03-26
1862	3	26	9	58	0	10.2	orig=8.2R|orig.time=Noon|orig.date=1862-03-26
1862	3	26	11	58	0	10.2	orig=8.2R|orig.time=2:00PM|orig.date=1862-03-26
1862	3	26	18	58	0	6.2	orig=5R|orig.time=9:00PM|orig.date=1862-03-26
1862	3	27	4	58	0	5.4	orig=4.3R|orig.time=7:00AM|orig.date=1862-03-27
1862	3	27	9	58	0	9.8	orig=7.8R|orig.time=Noon|orig.date=1862-03-27
1862	3	27	11	58	0	8.5	orig=6.8R|orig.time=2:00PM|orig.date=1862-03-27
1862	3	27	18	58	0	5.1	orig=4.1R|orig.time=9:00PM|orig.date=1862-03-27
1862	3	28	4	58	0	4	orig=3.2R|orig.time=7:00AM|orig.date=1862-03-28
1862	3	28	9	58	0	6.8	orig=5.4R|orig.time=Noon|orig.date=1862-03-28
1862	3	28	11	58	0	9.2	orig=7.4R|orig.time=2:00PM|orig.date=1862-03-28
1862	3	28	18	58	0	7.4	orig=5.9R|orig.time=9:00PM|orig.date=1862-03-28
1862	3	29	4	58	0	5.2	orig=4.2R|orig.time=7:00AM|orig.date=1862-03-29
1862	3	29	9	58	0	13	orig=10.4R|orig.time=Noon|orig.date=1862-03-29
1862	3	29	11	58	0	17	orig=13.6R|orig.time=2:00PM|orig.date=1862-03-29
1862	3	29	18	58	0	10.9	orig=8.7R|orig.time=9:00PM|orig.date=1862-03-29
1862	3	30	4	58	0	9	orig=7.2R|orig.time=7:00AM|orig.date=1862-03-30
1862	3	30	9	58	0	21.1	orig=16.9R|orig.time=Noon|orig.date=1862-03-30
1862	3	30	11	58	0	20.5	orig=16.4R|orig.time=2:00PM|orig.date=1862-03-30
1862	3	30	18	58	0	13.8	orig=11R|orig.time=9:00PM|orig.date=1862-03-30
1862	3	31	4	58	0	8.5	orig=6.8R|orig.time=7:00AM|orig.date=1862-03-31
1862	3	31	9	58	0	20.5	orig=16.4R|orig.time=Noon|orig.date=1862-03-31
1862	3	31	11	58	0	21.2	orig=17R|orig.time=2:00PM|orig.date=1862-03-31
1862	3	31	18	58	0	13	orig=10.4R|orig.time=9:00PM|orig.date=1862-03-31
1862	4	1	4	58	0	8.1	orig=6.5R|orig.time=7:00AM|orig.date=1862-04-01
1862	4	1	9	58	0	13.5	orig=10.8R|orig.time=Noon|orig.date=1862-04-01
1862	4	1	11	58	0	13.6	orig=10.9R|orig.time=2:00PM|orig.date=1862-04-01
1862	4	1	18	58	0	9.2	orig=7.4R|orig.time=9:00PM|orig.date=1862-04-01
1862	4	2	4	58	0	6.9	orig=5.5R|orig.time=7:00AM|orig.date=1862-04-02
1862	4	2	9	58	0	7.5	orig=6R|orig.time=Noon|orig.date=1862-04-02
1862	4	2	11	58	0	12.5	orig=10R|orig.time=2:00PM|orig.date=1862-04-02
1862	4	2	18	58	0	6.2	orig=5R|orig.time=9:00PM|orig.date=1862-04-02
1862	4	3	4	58	0	5.2	orig=4.2R|orig.time=7:00AM|orig.date=1862-04-03
1862	4	3	9	58	0	5.2	orig=4.2R|orig.time=Noon|orig.date=1862-04-03
1862	4	3	11	58	0	5.5	orig=4.4R|orig.time=2:00PM|orig.date=1862-04-03
1862	4	3	18	58	0	3.2	orig=2.6R|orig.time=9:00PM|orig.date=1862-04-03
1862	4	4	4	58	0	3	orig=2.4R|orig.time=7:00AM|orig.date=1862-04-04
1862	4	4	9	58	0	6.5	orig=5.2R|orig.time=Noon|orig.date=1862-04-04
1862	4	4	11	58	0	7	orig=5.6R|orig.time=2:00PM|orig.date=1862-04-04
1862	4	4	18	58	0	1.2	orig=1R|orig.time=9:00PM|orig.date=1862-04-04
1862	4	5	4	58	0	3.4	orig=2.7R|orig.time=7:00AM|orig.date=1862-04-05
1862	4	5	9	58	0	6.8	orig=5.4R|orig.time=Noon|orig.date=1862-04-05
1862	4	5	11	58	0	7.8	orig=6.2R|orig.time=2:00PM|orig.date=1862-04-05
1862	4	5	18	58	0	6.4	orig=5.1R|orig.time=9:00PM|orig.date=1862-04-05
1862	4	6	4	58	0	6	orig=4.8R|orig.time=7:00AM|orig.date=1862-04-06
1862	4	6	9	58	0	12.9	orig=10.3R|orig.time=Noon|orig.date=1862-04-06
1862	4	6	11	58	0	13.8	orig=11R|orig.time=2:00PM|orig.date=1862-04-06
1862	4	6	18	58	0	6.5	orig=5.2R|orig.time=9:00PM|orig.date=1862-04-06
1862	4	7	4	58	0	7.5	orig=6R|orig.time=7:00AM|orig.date=1862-04-07
1862	4	7	9	58	0	16	orig=12.8R|orig.time=Noon|orig.date=1862-04-07
1862	4	7	11	58	0	17.2	orig=13.8R|orig.time=2:00PM|orig.date=1862-04-07
1862	4	7	18	58	0	11.2	orig=9R|orig.time=9:00PM|orig.date=1862-04-07
1862	4	8	4	58	0	2.6	orig=2.1R|orig.time=7:00AM|orig.date=1862-04-08
1862	4	8	9	58	0	6.9	orig=5.5R|orig.time=Noon|orig.date=1862-04-08
1862	4	8	11	58	0	8	orig=6.4R|orig.time=2:00PM|orig.date=1862-04-08
1862	4	8	18	58	0	2.6	orig=2.1R|orig.time=9:00PM|orig.date=1862-04-08
1862	4	9	4	58	0	0.5	orig=0.4R|orig.time=7:00AM|orig.date=1862-04-09
1862	4	9	9	58	0	6.1	orig=4.9R|orig.time=Noon|orig.date=1862-04-09
1862	4	9	11	58	0	7.8	orig=6.2R|orig.time=2:00PM|orig.date=1862-04-09
1862	4	9	18	58	0	3.4	orig=2.7R|orig.time=9:00PM|orig.date=1862-04-09
1862	4	10	4	58	0	2	orig=1.6R|orig.time=7:00AM|orig.date=1862-04-10
1862	4	10	9	58	0	11	orig=8.8R|orig.time=Noon|orig.date=1862-04-10
1862	4	10	11	58	0	11.4	orig=9.1R|orig.time=2:00PM|orig.date=1862-04-10
1862	4	10	18	58	0	8	orig=6.4R|orig.time=9:00PM|orig.date=1862-04-10
1862	4	11	4	58	0	1.2	orig=1R|orig.time=7:00AM|orig.date=1862-04-11
1862	4	11	9	58	0	5.8	orig=4.6R|orig.time=Noon|orig.date=1862-04-11
1862	4	11	11	58	0	7	orig=5.6R|orig.time=2:00PM|orig.date=1862-04-11
1862	4	11	18	58	0	2.8	orig=2.2R|orig.time=9:00PM|orig.date=1862-04-11
1862	4	12	4	58	0	0.2	orig=0.2R|orig.time=7:00AM|orig.date=1862-04-12
1862	4	12	9	58	0	9.9	orig=7.9R|orig.time=Noon|orig.date=1862-04-12
1862	4	12	11	58	0	11	orig=8.8R|orig.time=2:00PM|orig.date=1862-04-12
1862	4	12	18	58	0	7	orig=5.6R|orig.time=9:00PM|orig.date=1862-04-12
1862	4	13	4	58	0	7.5	orig=6R|orig.time=7:00AM|orig.date=1862-04-13
1862	4	13	9	58	0	15.5	orig=12.4R|orig.time=Noon|orig.date=1862-04-13
1862	4	13	11	58	0	16.6	orig=13.3R|orig.time=2:00PM|orig.date=1862-04-13
1862	4	13	18	58	0	11.2	orig=9R|orig.time=9:00PM|orig.date=1862-04-13
1862	4	14	4	58	0	8.1	orig=6.5R|orig.time=7:00AM|orig.date=1862-04-14
1862	4	14	9	58	0	14.5	orig=11.6R|orig.time=Noon|orig.date=1862-04-14
1862	4	14	11	58	0	15	orig=12R|orig.time=2:00PM|orig.date=1862-04-14
1862	4	14	18	58	0	11.9	orig=9.5R|orig.time=9:00PM|orig.date=1862-04-14
1862	4	15	4	58	0	3.9	orig=3.1R|orig.time=7:00AM|orig.date=1862-04-15
1862	4	15	9	58	0	4.1	orig=3.3R|orig.time=Noon|orig.date=1862-04-15
1862	4	15	11	58	0	4.8	orig=3.8R|orig.time=2:00PM|orig.date=1862-04-15
1862	4	15	18	58	0	4.8	orig=3.8R|orig.time=9:00PM|orig.date=1862-04-15
1862	4	16	4	58	0	4	orig=3.2R|orig.time=7:00AM|orig.date=1862-04-16
1862	4	16	9	58	0	4.2	orig=3.4R|orig.time=Noon|orig.date=1862-04-16
1862	4	16	11	58	0	3.9	orig=3.1R|orig.time=2:00PM|orig.date=1862-04-16
1862	4	16	18	58	0	1.8	orig=1.4R|orig.time=9:00PM|orig.date=1862-04-16
1862	4	17	4	58	0	2.9	orig=2.3R|orig.time=7:00AM|orig.date=1862-04-17
1862	4	17	9	58	0	7.9	orig=6.3R|orig.time=Noon|orig.date=1862-04-17
1862	4	17	11	58	0	8.9	orig=7.1R|orig.time=2:00PM|orig.date=1862-04-17
1862	4	17	18	58	0	3.2	orig=2.6R|orig.time=9:00PM|orig.date=1862-04-17
1862	4	18	4	58	0	0.5	orig=0.4R|orig.time=7:00AM|orig.date=1862-04-18
1862	4	18	9	58	0	7	orig=5.6R|orig.time=Noon|orig.date=1862-04-18
1862	4	18	11	58	0	7	orig=5.6R|orig.time=2:00PM|orig.date=1862-04-18
1862	4	18	18	58	0	3.9	orig=3.1R|orig.time=9:00PM|orig.date=1862-04-18
1862	4	19	4	58	0	2.5	orig=2R|orig.time=7:00AM|orig.date=1862-04-19
1862	4	19	9	58	0	8	orig=6.4R|orig.time=Noon|orig.date=1862-04-19
1862	4	19	11	58	0	8.9	orig=7.1R|orig.time=2:00PM|orig.date=1862-04-19
1862	4	19	18	58	0	3.5	orig=2.8R|orig.time=9:00PM|orig.date=1862-04-19
1862	4	20	4	58	0	4.2	orig=3.4R|orig.time=7:00AM|orig.date=1862-04-20
1862	4	20	9	58	0	12.4	orig=9.9R|orig.time=Noon|orig.date=1862-04-20
1862	4	20	11	58	0	13.8	orig=11R|orig.time=2:00PM|orig.date=1862-04-20
1862	4	20	18	58	0	8.2	orig=6.6R|orig.time=9:00PM|orig.date=1862-04-20
1862	4	21	4	58	0	9.5	orig=7.6R|orig.time=7:00AM|orig.date=1862-04-21
1862	4	21	9	58	0	12.4	orig=9.9R|orig.time=Noon|orig.date=1862-04-21
1862	4	21	11	58	0	12.8	orig=10.2R|orig.time=2:00PM|orig.date=1862-04-21
1862	4	21	18	58	0	7.2	orig=5.8R|orig.time=9:00PM|orig.date=1862-04-21
1862	4	22	4	58	0	7.2	orig=5.8R|orig.time=7:00AM|orig.date=1862-04-22
1862	4	22	9	58	0	15.5	orig=12.4R|orig.time=Noon|orig.date=1862-04-22
1862	4	22	11	58	0	9.5	orig=7.6R|orig.time=2:00PM|orig.date=1862-04-22
1862	4	22	18	58	0	7	orig=5.6R|orig.time=9:00PM|orig.date=1862-04-22
1862	4	23	4	58	0	5	orig=4R|orig.time=7:00AM|orig.date=1862-04-23
1862	4	23	9	58	0	14.2	orig=11.4R|orig.time=Noon|orig.date=1862-04-23
1862	4	23	11	58	0	16.1	orig=12.9R|orig.time=2:00PM|orig.date=1862-04-23
1862	4	23	18	58	0	11.5	orig=9.2R|orig.time=9:00PM|orig.date=1862-04-23
1862	4	24	4	58	0	10	orig=8R|orig.time=7:00AM|orig.date=1862-04-24
1862	4	24	9	58	0	9.8	orig=7.8R|orig.time=Noon|orig.date=1862-04-24
1862	4	24	11	58	0	11.8	orig=9.4R|orig.time=2:00PM|orig.date=1862-04-24
1862	4	24	18	58	0	9.4	orig=7.5R|orig.time=9:00PM|orig.date=1862-04-24
1862	4	25	4	58	0	8.5	orig=6.8R|orig.time=7:00AM|orig.date=1862-04-25
1862	4	25	9	58	0	8.8	orig=7R|orig.time=Noon|orig.date=1862-04-25
1862	4	25	11	58	0	10.2	orig=8.2R|orig.time=2:00PM|orig.date=1862-04-25
1862	4	25	18	58	0	8.5	orig=6.8R|orig.time=9:00PM|orig.date=1862-04-25
1862	4	26	4	58	0	6.5	orig=5.2R|orig.time=7:00AM|orig.date=1862-04-26
1862	4	26	9	58	0	9.1	orig=7.3R|orig.time=Noon|orig.date=1862-04-26
1862	4	26	11	58	0	11	orig=8.8R|orig.time=2:00PM|orig.date=1862-04-26
1862	4	26	18	58	0	8.5	orig=6.8R|orig.time=9:00PM|orig.date=1862-04-26
1862	4	27	4	58	0	8.6	orig=6.9R|orig.time=7:00AM|orig.date=1862-04-27
1862	4	27	9	58	0	13.6	orig=10.9R|orig.time=Noon|orig.date=1862-04-27
1862	4	27	11	58	0	13.9	orig=11.1R|orig.time=2:00PM|orig.date=1862-04-27
1862	4	27	18	58	0	11.5	orig=9.2R|orig.time=9:00PM|orig.date=1862-04-27
1862	4	28	4	58	0	12	orig=9.6R|orig.time=7:00AM|orig.date=1862-04-28
1862	4	28	9	58	0	13.1	orig=10.5R|orig.time=Noon|orig.date=1862-04-28
1862	4	28	11	58	0	14.8	orig=11.8R|orig.time=2:00PM|orig.date=1862-04-28
1862	4	28	18	58	0	9.9	orig=7.9R|orig.time=9:00PM|orig.date=1862-04-28
1862	4	29	4	58	0	7.2	orig=5.8R|orig.time=7:00AM|orig.date=1862-04-29
1862	4	29	9	58	0	10.6	orig=8.5R|orig.time=Noon|orig.date=1862-04-29
1862	4	29	11	58	0	11.2	orig=9R|orig.time=2:00PM|orig.date=1862-04-29
1862	4	29	18	58	0	9.4	orig=7.5R|orig.time=9:00PM|orig.date=1862-04-29
1862	4	30	4	58	0	6.2	orig=5R|orig.time=7:00AM|orig.date=1862-04-30
1862	4	30	9	58	0	8.8	orig=7R|orig.time=Noon|orig.date=1862-04-30
1862	4	30	11	58	0	8.6	orig=6.9R|orig.time=2:00PM|orig.date=1862-04-30
1862	5	1	4	58	0	6.4	orig=5.1R|orig.time=7:00AM|orig.date=1862-05-01
1862	5	1	9	58	0	10.5	orig=8.4R|orig.time=Noon|orig.date=1862-05-01
1862	5	1	11	58	0	10.6	orig=8.5R|orig.time=2:00PM|orig.date=1862-05-01
1862	5	1	18	58	0	7.9	orig=6.3R|orig.time=9:00PM|orig.date=1862-05-01
1862	5	2	4	58	0	8.5	orig=6.8R|orig.time=7:00AM|orig.date=1862-05-02
1862	5	2	9	58	0	14.2	orig=11.4R|orig.time=Noon|orig.date=1862-05-02
1862	5	2	11	58	0	15	orig=12R|orig.time=2:00PM|orig.date=1862-05-02
1862	5	2	18	58	0	11.9	orig=9.5R|orig.time=9:00PM|orig.date=1862-05-02
1862	5	3	4	58	0	11.5	orig=9.2R|orig.time=7:00AM|orig.date=1862-05-03
1862	5	3	9	58	0	18.5	orig=14.8R|orig.time=Noon|orig.date=1862-05-03
1862	5	3	11	58	0	19.1	orig=15.3R|orig.time=2:00PM|orig.date=1862-05-03
1862	5	3	18	58	0	14.5	orig=11.6R|orig.time=9:00PM|orig.date=1862-05-03
1862	5	4	4	58	0	14.1	orig=11.3R|orig.time=7:00AM|orig.date=1862-05-04
1862	5	4	9	58	0	22.6	orig=18.1R|orig.time=Noon|orig.date=1862-05-04
1862	5	4	11	58	0	22.5	orig=18R|orig.time=2:00PM|orig.date=1862-05-04
1862	5	4	18	58	0	18	orig=14.4R|orig.time=9:00PM|orig.date=1862-05-04
1862	5	5	4	58	0	15.2	orig=12.2R|orig.time=7:00AM|orig.date=1862-05-05
1862	5	5	9	58	0	23	orig=18.4R|orig.time=Noon|orig.date=1862-05-05
1862	5	5	11	58	0	24.1	orig=19.3R|orig.time=2:00PM|orig.date=1862-05-05
1862	5	5	18	58	0	18.2	orig=14.6R|orig.time=9:00PM|orig.date=1862-05-05
1862	5	6	4	58	0	13	orig=10.4R|orig.time=7:00AM|orig.date=1862-05-06
1862	5	6	9	58	0	13.8	orig=11R|orig.time=Noon|orig.date=1862-05-06
1862	5	6	11	58	0	11.9	orig=9.5R|orig.time=2:00PM|orig.date=1862-05-06
1862	5	6	18	58	0	10.5	orig=8.4R|orig.time=9:00PM|orig.date=1862-05-06
1862	5	7	4	58	0	7.4	orig=5.9R|orig.time=7:00AM|orig.date=1862-05-07
1862	5	7	9	58	0	14	orig=11.2R|orig.time=Noon|orig.date=1862-05-07
1862	5	7	11	58	0	15.6	orig=12.5R|orig.time=2:00PM|orig.date=1862-05-07
1862	5	7	18	58	0	11	orig=8.8R|orig.time=9:00PM|orig.date=1862-05-07
1862	5	8	4	58	0	12.8	orig=10.2R|orig.time=7:00AM|orig.date=1862-05-08
1862	5	8	9	58	0	18.5	orig=14.8R|orig.time=Noon|orig.date=1862-05-08
1862	5	8	11	58	0	18.1	orig=14.5R|orig.time=2:00PM|orig.date=1862-05-08
1862	5	8	18	58	0	13.9	orig=11.1R|orig.time=9:00PM|orig.date=1862-05-08
1862	5	9	4	58	0	14.5	orig=11.6R|orig.time=7:00AM|orig.date=1862-05-09
1862	5	9	9	58	0	19.5	orig=15.6R|orig.time=Noon|orig.date=1862-05-09
1862	5	9	11	58	0	18.8	orig=15R|orig.time=2:00PM|orig.date=1862-05-09
1862	5	9	18	58	0	14.9	orig=11.9R|orig.time=9:00PM|orig.date=1862-05-09
1862	5	10	4	58	0	14.9	orig=11.9R|orig.time=7:00AM|orig.date=1862-05-10
1862	5	10	9	58	0	25.5	orig=20.4R|orig.time=Noon|orig.date=1862-05-10
1862	5	10	11	58	0	26.9	orig=21.5R|orig.time=2:00PM|orig.date=1862-05-10
1862	5	10	18	58	0	18.8	orig=15R|orig.time=9:00PM|orig.date=1862-05-10
1862	5	11	4	58	0	17.5	orig=14R|orig.time=7:00AM|orig.date=1862-05-11
1862	5	11	9	58	0	22.5	orig=18R|orig.time=Noon|orig.date=1862-05-11
1862	5	11	11	58	0	24.1	orig=19.3R|orig.time=2:00PM|orig.date=1862-05-11
1862	5	11	18	58	0	15	orig=12R|orig.time=9:00PM|orig.date=1862-05-11
1862	5	12	4	58	0	16.8	orig=13.4R|orig.time=7:00AM|orig.date=1862-05-12
1862	5	12	9	58	0	24.2	orig=19.4R|orig.time=Noon|orig.date=1862-05-12
1862	5	12	11	58	0	19	orig=15.2R|orig.time=2:00PM|orig.date=1862-05-12
1862	5	12	18	58	0	17.5	orig=14R|orig.time=9:00PM|orig.date=1862-05-12
1862	5	13	4	58	0	16.8	orig=13.4R|orig.time=7:00AM|orig.date=1862-05-13
1862	5	13	9	58	0	23.2	orig=18.6R|orig.time=Noon|orig.date=1862-05-13
1862	5	13	11	58	0	25.4	orig=20.3R|orig.time=2:00PM|orig.date=1862-05-13
1862	5	13	18	58	0	15	orig=12R|orig.time=9:00PM|orig.date=1862-05-13
1862	5	14	4	58	0	15.9	orig=12.7R|orig.time=7:00AM|orig.date=1862-05-14
1862	5	14	9	58	0	23	orig=18.4R|orig.time=Noon|orig.date=1862-05-14
1862	5	14	11	58	0	23.4	orig=18.7R|orig.time=2:00PM|orig.date=1862-05-14
1862	5	14	18	58	0	16.6	orig=13.3R|orig.time=9:00PM|orig.date=1862-05-14
1862	5	15	4	58	0	17.4	orig=13.9R|orig.time=7:00AM|orig.date=1862-05-15
1862	5	15	9	58	0	21.9	orig=17.5R|orig.time=Noon|orig.date=1862-05-15
1862	5	15	11	58	0	20.9	orig=16.7R|orig.time=2:00PM|orig.date=1862-05-15
1862	5	15	18	58	0	14.6	orig=11.7R|orig.time=9:00PM|orig.date=1862-05-15
1862	5	16	4	58	0	14.2	orig=11.4R|orig.time=7:00AM|orig.date=1862-05-16
1862	5	16	9	58	0	16.8	orig=13.4R|orig.time=Noon|orig.date=1862-05-16
1862	5	16	11	58	0	16.8	orig=13.4R|orig.time=2:00PM|orig.date=1862-05-16
1862	5	16	18	58	0	11.8	orig=9.4R|orig.time=9:00PM|orig.date=1862-05-16
1862	5	17	4	58	0	10.5	orig=8.4R|orig.time=7:00AM|orig.date=1862-05-17
1862	5	17	9	58	0	14.8	orig=11.8R|orig.time=Noon|orig.date=1862-05-17
1862	5	17	11	58	0	15.2	orig=12.2R|orig.time=2:00PM|orig.date=1862-05-17
1862	5	17	18	58	0	11.6	orig=9.3R|orig.time=9:00PM|orig.date=1862-05-17
1862	5	18	4	58	0	11.9	orig=9.5R|orig.time=7:00AM|orig.date=1862-05-18
1862	5	18	9	58	0	18.8	orig=15R|orig.time=Noon|orig.date=1862-05-18
1862	5	18	11	58	0	18.8	orig=15R|orig.time=2:00PM|orig.date=1862-05-18
1862	5	18	18	58	0	12	orig=9.6R|orig.time=9:00PM|orig.date=1862-05-18
1862	5	19	4	58	0	14.2	orig=11.4R|orig.time=7:00AM|orig.date=1862-05-19
1862	5	19	9	58	0	17.2	orig=13.8R|orig.time=Noon|orig.date=1862-05-19
1862	5	19	11	58	0	19.5	orig=15.6R|orig.time=2:00PM|orig.date=1862-05-19
1862	5	19	18	58	0	16	orig=12.8R|orig.time=9:00PM|orig.date=1862-05-19
1862	5	20	4	58	0	15.5	orig=12.4R|orig.time=7:00AM|orig.date=1862-05-20
1862	5	20	9	58	0	20.9	orig=16.7R|orig.time=Noon|orig.date=1862-05-20
1862	5	20	11	58	0	21.9	orig=17.5R|orig.time=2:00PM|orig.date=1862-05-20
1862	5	20	18	58	0	17.2	orig=13.8R|orig.time=9:00PM|orig.date=1862-05-20
1862	5	21	4	58	0	15.8	orig=12.6R|orig.time=7:00AM|orig.date=1862-05-21
1862	5	21	9	58	0	22.5	orig=18R|orig.time=Noon|orig.date=1862-05-21
1862	5	21	11	58	0	20.4	orig=16.3R|orig.time=2:00PM|orig.date=1862-05-21
1862	5	21	18	58	0	16.4	orig=13.1R|orig.time=9:00PM|orig.date=1862-05-21
1862	5	22	4	58	0	12.8	orig=10.2R|orig.time=7:00AM|orig.date=1862-05-22
1862	5	22	9	58	0	18.5	orig=14.8R|orig.time=Noon|orig.date=1862-05-22
1862	5	22	11	58	0	19.5	orig=15.6R|orig.time=2:00PM|orig.date=1862-05-22
1862	5	22	18	58	0	14.9	orig=11.9R|orig.time=9:00PM|orig.date=1862-05-22
1862	5	23	4	58	0	16.2	orig=13R|orig.time=7:00AM|orig.date=1862-05-23
1862	5	23	9	58	0	22	orig=17.6R|orig.time=Noon|orig.date=1862-05-23
1862	5	23	11	58	0	22.5	orig=18R|orig.time=2:00PM|orig.date=1862-05-23
1862	5	23	18	58	0	14.5	orig=11.6R|orig.time=9:00PM|orig.date=1862-05-23
1862	5	24	4	58	0	13.8	orig=11R|orig.time=7:00AM|orig.date=1862-05-24
1862	5	24	9	58	0	19	orig=15.2R|orig.time=Noon|orig.date=1862-05-24
1862	5	24	11	58	0	19	orig=15.2R|orig.time=2:00PM|orig.date=1862-05-24
1862	5	24	18	58	0	15.8	orig=12.6R|orig.time=9:00PM|orig.date=1862-05-24
1862	5	25	4	58	0	10.1	orig=8.1R|orig.time=7:00AM|orig.date=1862-05-25
1862	5	25	9	58	0	15.9	orig=12.7R|orig.time=Noon|orig.date=1862-05-25
1862	5	25	11	58	0	17.9	orig=14.3R|orig.time=2:00PM|orig.date=1862-05-25
1862	5	25	18	58	0	11.6	orig=9.3R|orig.time=9:00PM|orig.date=1862-05-25
1862	5	26	4	58	0	13.5	orig=10.8R|orig.time=7:00AM|orig.date=1862-05-26
1862	5	26	9	58	0	18.8	orig=15R|orig.time=Noon|orig.date=1862-05-26
1862	5	26	11	58	0	20.8	orig=16.6R|orig.time=2:00PM|orig.date=1862-05-26
1862	5	26	18	58	0	15	orig=12R|orig.time=9:00PM|orig.date=1862-05-26
1862	5	27	4	58	0	13.5	orig=10.8R|orig.time=7:00AM|orig.date=1862-05-27
1862	5	27	9	58	0	14.1	orig=11.3R|orig.time=Noon|orig.date=1862-05-27
1862	5	27	11	58	0	15.6	orig=12.5R|orig.time=2:00PM|orig.date=1862-05-27
1862	5	27	18	58	0	10.2	orig=8.2R|orig.time=9:00PM|orig.date=1862-05-27
1862	5	28	4	58	0	13.2	orig=10.6R|orig.time=7:00AM|orig.date=1862-05-28
1862	5	28	9	58	0	17.5	orig=14R|orig.time=Noon|orig.date=1862-05-28
1862	5	28	11	58	0	17	orig=13.6R|orig.time=2:00PM|orig.date=1862-05-28
1862	5	28	18	58	0	12	orig=9.6R|orig.time=9:00PM|orig.date=1862-05-28
1862	5	29	4	58	0	11.6	orig=9.3R|orig.time=7:00AM|orig.date=1862-05-29
1862	5	29	9	58	0	14.8	orig=11.8R|orig.time=Noon|orig.date=1862-05-29
1862	5	29	11	58	0	16.5	orig=13.2R|orig.time=2:00PM|orig.date=1862-05-29
1862	5	29	18	58	0	11.2	orig=9R|orig.time=9:00PM|orig.date=1862-05-29
1862	5	30	4	58	0	11.2	orig=9R|orig.time=7:00AM|orig.date=1862-05-30
1862	5	30	9	58	0	13.5	orig=10.8R|orig.time=Noon|orig.date=1862-05-30
1862	5	30	11	58	0	14.8	orig=11.8R|orig.time=2:00PM|orig.date=1862-05-30
1862	5	30	18	58	0	12.2	orig=9.8R|orig.time=9:00PM|orig.date=1862-05-30
1862	5	31	4	58	0	12.6	orig=10.1R|orig.time=7:00AM|orig.date=1862-05-31
1862	5	31	9	58	0	15.5	orig=12.4R|orig.time=Noon|orig.date=1862-05-31
1862	5	31	11	58	0	13.2	orig=10.6R|orig.time=2:00PM|orig.date=1862-05-31
1862	5	31	18	58	0	10.5	orig=8.4R|orig.time=9:00PM|orig.date=1862-05-31
1862	6	1	4	58	0	9.6	orig=7.7R|orig.time=7:00AM|orig.date=1862-06-01
1862	6	1	9	58	0	13.1	orig=10.5R|orig.time=Noon|orig.date=1862-06-01
1862	6	1	11	58	0	14.8	orig=11.8R|orig.time=2:00PM|orig.date=1862-06-01
1862	6	1	18	58	0	12.5	orig=10R|orig.time=9:00PM|orig.date=1862-06-01
1862	6	2	4	58	0	11.5	orig=9.2R|orig.time=7:00AM|orig.date=1862-06-02
1862	6	2	9	58	0	17.2	orig=13.8R|orig.time=Noon|orig.date=1862-06-02
1862	6	2	11	58	0	17.9	orig=14.3R|orig.time=2:00PM|orig.date=1862-06-02
1862	6	2	18	58	0	14.4	orig=11.5R|orig.time=9:00PM|orig.date=1862-06-02
1862	6	3	4	58	0	15.4	orig=12.3R|orig.time=7:00AM|orig.date=1862-06-03
1862	6	3	9	58	0	22	orig=17.6R|orig.time=Noon|orig.date=1862-06-03
1862	6	3	11	58	0	23.5	orig=18.8R|orig.time=2:00PM|orig.date=1862-06-03
1862	6	3	18	58	0	16.4	orig=13.1R|orig.time=9:00PM|orig.date=1862-06-03
1862	6	4	4	58	0	14.2	orig=11.4R|orig.time=7:00AM|orig.date=1862-06-04
1862	6	4	9	58	0	21.9	orig=17.5R|orig.time=Noon|orig.date=1862-06-04
1862	6	4	11	58	0	23.5	orig=18.8R|orig.time=2:00PM|orig.date=1862-06-04
1862	6	4	18	58	0	17.4	orig=13.9R|orig.time=9:00PM|orig.date=1862-06-04
1862	6	5	4	58	0	16.2	orig=13R|orig.time=7:00AM|orig.date=1862-06-05
1862	6	5	9	58	0	20.6	orig=16.5R|orig.time=Noon|orig.date=1862-06-05
1862	6	5	11	58	0	22	orig=17.6R|orig.time=2:00PM|orig.date=1862-06-05
1862	6	5	18	58	0	17.4	orig=13.9R|orig.time=9:00PM|orig.date=1862-06-05
1862	6	6	4	58	0	16.6	orig=13.3R|orig.time=7:00AM|orig.date=1862-06-06
1862	6	6	9	58	0	24	orig=19.2R|orig.time=Noon|orig.date=1862-06-06
1862	6	6	11	58	0	25.1	orig=20.1R|orig.time=2:00PM|orig.date=1862-06-06
1862	6	6	18	58	0	18.8	orig=15R|orig.time=9:00PM|orig.date=1862-06-06
1862	6	7	4	58	0	19.1	orig=15.3R|orig.time=7:00AM|orig.date=1862-06-07
1862	6	7	9	58	0	26.6	orig=21.3R|orig.time=Noon|orig.date=1862-06-07
1862	6	7	11	58	0	27.2	orig=21.8R|orig.time=2:00PM|orig.date=1862-06-07
1862	6	7	18	58	0	21.8	orig=17.4R|orig.time=9:00PM|orig.date=1862-06-07
1862	6	8	4	58	0	22.1	orig=17.7R|orig.time=7:00AM|orig.date=1862-06-08
1862	6	8	9	58	0	31.2	orig=25R|orig.time=Noon|orig.date=1862-06-08
1862	6	8	11	58	0	33.2	orig=26.6R|orig.time=2:00PM|orig.date=1862-06-08
1862	6	8	18	58	0	24.2	orig=19.4R|orig.time=9:00PM|orig.date=1862-06-08
1862	6	9	4	58	0	23.6	orig=18.9R|orig.time=7:00AM|orig.date=1862-06-09
1862	6	9	9	58	0	31.2	orig=25R|orig.time=Noon|orig.date=1862-06-09
1862	6	9	11	58	0	31.5	orig=25.2R|orig.time=2:00PM|orig.date=1862-06-09
1862	6	9	18	58	0	22.5	orig=18R|orig.time=9:00PM|orig.date=1862-06-09
1862	6	10	4	58	0	22	orig=17.6R|orig.time=7:00AM|orig.date=1862-06-10
1862	6	10	9	58	0	31.1	orig=24.9R|orig.time=Noon|orig.date=1862-06-10
1862	6	10	11	58	0	31.6	orig=25.3R|orig.time=2:00PM|orig.date=1862-06-10
1862	6	10	18	58	0	24.5	orig=19.6R|orig.time=9:00PM|orig.date=1862-06-10
1862	6	11	4	58	0	19.2	orig=15.4R|orig.time=7:00AM|orig.date=1862-06-11
1862	6	11	9	58	0	22.9	orig=18.3R|orig.time=Noon|orig.date=1862-06-11
1862	6	11	11	58	0	23.8	orig=19R|orig.time=2:00PM|orig.date=1862-06-11
1862	6	11	18	58	0	20	orig=16R|orig.time=9:00PM|orig.date=1862-06-11
1862	6	12	4	58	0	23.1	orig=18.5R|orig.time=7:00AM|orig.date=1862-06-12
1862	6	12	9	58	0	28.5	orig=22.8R|orig.time=Noon|orig.date=1862-06-12
1862	6	12	11	58	0	29	orig=23.2R|orig.time=2:00PM|orig.date=1862-06-12
1862	6	12	18	58	0	22	orig=17.6R|orig.time=9:00PM|orig.date=1862-06-12
1862	6	13	4	58	0	21	orig=16.8R|orig.time=7:00AM|orig.date=1862-06-13
1862	6	13	9	58	0	27.1	orig=21.7R|orig.time=Noon|orig.date=1862-06-13
1862	6	13	11	58	0	27.9	orig=22.3R|orig.time=2:00PM|orig.date=1862-06-13
1862	6	13	18	58	0	21.8	orig=17.4R|orig.time=9:00PM|orig.date=1862-06-13
1862	6	14	4	58	0	22	orig=17.6R|orig.time=7:00AM|orig.date=1862-06-14
1862	6	14	9	58	0	27.6	orig=22.1R|orig.time=Noon|orig.date=1862-06-14
1862	6	14	11	58	0	29	orig=23.2R|orig.time=2:00PM|orig.date=1862-06-14
1862	6	14	18	58	0	24.8	orig=19.8R|orig.time=9:00PM|orig.date=1862-06-14
1862	6	15	4	58	0	23.5	orig=18.8R|orig.time=7:00AM|orig.date=1862-06-15
1862	6	15	9	58	0	31.5	orig=25.2R|orig.time=Noon|orig.date=1862-06-15
1862	6	15	11	58	0	33.1	orig=26.5R|orig.time=2:00PM|orig.date=1862-06-15
1862	6	15	18	58	0	19.9	orig=15.9R|orig.time=9:00PM|orig.date=1862-06-15
1862	6	16	4	58	0	20.8	orig=16.6R|orig.time=7:00AM|orig.date=1862-06-16
1862	6	16	9	58	0	23.4	orig=18.7R|orig.time=Noon|orig.date=1862-06-16
1862	6	16	11	58	0	24.2	orig=19.4R|orig.time=2:00PM|orig.date=1862-06-16
1862	6	16	18	58	0	18.2	orig=14.6R|orig.time=9:00PM|orig.date=1862-06-16
1862	6	17	4	58	0	15.6	orig=12.5R|orig.time=7:00AM|orig.date=1862-06-17
1862	6	17	9	58	0	21.1	orig=16.9R|orig.time=Noon|orig.date=1862-06-17
1862	6	17	11	58	0	21	orig=16.8R|orig.time=2:00PM|orig.date=1862-06-17
1862	6	17	18	58	0	18.9	orig=15.1R|orig.time=9:00PM|orig.date=1862-06-17
1862	6	18	4	58	0	18.2	orig=14.6R|orig.time=7:00AM|orig.date=1862-06-18
1862	6	18	9	58	0	24	orig=19.2R|orig.time=Noon|orig.date=1862-06-18
1862	6	18	11	58	0	25	orig=20R|orig.time=2:00PM|orig.date=1862-06-18
1862	6	18	18	58	0	21.2	orig=17R|orig.time=9:00PM|orig.date=1862-06-18
1862	6	19	4	58	0	19.1	orig=15.3R|orig.time=7:00AM|orig.date=1862-06-19
1862	6	19	9	58	0	27.6	orig=22.1R|orig.time=Noon|orig.date=1862-06-19
1862	6	19	11	58	0	29.8	orig=23.8R|orig.time=2:00PM|orig.date=1862-06-19
1862	6	19	18	58	0	21.8	orig=17.4R|orig.time=9:00PM|orig.date=1862-06-19
1862	6	20	4	58	0	19.8	orig=15.8R|orig.time=7:00AM|orig.date=1862-06-20
1862	6	20	9	58	0	28.2	orig=22.6R|orig.time=Noon|orig.date=1862-06-20
1862	6	20	11	58	0	31.2	orig=25R|orig.time=2:00PM|orig.date=1862-06-20
1862	6	20	18	58	0	22	orig=17.6R|orig.time=9:00PM|orig.date=1862-06-20
1862	6	21	4	58	0	18.6	orig=14.9R|orig.time=7:00AM|orig.date=1862-06-21
1862	6	21	9	58	0	14	orig=11.2R|orig.time=Noon|orig.date=1862-06-21
1862	6	21	11	58	0	14	orig=11.2R|orig.time=2:00PM|orig.date=1862-06-21
1862	6	21	18	58	0	13	orig=10.4R|orig.time=9:00PM|orig.date=1862-06-21
1862	6	22	4	58	0	14.8	orig=11.8R|orig.time=7:00AM|orig.date=1862-06-22
1862	6	22	9	58	0	23.4	orig=18.7R|orig.time=Noon|orig.date=1862-06-22
1862	6	22	11	58	0	23.8	orig=19R|orig.time=2:00PM|orig.date=1862-06-22
1862	6	22	18	58	0	16.6	orig=13.3R|orig.time=9:00PM|orig.date=1862-06-22
1862	6	23	4	58	0	16.2	orig=13R|orig.time=7:00AM|orig.date=1862-06-23
1862	6	23	9	58	0	22.4	orig=17.9R|orig.time=Noon|orig.date=1862-06-23
1862	6	23	11	58	0	21.8	orig=17.4R|orig.time=2:00PM|orig.date=1862-06-23
1862	6	23	18	58	0	16.9	orig=13.5R|orig.time=9:00PM|orig.date=1862-06-23
1862	6	24	4	58	0	17.2	orig=13.8R|orig.time=7:00AM|orig.date=1862-06-24
1862	6	24	9	58	0	22	orig=17.6R|orig.time=Noon|orig.date=1862-06-24
1862	6	24	11	58	0	21.8	orig=17.4R|orig.time=2:00PM|orig.date=1862-06-24
1862	6	24	18	58	0	14.2	orig=11.4R|orig.time=9:00PM|orig.date=1862-06-24
1862	6	25	4	58	0	13.1	orig=10.5R|orig.time=7:00AM|orig.date=1862-06-25
1862	6	25	9	58	0	15.8	orig=12.6R|orig.time=Noon|orig.date=1862-06-25
1862	6	25	11	58	0	15.2	orig=12.2R|orig.time=2:00PM|orig.date=1862-06-25
1862	6	25	18	58	0	10.2	orig=8.2R|orig.time=9:00PM|orig.date=1862-06-25
1862	6	26	4	58	0	11.6	orig=9.3R|orig.time=7:00AM|orig.date=1862-06-26
1862	6	26	9	58	0	18	orig=14.4R|orig.time=Noon|orig.date=1862-06-26
1862	6	26	11	58	0	19.6	orig=15.7R|orig.time=2:00PM|orig.date=1862-06-26
1862	6	26	18	58	0	12.5	orig=10R|orig.time=9:00PM|orig.date=1862-06-26
1862	6	27	4	58	0	12.5	orig=10R|orig.time=7:00AM|orig.date=1862-06-27
1862	6	27	9	58	0	17.9	orig=14.3R|orig.time=Noon|orig.date=1862-06-27
1862	6	27	11	58	0	18.8	orig=15R|orig.time=2:00PM|orig.date=1862-06-27
1862	6	27	18	58	0	13	orig=10.4R|orig.time=9:00PM|orig.date=1862-06-27
1862	6	28	4	58	0	14.4	orig=11.5R|orig.time=7:00AM|orig.date=1862-06-28
1862	6	28	9	58	0	20.5	orig=16.4R|orig.time=Noon|orig.date=1862-06-28
1862	6	28	11	58	0	21	orig=16.8R|orig.time=2:00PM|orig.date=1862-06-28
1862	6	28	18	58	0	17.5	orig=14R|orig.time=9:00PM|orig.date=1862-06-28
1862	6	29	4	58	0	17.5	orig=14R|orig.time=7:00AM|orig.date=1862-06-29
1862	6	29	9	58	0	24.8	orig=19.8R|orig.time=Noon|orig.date=1862-06-29
1862	6	29	11	58	0	27.4	orig=21.9R|orig.time=2:00PM|orig.date=1862-06-29
1862	6	29	18	58	0	20.5	orig=16.4R|orig.time=9:00PM|orig.date=1862-06-29
1862	6	30	4	58	0	18.8	orig=15R|orig.time=7:00AM|orig.date=1862-06-30
1862	6	30	9	58	0	28.9	orig=23.1R|orig.time=Noon|orig.date=1862-06-30
1862	6	30	11	58	0	28.5	orig=22.8R|orig.time=2:00PM|orig.date=1862-06-30
1862	6	30	18	58	0	16.2	orig=13R|orig.time=9:00PM|orig.date=1862-06-30
1862	7	1	4	58	0	20	orig=16R|orig.time=7:00AM|orig.date=1862-07-01
1862	7	1	9	58	0	26.4	orig=21.1R|orig.time=Noon|orig.date=1862-07-01
1862	7	1	11	58	0	27.8	orig=22.2R|orig.time=2:00PM|orig.date=1862-07-01
1862	7	1	18	58	0	15.5	orig=12.4R|orig.time=9:00PM|orig.date=1862-07-01
1862	7	2	4	58	0	17.5	orig=14R|orig.time=7:00AM|orig.date=1862-07-02
1862	7	2	9	58	0	21.8	orig=17.4R|orig.time=Noon|orig.date=1862-07-02
1862	7	2	11	58	0	22	orig=17.6R|orig.time=2:00PM|orig.date=1862-07-02
1862	7	2	18	58	0	16.8	orig=13.4R|orig.time=9:00PM|orig.date=1862-07-02
1862	7	3	4	58	0	15	orig=12R|orig.time=7:00AM|orig.date=1862-07-03
1862	7	3	9	58	0	22.5	orig=18R|orig.time=Noon|orig.date=1862-07-03
1862	7	3	11	58	0	23.5	orig=18.8R|orig.time=2:00PM|orig.date=1862-07-03
1862	7	3	18	58	0	18.2	orig=14.6R|orig.time=9:00PM|orig.date=1862-07-03
1862	7	4	4	58	0	18.2	orig=14.6R|orig.time=7:00AM|orig.date=1862-07-04
1862	7	4	9	58	0	25.2	orig=20.2R|orig.time=Noon|orig.date=1862-07-04
1862	7	4	11	58	0	26.5	orig=21.2R|orig.time=2:00PM|orig.date=1862-07-04
1862	7	4	18	58	0	20.6	orig=16.5R|orig.time=9:00PM|orig.date=1862-07-04
1862	7	5	4	58	0	19	orig=15.2R|orig.time=7:00AM|orig.date=1862-07-05
1862	7	5	9	58	0	23.8	orig=19R|orig.time=Noon|orig.date=1862-07-05
1862	7	5	11	58	0	22.5	orig=18R|orig.time=2:00PM|orig.date=1862-07-05
1862	7	5	18	58	0	17.2	orig=13.8R|orig.time=9:00PM|orig.date=1862-07-05
1862	7	6	4	58	0	15.4	orig=12.3R|orig.time=7:00AM|orig.date=1862-07-06
1862	7	6	9	58	0	22.5	orig=18R|orig.time=Noon|orig.date=1862-07-06
1862	7	6	11	58	0	23.5	orig=18.8R|orig.time=2:00PM|orig.date=1862-07-06
1862	7	6	18	58	0	19.2	orig=15.4R|orig.time=9:00PM|orig.date=1862-07-06
1862	7	7	4	58	0	20.5	orig=16.4R|orig.time=7:00AM|orig.date=1862-07-07
1862	7	7	9	58	0	31	orig=24.8R|orig.time=Noon|orig.date=1862-07-07
1862	7	7	11	58	0	31.6	orig=25.3R|orig.time=2:00PM|orig.date=1862-07-07
1862	7	7	18	58	0	25.5	orig=20.4R|orig.time=9:00PM|orig.date=1862-07-07
1862	7	8	4	58	0	18.6	orig=14.9R|orig.time=7:00AM|orig.date=1862-07-08
1862	7	8	9	58	0	23	orig=18.4R|orig.time=Noon|orig.date=1862-07-08
1862	7	8	11	58	0	22.5	orig=18R|orig.time=2:00PM|orig.date=1862-07-08
1862	7	8	18	58	0	20	orig=16R|orig.time=9:00PM|orig.date=1862-07-08
1862	7	9	4	58	0	19	orig=15.2R|orig.time=7:00AM|orig.date=1862-07-09
1862	7	9	9	58	0	22.9	orig=18.3R|orig.time=Noon|orig.date=1862-07-09
1862	7	9	11	58	0	22.2	orig=17.8R|orig.time=2:00PM|orig.date=1862-07-09
1862	7	9	18	58	0	15.2	orig=12.2R|orig.time=9:00PM|orig.date=1862-07-09
1862	7	10	4	58	0	12.8	orig=10.2R|orig.time=7:00AM|orig.date=1862-07-10
1862	7	10	9	58	0	16.4	orig=13.1R|orig.time=Noon|orig.date=1862-07-10
1862	7	10	11	58	0	18.5	orig=14.8R|orig.time=2:00PM|orig.date=1862-07-10
1862	7	10	18	58	0	14.8	orig=11.8R|orig.time=9:00PM|orig.date=1862-07-10
1862	7	11	4	58	0	16.5	orig=13.2R|orig.time=7:00AM|orig.date=1862-07-11
1862	7	11	9	58	0	24.5	orig=19.6R|orig.time=Noon|orig.date=1862-07-11
1862	7	11	11	58	0	26.4	orig=21.1R|orig.time=2:00PM|orig.date=1862-07-11
1862	7	11	18	58	0	19.8	orig=15.8R|orig.time=9:00PM|orig.date=1862-07-11
1862	7	12	4	58	0	18.5	orig=14.8R|orig.time=7:00AM|orig.date=1862-07-12
1862	7	12	9	58	0	27	orig=21.6R|orig.time=Noon|orig.date=1862-07-12
1862	7	12	11	58	0	28.5	orig=22.8R|orig.time=2:00PM|orig.date=1862-07-12
1862	7	12	18	58	0	17	orig=13.6R|orig.time=9:00PM|orig.date=1862-07-12
1862	7	13	4	58	0	15.5	orig=12.4R|orig.time=7:00AM|orig.date=1862-07-13
1862	7	13	9	58	0	23.2	orig=18.6R|orig.time=Noon|orig.date=1862-07-13
1862	7	13	11	58	0	23.1	orig=18.5R|orig.time=2:00PM|orig.date=1862-07-13
1862	7	13	18	58	0	16.8	orig=13.4R|orig.time=9:00PM|orig.date=1862-07-13
1862	7	14	4	58	0	17	orig=13.6R|orig.time=7:00AM|orig.date=1862-07-14
1862	7	14	9	58	0	21.5	orig=17.2R|orig.time=Noon|orig.date=1862-07-14
1862	7	14	11	58	0	21.1	orig=16.9R|orig.time=2:00PM|orig.date=1862-07-14
1862	7	14	18	58	0	18.2	orig=14.6R|orig.time=9:00PM|orig.date=1862-07-14
1862	7	15	4	58	0	18	orig=14.4R|orig.time=7:00AM|orig.date=1862-07-15
1862	7	15	9	58	0	22.2	orig=17.8R|orig.time=Noon|orig.date=1862-07-15
1862	7	15	11	58	0	22	orig=17.6R|orig.time=2:00PM|orig.date=1862-07-15
1862	7	15	18	58	0	18.2	orig=14.6R|orig.time=9:00PM|orig.date=1862-07-15
1862	7	16	4	58	0	16.9	orig=13.5R|orig.time=7:00AM|orig.date=1862-07-16
1862	7	16	9	58	0	23.2	orig=18.6R|orig.time=Noon|orig.date=1862-07-16
1862	7	16	11	58	0	24.8	orig=19.8R|orig.time=2:00PM|orig.date=1862-07-16
1862	7	16	18	58	0	21.2	orig=17R|orig.time=9:00PM|orig.date=1862-07-16
1862	7	17	4	58	0	19.2	orig=15.4R|orig.time=7:00AM|orig.date=1862-07-17
1862	7	17	9	58	0	28	orig=22.4R|orig.time=Noon|orig.date=1862-07-17
1862	7	17	11	58	0	29.2	orig=23.4R|orig.time=2:00PM|orig.date=1862-07-17
1862	7	17	18	58	0	24.8	orig=19.8R|orig.time=9:00PM|orig.date=1862-07-17
1862	7	18	4	58	0	21.5	orig=17.2R|orig.time=7:00AM|orig.date=1862-07-18
1862	7	18	9	58	0	26.5	orig=21.2R|orig.time=Noon|orig.date=1862-07-18
1862	7	18	11	58	0	26.6	orig=21.3R|orig.time=2:00PM|orig.date=1862-07-18
1862	7	18	18	58	0	21.2	orig=17R|orig.time=9:00PM|orig.date=1862-07-18
1862	7	19	4	58	0	20.2	orig=16.2R|orig.time=7:00AM|orig.date=1862-07-19
1862	7	19	9	58	0	20.5	orig=16.4R|orig.time=Noon|orig.date=1862-07-19
1862	7	19	11	58	0	17.9	orig=14.3R|orig.time=2:00PM|orig.date=1862-07-19
1862	7	19	18	58	0	19	orig=15.2R|orig.time=9:00PM|orig.date=1862-07-19
1862	7	20	4	58	0	18.5	orig=14.8R|orig.time=7:00AM|orig.date=1862-07-20
1862	7	20	9	58	0	22.5	orig=18R|orig.time=Noon|orig.date=1862-07-20
1862	7	20	11	58	0	24	orig=19.2R|orig.time=2:00PM|orig.date=1862-07-20
1862	7	20	18	58	0	21.2	orig=17R|orig.time=9:00PM|orig.date=1862-07-20
1862	7	21	4	58	0	19	orig=15.2R|orig.time=7:00AM|orig.date=1862-07-21
1862	7	21	9	58	0	22.1	orig=17.7R|orig.time=Noon|orig.date=1862-07-21
1862	7	21	11	58	0	23	orig=18.4R|orig.time=2:00PM|orig.date=1862-07-21
1862	7	21	18	58	0	18.2	orig=14.6R|orig.time=9:00PM|orig.date=1862-07-21
1862	7	22	4	58	0	12.2	orig=9.8R|orig.time=7:00AM|orig.date=1862-07-22
1862	7	22	9	58	0	17.9	orig=14.3R|orig.time=Noon|orig.date=1862-07-22
1862	7	22	11	58	0	18.8	orig=15R|orig.time=2:00PM|orig.date=1862-07-22
1862	7	22	18	58	0	14	orig=11.2R|orig.time=9:00PM|orig.date=1862-07-22
1862	7	23	4	58	0	12.5	orig=10R|orig.time=7:00AM|orig.date=1862-07-23
1862	7	23	9	58	0	19.2	orig=15.4R|orig.time=Noon|orig.date=1862-07-23
1862	7	23	11	58	0	20.4	orig=16.3R|orig.time=2:00PM|orig.date=1862-07-23
1862	7	23	18	58	0	14.8	orig=11.8R|orig.time=9:00PM|orig.date=1862-07-23
1862	7	24	4	58	0	16	orig=12.8R|orig.time=7:00AM|orig.date=1862-07-24
1862	7	24	9	58	0	23.5	orig=18.8R|orig.time=Noon|orig.date=1862-07-24
1862	7	24	11	58	0	25.2	orig=20.2R|orig.time=2:00PM|orig.date=1862-07-24
1862	7	24	18	58	0	15	orig=12R|orig.time=9:00PM|orig.date=1862-07-24
1862	7	25	4	58	0	15.5	orig=12.4R|orig.time=7:00AM|orig.date=1862-07-25
1862	7	25	9	58	0	21.2	orig=17R|orig.time=Noon|orig.date=1862-07-25
1862	7	25	11	58	0	22.2	orig=17.8R|orig.time=2:00PM|orig.date=1862-07-25
1862	7	25	18	58	0	19.5	orig=15.6R|orig.time=9:00PM|orig.date=1862-07-25
1862	7	26	4	58	0	20.6	orig=16.5R|orig.time=7:00AM|orig.date=1862-07-26
1862	7	26	9	58	0	24.5	orig=19.6R|orig.time=Noon|orig.date=1862-07-26
1862	7	26	11	58	0	24.2	orig=19.4R|orig.time=2:00PM|orig.date=1862-07-26
1862	7	26	18	58	0	19.2	orig=15.4R|orig.time=9:00PM|orig.date=1862-07-26
1862	7	27	4	58	0	17	orig=13.6R|orig.time=7:00AM|orig.date=1862-07-27
1862	7	27	9	58	0	21.5	orig=17.2R|orig.time=Noon|orig.date=1862-07-27
1862	7	27	11	58	0	23	orig=18.4R|orig.time=2:00PM|orig.date=1862-07-27
1862	7	27	18	58	0	18.5	orig=14.8R|orig.time=9:00PM|orig.date=1862-07-27
1862	7	28	4	58	0	15.2	orig=12.2R|orig.time=7:00AM|orig.date=1862-07-28
1862	7	28	9	58	0	25.8	orig=20.6R|orig.time=Noon|orig.date=1862-07-28
1862	7	28	11	58	0	26.6	orig=21.3R|orig.time=2:00PM|orig.date=1862-07-28
1862	7	28	18	58	0	21	orig=16.8R|orig.time=9:00PM|orig.date=1862-07-28
1862	7	29	4	58	0	21.8	orig=17.4R|orig.time=7:00AM|orig.date=1862-07-29
1862	7	29	9	58	0	30.8	orig=24.6R|orig.time=Noon|orig.date=1862-07-29
1862	7	29	11	58	0	31.5	orig=25.2R|orig.time=2:00PM|orig.date=1862-07-29
1862	7	29	18	58	0	24.8	orig=19.8R|orig.time=9:00PM|orig.date=1862-07-29
1862	7	30	4	58	0	24.2	orig=19.4R|orig.time=7:00AM|orig.date=1862-07-30
1862	7	30	9	58	0	32.8	orig=26.2R|orig.time=Noon|orig.date=1862-07-30
1862	7	30	11	58	0	33.8	orig=27R|orig.time=2:00PM|orig.date=1862-07-30
1862	7	30	18	58	0	25.4	orig=20.3R|orig.time=9:00PM|orig.date=1862-07-30
1862	7	31	4	58	0	22.6	orig=18.1R|orig.time=7:00AM|orig.date=1862-07-31
1862	7	31	9	58	0	34	orig=27.2R|orig.time=Noon|orig.date=1862-07-31
1862	7	31	11	58	0	34.2	orig=27.4R|orig.time=2:00PM|orig.date=1862-07-31
1862	7	31	18	58	0	25.8	orig=20.6R|orig.time=9:00PM|orig.date=1862-07-31
1862	8	1	4	58	0	20.2	orig=16.2R|orig.time=7:00AM|orig.date=1862-08-01
1862	8	1	9	58	0	20.4	orig=16.3R|orig.time=Noon|orig.date=1862-08-01
1862	8	1	11	58	0	21.2	orig=17R|orig.time=2:00PM|orig.date=1862-08-01
1862	8	1	18	58	0	17	orig=13.6R|orig.time=9:00PM|orig.date=1862-08-01
1862	8	2	4	58	0	17.2	orig=13.8R|orig.time=7:00AM|orig.date=1862-08-02
1862	8	2	9	58	0	22	orig=17.6R|orig.time=Noon|orig.date=1862-08-02
1862	8	2	11	58	0	23.8	orig=19R|orig.time=2:00PM|orig.date=1862-08-02
1862	8	2	18	58	0	19.8	orig=15.8R|orig.time=9:00PM|orig.date=1862-08-02
1862	8	3	4	58	0	21	orig=16.8R|orig.time=7:00AM|orig.date=1862-08-03
1862	8	3	9	58	0	29.5	orig=23.6R|orig.time=Noon|orig.date=1862-08-03
1862	8	3	11	58	0	30.5	orig=24.4R|orig.time=2:00PM|orig.date=1862-08-03
1862	8	3	18	58	0	24.8	orig=19.8R|orig.time=9:00PM|orig.date=1862-08-03
1862	8	4	4	58	0	22.2	orig=17.8R|orig.time=7:00AM|orig.date=1862-08-04
1862	8	4	9	58	0	30	orig=24R|orig.time=Noon|orig.date=1862-08-04
1862	8	4	11	58	0	30.4	orig=24.3R|orig.time=2:00PM|orig.date=1862-08-04
1862	8	4	18	58	0	18.4	orig=14.7R|orig.time=9:00PM|orig.date=1862-08-04
1862	8	5	4	58	0	15.9	orig=12.7R|orig.time=7:00AM|orig.date=1862-08-05
1862	8	5	9	58	0	20.9	orig=16.7R|orig.time=Noon|orig.date=1862-08-05
1862	8	5	11	58	0	20.4	orig=16.3R|orig.time=2:00PM|orig.date=1862-08-05
1862	8	5	18	58	0	16.8	orig=13.4R|orig.time=9:00PM|orig.date=1862-08-05
1862	8	6	4	58	0	14.5	orig=11.6R|orig.time=7:00AM|orig.date=1862-08-06
1862	8	6	9	58	0	19.9	orig=15.9R|orig.time=Noon|orig.date=1862-08-06
1862	8	6	11	58	0	20.8	orig=16.6R|orig.time=2:00PM|orig.date=1862-08-06
1862	8	6	18	58	0	18.4	orig=14.7R|orig.time=9:00PM|orig.date=1862-08-06
1862	8	7	4	58	0	15.8	orig=12.6R|orig.time=7:00AM|orig.date=1862-08-07
1862	8	7	9	58	0	24.9	orig=19.9R|orig.time=Noon|orig.date=1862-08-07
1862	8	7	11	58	0	26	orig=20.8R|orig.time=2:00PM|orig.date=1862-08-07
1862	8	7	18	58	0	19.8	orig=15.8R|orig.time=9:00PM|orig.date=1862-08-07
1862	8	8	4	58	0	15.9	orig=12.7R|orig.time=7:00AM|orig.date=1862-08-08
1862	8	8	9	58	0	27	orig=21.6R|orig.time=Noon|orig.date=1862-08-08
1862	8	8	11	58	0	29	orig=23.2R|orig.time=2:00PM|orig.date=1862-08-08
1862	8	8	18	58	0	21.5	orig=17.2R|orig.time=9:00PM|orig.date=1862-08-08
1862	8	9	4	58	0	20.2	orig=16.2R|orig.time=7:00AM|orig.date=1862-08-09
1862	8	9	9	58	0	30	orig=24R|orig.time=Noon|orig.date=1862-08-09
1862	8	9	11	58	0	30.5	orig=24.4R|orig.time=2:00PM|orig.date=1862-08-09
1862	8	9	18	58	0	21.6	orig=17.3R|orig.time=9:00PM|orig.date=1862-08-09
1862	8	10	4	58	0	18.5	orig=14.8R|orig.time=7:00AM|orig.date=1862-08-10
1862	8	10	9	58	0	28.8	orig=23R|orig.time=Noon|orig.date=1862-08-10
1862	8	10	11	58	0	29.5	orig=23.6R|orig.time=2:00PM|orig.date=1862-08-10
1862	8	10	18	58	0	21	orig=16.8R|orig.time=9:00PM|orig.date=1862-08-10
1862	8	11	4	58	0	19.2	orig=15.4R|orig.time=7:00AM|orig.date=1862-08-11
1862	8	11	9	58	0	29.4	orig=23.5R|orig.time=Noon|orig.date=1862-08-11
1862	8	11	11	58	0	29.8	orig=23.8R|orig.time=2:00PM|orig.date=1862-08-11
1862	8	11	18	58	0	22.5	orig=18R|orig.time=9:00PM|orig.date=1862-08-11
1862	8	12	4	58	0	20.2	orig=16.2R|orig.time=7:00AM|orig.date=1862-08-12
1862	8	12	9	58	0	27.1	orig=21.7R|orig.time=Noon|orig.date=1862-08-12
1862	8	12	11	58	0	28.8	orig=23R|orig.time=2:00PM|orig.date=1862-08-12
1862	8	12	18	58	0	21.2	orig=17R|orig.time=9:00PM|orig.date=1862-08-12
1862	8	13	4	58	0	16.2	orig=13R|orig.time=7:00AM|orig.date=1862-08-13
1862	8	13	9	58	0	18.4	orig=14.7R|orig.time=Noon|orig.date=1862-08-13
1862	8	13	11	58	0	19.8	orig=15.8R|orig.time=2:00PM|orig.date=1862-08-13
1862	8	13	18	58	0	13.4	orig=10.7R|orig.time=9:00PM|orig.date=1862-08-13
1862	8	14	4	58	0	13	orig=10.4R|orig.time=7:00AM|orig.date=1862-08-14
1862	8	14	9	58	0	11.4	orig=9.1R|orig.time=Noon|orig.date=1862-08-14
1862	8	14	11	58	0	11.5	orig=9.2R|orig.time=2:00PM|orig.date=1862-08-14
1862	8	14	18	58	0	13.2	orig=10.6R|orig.time=9:00PM|orig.date=1862-08-14
1862	8	15	4	58	0	12.5	orig=10R|orig.time=7:00AM|orig.date=1862-08-15
1862	8	15	9	58	0	19	orig=15.2R|orig.time=Noon|orig.date=1862-08-15
1862	8	15	11	58	0	20	orig=16R|orig.time=2:00PM|orig.date=1862-08-15
1862	8	15	18	58	0	15.5	orig=12.4R|orig.time=9:00PM|orig.date=1862-08-15
1862	8	16	4	58	0	15.6	orig=12.5R|orig.time=7:00AM|orig.date=1862-08-16
1862	8	16	9	58	0	19.9	orig=15.9R|orig.time=Noon|orig.date=1862-08-16
1862	8	16	11	58	0	16.8	orig=13.4R|orig.time=2:00PM|orig.date=1862-08-16
1862	8	16	18	58	0	17.4	orig=13.9R|orig.time=9:00PM|orig.date=1862-08-16
1862	8	17	4	58	0	15.6	orig=12.5R|orig.time=7:00AM|orig.date=1862-08-17
1862	8	17	9	58	0	23	orig=18.4R|orig.time=Noon|orig.date=1862-08-17
1862	8	17	11	58	0	24.6	orig=19.7R|orig.time=2:00PM|orig.date=1862-08-17
1862	8	17	18	58	0	17.8	orig=14.2R|orig.time=9:00PM|orig.date=1862-08-17
1862	8	18	4	58	0	17.8	orig=14.2R|orig.time=7:00AM|orig.date=1862-08-18
1862	8	18	9	58	0	25.4	orig=20.3R|orig.time=Noon|orig.date=1862-08-18
1862	8	18	11	58	0	25.9	orig=20.7R|orig.time=2:00PM|orig.date=1862-08-18
1862	8	18	18	58	0	18.4	orig=14.7R|orig.time=9:00PM|orig.date=1862-08-18
1862	8	19	4	58	0	15.8	orig=12.6R|orig.time=7:00AM|orig.date=1862-08-19
1862	8	19	9	58	0	26.1	orig=20.9R|orig.time=Noon|orig.date=1862-08-19
1862	8	19	11	58	0	27.2	orig=21.8R|orig.time=2:00PM|orig.date=1862-08-19
1862	8	19	18	58	0	19.5	orig=15.6R|orig.time=9:00PM|orig.date=1862-08-19
1862	8	20	4	58	0	17.8	orig=14.2R|orig.time=7:00AM|orig.date=1862-08-20
1862	8	20	9	58	0	24.5	orig=19.6R|orig.time=Noon|orig.date=1862-08-20
1862	8	20	11	58	0	24.8	orig=19.8R|orig.time=2:00PM|orig.date=1862-08-20
1862	8	20	18	58	0	20	orig=16R|orig.time=9:00PM|orig.date=1862-08-20
1862	8	21	4	58	0	16	orig=12.8R|orig.time=7:00AM|orig.date=1862-08-21
1862	8	21	9	58	0	21	orig=16.8R|orig.time=Noon|orig.date=1862-08-21
1862	8	21	11	58	0	22	orig=17.6R|orig.time=2:00PM|orig.date=1862-08-21
1862	8	21	18	58	0	19	orig=15.2R|orig.time=9:00PM|orig.date=1862-08-21
1862	8	22	4	58	0	16.5	orig=13.2R|orig.time=7:00AM|orig.date=1862-08-22
1862	8	22	9	58	0	23.4	orig=18.7R|orig.time=Noon|orig.date=1862-08-22
1862	8	22	11	58	0	24	orig=19.2R|orig.time=2:00PM|orig.date=1862-08-22
1862	8	22	18	58	0	20.2	orig=16.2R|orig.time=9:00PM|orig.date=1862-08-22
1862	8	23	4	58	0	19	orig=15.2R|orig.time=7:00AM|orig.date=1862-08-23
1862	8	23	9	58	0	25.8	orig=20.6R|orig.time=Noon|orig.date=1862-08-23
1862	8	23	11	58	0	27	orig=21.6R|orig.time=2:00PM|orig.date=1862-08-23
1862	8	23	18	58	0	22.8	orig=18.2R|orig.time=9:00PM|orig.date=1862-08-23
1862	8	24	4	58	0	20.5	orig=16.4R|orig.time=7:00AM|orig.date=1862-08-24
1862	8	24	9	58	0	26.8	orig=21.4R|orig.time=Noon|orig.date=1862-08-24
1862	8	24	11	58	0	26.2	orig=21R|orig.time=2:00PM|orig.date=1862-08-24
1862	8	24	18	58	0	22.8	orig=18.2R|orig.time=9:00PM|orig.date=1862-08-24
1862	8	25	4	58	0	18.5	orig=14.8R|orig.time=7:00AM|orig.date=1862-08-25
1862	8	25	9	58	0	26.9	orig=21.5R|orig.time=Noon|orig.date=1862-08-25
1862	8	25	11	58	0	23.5	orig=18.8R|orig.time=2:00PM|orig.date=1862-08-25
1862	8	25	18	58	0	18.8	orig=15R|orig.time=9:00PM|orig.date=1862-08-25
1862	8	26	4	58	0	12.8	orig=10.2R|orig.time=7:00AM|orig.date=1862-08-26
1862	8	26	9	58	0	17	orig=13.6R|orig.time=Noon|orig.date=1862-08-26
1862	8	26	11	58	0	18.2	orig=14.6R|orig.time=2:00PM|orig.date=1862-08-26
1862	8	26	18	58	0	13.8	orig=11R|orig.time=9:00PM|orig.date=1862-08-26
1862	8	27	4	58	0	12.8	orig=10.2R|orig.time=7:00AM|orig.date=1862-08-27
1862	8	27	9	58	0	19.1	orig=15.3R|orig.time=Noon|orig.date=1862-08-27
1862	8	27	11	58	0	19.6	orig=15.7R|orig.time=2:00PM|orig.date=1862-08-27
1862	8	27	18	58	0	14.1	orig=11.3R|orig.time=9:00PM|orig.date=1862-08-27
1862	8	28	4	58	0	12.2	orig=9.8R|orig.time=7:00AM|orig.date=1862-08-28
1862	8	28	9	58	0	18.1	orig=14.5R|orig.time=Noon|orig.date=1862-08-28
1862	8	28	11	58	0	19.1	orig=15.3R|orig.time=2:00PM|orig.date=1862-08-28
1862	8	28	18	58	0	13.5	orig=10.8R|orig.time=9:00PM|orig.date=1862-08-28
1862	8	29	4	58	0	8.9	orig=7.1R|orig.time=7:00AM|orig.date=1862-08-29
1862	8	29	9	58	0	14.8	orig=11.8R|orig.time=Noon|orig.date=1862-08-29
1862	8	29	11	58	0	15.6	orig=12.5R|orig.time=2:00PM|orig.date=1862-08-29
1862	8	29	18	58	0	9	orig=7.2R|orig.time=9:00PM|orig.date=1862-08-29
1862	8	30	4	58	0	7	orig=5.6R|orig.time=7:00AM|orig.date=1862-08-30
1862	8	30	9	58	0	13.8	orig=11R|orig.time=Noon|orig.date=1862-08-30
1862	8	30	11	58	0	13.2	orig=10.6R|orig.time=2:00PM|orig.date=1862-08-30
1862	8	30	18	58	0	10	orig=8R|orig.time=9:00PM|orig.date=1862-08-30
1862	8	31	4	58	0	8.5	orig=6.8R|orig.time=7:00AM|orig.date=1862-08-31
1862	8	31	9	58	0	14	orig=11.2R|orig.time=Noon|orig.date=1862-08-31
1862	8	31	11	58	0	14.9	orig=11.9R|orig.time=2:00PM|orig.date=1862-08-31
1862	8	31	18	58	0	9.1	orig=7.3R|orig.time=9:00PM|orig.date=1862-08-31
1862	9	1	4	58	0	10	orig=8R|orig.time=7:00AM|orig.date=1862-09-01
1862	9	1	9	58	0	13.8	orig=11R|orig.time=Noon|orig.date=1862-09-01
1862	9	1	11	58	0	15	orig=12R|orig.time=2:00PM|orig.date=1862-09-01
1862	9	1	18	58	0	9.5	orig=7.6R|orig.time=9:00PM|orig.date=1862-09-01
1862	9	2	4	58	0	7.5	orig=6R|orig.time=7:00AM|orig.date=1862-09-02
1862	9	2	9	58	0	17.5	orig=14R|orig.time=Noon|orig.date=1862-09-02
1862	9	2	11	58	0	18.5	orig=14.8R|orig.time=2:00PM|orig.date=1862-09-02
1862	9	2	18	58	0	14.8	orig=11.8R|orig.time=9:00PM|orig.date=1862-09-02
1862	9	3	4	58	0	12	orig=9.6R|orig.time=7:00AM|orig.date=1862-09-03
1862	9	3	9	58	0	18.8	orig=15R|orig.time=Noon|orig.date=1862-09-03
1862	9	3	11	58	0	18.8	orig=15R|orig.time=2:00PM|orig.date=1862-09-03
1862	9	3	18	58	0	12	orig=9.6R|orig.time=9:00PM|orig.date=1862-09-03
1862	9	4	4	58	0	10.9	orig=8.7R|orig.time=7:00AM|orig.date=1862-09-04
1862	9	4	9	58	0	19.4	orig=15.5R|orig.time=Noon|orig.date=1862-09-04
1862	9	4	11	58	0	21.5	orig=17.2R|orig.time=2:00PM|orig.date=1862-09-04
1862	9	4	18	58	0	14.8	orig=11.8R|orig.time=9:00PM|orig.date=1862-09-04
1862	9	5	4	58	0	13.2	orig=10.6R|orig.time=7:00AM|orig.date=1862-09-05
1862	9	5	9	58	0	23.5	orig=18.8R|orig.time=Noon|orig.date=1862-09-05
1862	9	5	11	58	0	24.1	orig=19.3R|orig.time=2:00PM|orig.date=1862-09-05
1862	9	5	18	58	0	18.8	orig=15R|orig.time=9:00PM|orig.date=1862-09-05
1862	9	6	4	58	0	16.5	orig=13.2R|orig.time=7:00AM|orig.date=1862-09-06
1862	9	6	9	58	0	25.5	orig=20.4R|orig.time=Noon|orig.date=1862-09-06
1862	9	6	11	58	0	29.2	orig=23.4R|orig.time=2:00PM|orig.date=1862-09-06
1862	9	6	18	58	0	23	orig=18.4R|orig.time=9:00PM|orig.date=1862-09-06
1862	9	7	4	58	0	20.5	orig=16.4R|orig.time=7:00AM|orig.date=1862-09-07
1862	9	7	9	58	0	32	orig=25.6R|orig.time=Noon|orig.date=1862-09-07
1862	9	7	11	58	0	33.4	orig=26.7R|orig.time=2:00PM|orig.date=1862-09-07
1862	9	7	18	58	0	25.8	orig=20.6R|orig.time=9:00PM|orig.date=1862-09-07
1862	9	8	4	58	0	19.2	orig=15.4R|orig.time=7:00AM|orig.date=1862-09-08
1862	9	8	9	58	0	26.6	orig=21.3R|orig.time=Noon|orig.date=1862-09-08
1862	9	8	11	58	0	29.5	orig=23.6R|orig.time=2:00PM|orig.date=1862-09-08
1862	9	8	18	58	0	24	orig=19.2R|orig.time=9:00PM|orig.date=1862-09-08
1862	9	9	4	58	0	21	orig=16.8R|orig.time=7:00AM|orig.date=1862-09-09
1862	9	9	9	58	0	28	orig=22.4R|orig.time=Noon|orig.date=1862-09-09
1862	9	9	11	58	0	29.4	orig=23.5R|orig.time=2:00PM|orig.date=1862-09-09
1862	9	9	18	58	0	24.1	orig=19.3R|orig.time=9:00PM|orig.date=1862-09-09
1862	9	10	4	58	0	19.2	orig=15.4R|orig.time=7:00AM|orig.date=1862-09-10
1862	9	10	9	58	0	29	orig=23.2R|orig.time=Noon|orig.date=1862-09-10
1862	9	10	11	58	0	30.6	orig=24.5R|orig.time=2:00PM|orig.date=1862-09-10
1862	9	10	18	58	0	22.1	orig=17.7R|orig.time=9:00PM|orig.date=1862-09-10
1862	9	11	4	58	0	18	orig=14.4R|orig.time=7:00AM|orig.date=1862-09-11
1862	9	11	9	58	0	26.5	orig=21.2R|orig.time=Noon|orig.date=1862-09-11
1862	9	11	11	58	0	27.2	orig=21.8R|orig.time=2:00PM|orig.date=1862-09-11
1862	9	11	18	58	0	21.2	orig=17R|orig.time=9:00PM|orig.date=1862-09-11
1862	9	12	4	58	0	16	orig=12.8R|orig.time=7:00AM|orig.date=1862-09-12
1862	9	12	9	58	0	23.5	orig=18.8R|orig.time=Noon|orig.date=1862-09-12
1862	9	12	11	58	0	25.8	orig=20.6R|orig.time=2:00PM|orig.date=1862-09-12
1862	9	12	18	58	0	21	orig=16.8R|orig.time=9:00PM|orig.date=1862-09-12
1862	9	13	4	58	0	16.5	orig=13.2R|orig.time=7:00AM|orig.date=1862-09-13
1862	9	13	9	58	0	21.5	orig=17.2R|orig.time=Noon|orig.date=1862-09-13
1862	9	13	11	58	0	23.4	orig=18.7R|orig.time=2:00PM|orig.date=1862-09-13
1862	9	13	18	58	0	16.8	orig=13.4R|orig.time=9:00PM|orig.date=1862-09-13
1862	9	14	4	58	0	14.2	orig=11.4R|orig.time=7:00AM|orig.date=1862-09-14
1862	9	14	9	58	0	21.5	orig=17.2R|orig.time=Noon|orig.date=1862-09-14
1862	9	14	11	58	0	20	orig=16R|orig.time=2:00PM|orig.date=1862-09-14
1862	9	14	18	58	0	16.6	orig=13.3R|orig.time=9:00PM|orig.date=1862-09-14
1862	9	15	4	58	0	14.8	orig=11.8R|orig.time=7:00AM|orig.date=1862-09-15
1862	9	15	9	58	0	23.9	orig=19.1R|orig.time=Noon|orig.date=1862-09-15
1862	9	15	11	58	0	23.9	orig=19.1R|orig.time=2:00PM|orig.date=1862-09-15
1862	9	15	18	58	0	18.1	orig=14.5R|orig.time=9:00PM|orig.date=1862-09-15
1862	9	16	4	58	0	15.8	orig=12.6R|orig.time=7:00AM|orig.date=1862-09-16
1862	9	16	9	58	0	21.9	orig=17.5R|orig.time=Noon|orig.date=1862-09-16
1862	9	16	11	58	0	24.4	orig=19.5R|orig.time=2:00PM|orig.date=1862-09-16
1862	9	16	18	58	0	18.5	orig=14.8R|orig.time=9:00PM|orig.date=1862-09-16
1862	9	17	4	58	0	16.2	orig=13R|orig.time=7:00AM|orig.date=1862-09-17
1862	9	17	9	58	0	24.2	orig=19.4R|orig.time=Noon|orig.date=1862-09-17
1862	9	17	11	58	0	24.5	orig=19.6R|orig.time=2:00PM|orig.date=1862-09-17
1862	9	17	18	58	0	19.2	orig=15.4R|orig.time=9:00PM|orig.date=1862-09-17
1862	9	18	4	58	0	15	orig=12R|orig.time=7:00AM|orig.date=1862-09-18
1862	9	18	9	58	0	18.8	orig=15R|orig.time=Noon|orig.date=1862-09-18
1862	9	18	11	58	0	17.9	orig=14.3R|orig.time=2:00PM|orig.date=1862-09-18
1862	9	18	18	58	0	11.8	orig=9.4R|orig.time=9:00PM|orig.date=1862-09-18
1862	9	19	4	58	0	10.2	orig=8.2R|orig.time=7:00AM|orig.date=1862-09-19
1862	9	19	9	58	0	12.2	orig=9.8R|orig.time=Noon|orig.date=1862-09-19
1862	9	19	11	58	0	12	orig=9.6R|orig.time=2:00PM|orig.date=1862-09-19
1862	9	19	18	58	0	12.8	orig=10.2R|orig.time=9:00PM|orig.date=1862-09-19
1862	9	20	4	58	0	10.2	orig=8.2R|orig.time=7:00AM|orig.date=1862-09-20
1862	9	20	9	58	0	16.1	orig=12.9R|orig.time=Noon|orig.date=1862-09-20
1862	9	20	11	58	0	16.6	orig=13.3R|orig.time=2:00PM|orig.date=1862-09-20
1862	9	20	18	58	0	12.2	orig=9.8R|orig.time=9:00PM|orig.date=1862-09-20
1862	9	21	4	58	0	7.8	orig=6.2R|orig.time=7:00AM|orig.date=1862-09-21
1862	9	21	9	58	0	17	orig=13.6R|orig.time=Noon|orig.date=1862-09-21
1862	9	21	11	58	0	17.2	orig=13.8R|orig.time=2:00PM|orig.date=1862-09-21
1862	9	21	18	58	0	12.9	orig=10.3R|orig.time=9:00PM|orig.date=1862-09-21
1862	9	22	4	58	0	7.5	orig=6R|orig.time=7:00AM|orig.date=1862-09-22
1862	9	22	9	58	0	6.9	orig=5.5R|orig.time=Noon|orig.date=1862-09-22
1862	9	22	11	58	0	5.9	orig=4.7R|orig.time=2:00PM|orig.date=1862-09-22
1862	9	22	18	58	0	2	orig=1.6R|orig.time=9:00PM|orig.date=1862-09-22
1862	9	23	4	58	0	-0.1	orig=-0.1R|orig.time=7:00AM|orig.date=1862-09-23
1862	9	23	9	58	0	4.4	orig=3.5R|orig.time=Noon|orig.date=1862-09-23
1862	9	23	11	58	0	4.4	orig=3.5R|orig.time=2:00PM|orig.date=1862-09-23
1862	9	23	18	58	0	3.5	orig=2.8R|orig.time=9:00PM|orig.date=1862-09-23
1862	9	24	4	58	0	4.5	orig=3.6R|orig.time=7:00AM|orig.date=1862-09-24
1862	9	24	9	58	0	11.6	orig=9.3R|orig.time=Noon|orig.date=1862-09-24
1862	9	24	11	58	0	11.4	orig=9.1R|orig.time=2:00PM|orig.date=1862-09-24
1862	9	24	18	58	0	6.8	orig=5.4R|orig.time=9:00PM|orig.date=1862-09-24
1862	9	25	4	58	0	6.9	orig=5.5R|orig.time=7:00AM|orig.date=1862-09-25
1862	9	25	9	58	0	7.8	orig=6.2R|orig.time=Noon|orig.date=1862-09-25
1862	9	25	11	58	0	9.8	orig=7.8R|orig.time=2:00PM|orig.date=1862-09-25
1862	9	25	18	58	0	3	orig=2.4R|orig.time=9:00PM|orig.date=1862-09-25
1862	9	26	4	58	0	0.5	orig=0.4R|orig.time=7:00AM|orig.date=1862-09-26
1862	9	26	9	58	0	10.1	orig=8.1R|orig.time=Noon|orig.date=1862-09-26
1862	9	26	11	58	0	10.5	orig=8.4R|orig.time=2:00PM|orig.date=1862-09-26
1862	9	26	18	58	0	7.5	orig=6R|orig.time=9:00PM|orig.date=1862-09-26
1862	9	27	4	58	0	4.2	orig=3.4R|orig.time=7:00AM|orig.date=1862-09-27
1862	9	27	9	58	0	13.2	orig=10.6R|orig.time=Noon|orig.date=1862-09-27
1862	9	27	11	58	0	15.2	orig=12.2R|orig.time=2:00PM|orig.date=1862-09-27
1862	9	27	18	58	0	11	orig=8.8R|orig.time=9:00PM|orig.date=1862-09-27
1862	9	28	4	58	0	5.1	orig=4.1R|orig.time=7:00AM|orig.date=1862-09-28
1862	9	28	9	58	0	9	orig=7.2R|orig.time=Noon|orig.date=1862-09-28
1862	9	28	11	58	0	9.9	orig=7.9R|orig.time=2:00PM|orig.date=1862-09-28
1862	9	28	18	58	0	4.9	orig=3.9R|orig.time=9:00PM|orig.date=1862-09-28
1862	9	29	4	58	0	0.9	orig=0.7R|orig.time=7:00AM|orig.date=1862-09-29
1862	9	29	9	58	0	8	orig=6.4R|orig.time=Noon|orig.date=1862-09-29
1862	9	29	11	58	0	9.4	orig=7.5R|orig.time=2:00PM|orig.date=1862-09-29
1862	9	29	18	58	0	3.1	orig=2.5R|orig.time=9:00PM|orig.date=1862-09-29
1862	9	30	4	58	0	2.8	orig=2.2R|orig.time=7:00AM|orig.date=1862-09-30
1862	9	30	9	58	0	9.4	orig=7.5R|orig.time=Noon|orig.date=1862-09-30
1862	9	30	11	58	0	11.1	orig=8.9R|orig.time=2:00PM|orig.date=1862-09-30
1862	9	30	18	58	0	5.8	orig=4.6R|orig.time=9:00PM|orig.date=1862-09-30
1862	10	1	4	58	0	1.6	orig=1.3R|orig.time=7:00AM|orig.date=1862-10-01
1862	10	1	9	58	0	11.5	orig=9.2R|orig.time=Noon|orig.date=1862-10-01
1862	10	1	11	58	0	12.6	orig=10.1R|orig.time=2:00PM|orig.date=1862-10-01
1862	10	1	18	58	0	7.5	orig=6R|orig.time=9:00PM|orig.date=1862-10-01
1862	10	2	4	58	0	4.1	orig=3.3R|orig.time=7:00AM|orig.date=1862-10-02
1862	10	2	9	58	0	12.8	orig=10.2R|orig.time=Noon|orig.date=1862-10-02
1862	10	2	11	58	0	13.5	orig=10.8R|orig.time=2:00PM|orig.date=1862-10-02
1862	10	2	18	58	0	7.2	orig=5.8R|orig.time=9:00PM|orig.date=1862-10-02
1862	10	3	4	58	0	2.2	orig=1.8R|orig.time=7:00AM|orig.date=1862-10-03
1862	10	3	9	58	0	13.2	orig=10.6R|orig.time=Noon|orig.date=1862-10-03
1862	10	3	11	58	0	15	orig=12R|orig.time=2:00PM|orig.date=1862-10-03
1862	10	3	18	58	0	8.2	orig=6.6R|orig.time=9:00PM|orig.date=1862-10-03
1862	10	4	4	58	0	7.2	orig=5.8R|orig.time=7:00AM|orig.date=1862-10-04
1862	10	4	9	58	0	15.5	orig=12.4R|orig.time=Noon|orig.date=1862-10-04
1862	10	4	11	58	0	18.5	orig=14.8R|orig.time=2:00PM|orig.date=1862-10-04
1862	10	4	18	58	0	17	orig=13.6R|orig.time=9:00PM|orig.date=1862-10-04
1862	10	5	4	58	0	13.2	orig=10.6R|orig.time=7:00AM|orig.date=1862-10-05
1862	10	5	9	58	0	13.1	orig=10.5R|orig.time=Noon|orig.date=1862-10-05
1862	10	5	11	58	0	13	orig=10.4R|orig.time=2:00PM|orig.date=1862-10-05
1862	10	5	18	58	0	8.5	orig=6.8R|orig.time=9:00PM|orig.date=1862-10-05
1862	10	6	4	58	0	3.6	orig=2.9R|orig.time=7:00AM|orig.date=1862-10-06
1862	10	6	9	58	0	9.5	orig=7.6R|orig.time=Noon|orig.date=1862-10-06
1862	10	6	11	58	0	9.9	orig=7.9R|orig.time=2:00PM|orig.date=1862-10-06
1862	10	6	18	58	0	5.1	orig=4.1R|orig.time=9:00PM|orig.date=1862-10-06
1862	10	7	4	58	0	0.2	orig=0.2R|orig.time=7:00AM|orig.date=1862-10-07
1862	10	7	9	58	0	5.9	orig=4.7R|orig.time=Noon|orig.date=1862-10-07
1862	10	7	11	58	0	7.4	orig=5.9R|orig.time=2:00PM|orig.date=1862-10-07
1862	10	7	18	58	0	1.4	orig=1.1R|orig.time=9:00PM|orig.date=1862-10-07
1862	10	8	4	58	0	-2	orig=-1.6R|orig.time=7:00AM|orig.date=1862-10-08
1862	10	8	9	58	0	8.9	orig=7.1R|orig.time=Noon|orig.date=1862-10-08
1862	10	8	11	58	0	10.6	orig=8.5R|orig.time=2:00PM|orig.date=1862-10-08
1862	10	8	18	58	0	5	orig=4R|orig.time=9:00PM|orig.date=1862-10-08
1862	10	9	4	58	0	7.9	orig=6.3R|orig.time=7:00AM|orig.date=1862-10-09
1862	10	9	9	58	0	15	orig=12R|orig.time=Noon|orig.date=1862-10-09
1862	10	9	11	58	0	16.5	orig=13.2R|orig.time=2:00PM|orig.date=1862-10-09
1862	10	9	18	58	0	11	orig=8.8R|orig.time=9:00PM|orig.date=1862-10-09
1862	10	10	4	58	0	6.4	orig=5.1R|orig.time=7:00AM|orig.date=1862-10-10
1862	10	10	9	58	0	13	orig=10.4R|orig.time=Noon|orig.date=1862-10-10
1862	10	10	11	58	0	12.5	orig=10R|orig.time=2:00PM|orig.date=1862-10-10
1862	10	10	18	58	0	5.1	orig=4.1R|orig.time=9:00PM|orig.date=1862-10-10
1862	10	11	4	58	0	-0.6	orig=-0.5R|orig.time=7:00AM|orig.date=1862-10-11
1862	10	11	9	58	0	9.4	orig=7.5R|orig.time=Noon|orig.date=1862-10-11
1862	10	11	11	58	0	11.4	orig=9.1R|orig.time=2:00PM|orig.date=1862-10-11
1862	10	11	18	58	0	5.6	orig=4.5R|orig.time=9:00PM|orig.date=1862-10-11
1862	10	12	4	58	0	4.5	orig=3.6R|orig.time=7:00AM|orig.date=1862-10-12
1862	10	12	9	58	0	16	orig=12.8R|orig.time=Noon|orig.date=1862-10-12
1862	10	12	11	58	0	17.5	orig=14R|orig.time=2:00PM|orig.date=1862-10-12
1862	10	12	18	58	0	11.5	orig=9.2R|orig.time=9:00PM|orig.date=1862-10-12
1862	10	13	4	58	0	7.5	orig=6R|orig.time=7:00AM|orig.date=1862-10-13
1862	10	13	9	58	0	16.5	orig=13.2R|orig.time=Noon|orig.date=1862-10-13
1862	10	13	11	58	0	15.4	orig=12.3R|orig.time=2:00PM|orig.date=1862-10-13
1862	10	13	18	58	0	8.8	orig=7R|orig.time=9:00PM|orig.date=1862-10-13
1862	10	14	4	58	0	9.6	orig=7.7R|orig.time=7:00AM|orig.date=1862-10-14
1862	10	14	9	58	0	12.8	orig=10.2R|orig.time=Noon|orig.date=1862-10-14
1862	10	14	11	58	0	12.5	orig=10R|orig.time=2:00PM|orig.date=1862-10-14
1862	10	14	18	58	0	4.4	orig=3.5R|orig.time=9:00PM|orig.date=1862-10-14
1862	10	15	4	58	0	1.4	orig=1.1R|orig.time=7:00AM|orig.date=1862-10-15
1862	10	15	9	58	0	0.9	orig=0.7R|orig.time=Noon|orig.date=1862-10-15
1862	10	15	11	58	0	1.4	orig=1.1R|orig.time=2:00PM|orig.date=1862-10-15
1862	10	15	18	58	0	0.5	orig=0.4R|orig.time=9:00PM|orig.date=1862-10-15
1862	10	16	4	58	0	-2.8	orig=-2.2R|orig.time=7:00AM|orig.date=1862-10-16
1862	10	16	9	58	0	2.5	orig=2R|orig.time=Noon|orig.date=1862-10-16
1862	10	16	11	58	0	3.8	orig=3R|orig.time=2:00PM|orig.date=1862-10-16
1862	10	16	18	58	0	1.4	orig=1.1R|orig.time=9:00PM|orig.date=1862-10-16
1862	10	17	4	58	0	-1.2	orig=-1R|orig.time=7:00AM|orig.date=1862-10-17
1862	10	17	9	58	0	2.2	orig=1.8R|orig.time=Noon|orig.date=1862-10-17
1862	10	17	11	58	0	2.9	orig=2.3R|orig.time=2:00PM|orig.date=1862-10-17
1862	10	17	18	58	0	-1.2	orig=-1R|orig.time=9:00PM|orig.date=1862-10-17
1862	10	18	4	58	0	-2.8	orig=-2.2R|orig.time=7:00AM|orig.date=1862-10-18
1862	10	18	9	58	0	8.5	orig=6.8R|orig.time=Noon|orig.date=1862-10-18
1862	10	18	11	58	0	7.8	orig=6.2R|orig.time=2:00PM|orig.date=1862-10-18
1862	10	18	18	58	0	3.8	orig=3R|orig.time=9:00PM|orig.date=1862-10-18
1862	10	19	4	58	0	2.9	orig=2.3R|orig.time=7:00AM|orig.date=1862-10-19
1862	10	19	9	58	0	12.6	orig=10.1R|orig.time=Noon|orig.date=1862-10-19
1862	10	19	11	58	0	15.2	orig=12.2R|orig.time=2:00PM|orig.date=1862-10-19
1862	10	19	18	58	0	9.8	orig=7.8R|orig.time=9:00PM|orig.date=1862-10-19
1862	10	20	4	58	0	9.5	orig=7.6R|orig.time=7:00AM|orig.date=1862-10-20
1862	10	20	9	58	0	14.6	orig=11.7R|orig.time=Noon|orig.date=1862-10-20
1862	10	20	11	58	0	15.9	orig=12.7R|orig.time=2:00PM|orig.date=1862-10-20
1862	10	20	18	58	0	11.5	orig=9.2R|orig.time=9:00PM|orig.date=1862-10-20
1862	10	21	4	58	0	11.2	orig=9R|orig.time=7:00AM|orig.date=1862-10-21
1862	10	21	9	58	0	16	orig=12.8R|orig.time=Noon|orig.date=1862-10-21
1862	10	21	11	58	0	16.8	orig=13.4R|orig.time=2:00PM|orig.date=1862-10-21
1862	10	21	18	58	0	11.8	orig=9.4R|orig.time=9:00PM|orig.date=1862-10-21
1862	10	22	4	58	0	12.2	orig=9.8R|orig.time=7:00AM|orig.date=1862-10-22
1862	10	22	9	58	0	6.9	orig=5.5R|orig.time=Noon|orig.date=1862-10-22
1862	10	22	11	58	0	7.8	orig=6.2R|orig.time=2:00PM|orig.date=1862-10-22
1862	10	22	18	58	0	3.2	orig=2.6R|orig.time=9:00PM|orig.date=1862-10-22
1862	10	23	4	58	0	0.8	orig=0.6R|orig.time=7:00AM|orig.date=1862-10-23
1862	10	23	9	58	0	10	orig=8R|orig.time=Noon|orig.date=1862-10-23
1862	10	23	11	58	0	10.9	orig=8.7R|orig.time=2:00PM|orig.date=1862-10-23
1862	10	23	18	58	0	7.5	orig=6R|orig.time=9:00PM|orig.date=1862-10-23
1862	10	24	4	58	0	5.8	orig=4.6R|orig.time=7:00AM|orig.date=1862-10-24
1862	10	24	9	58	0	12.2	orig=9.8R|orig.time=Noon|orig.date=1862-10-24
1862	10	24	11	58	0	14.5	orig=11.6R|orig.time=2:00PM|orig.date=1862-10-24
1862	10	24	18	58	0	7.8	orig=6.2R|orig.time=9:00PM|orig.date=1862-10-24
1862	10	25	4	58	0	3.8	orig=3R|orig.time=7:00AM|orig.date=1862-10-25
1862	10	25	9	58	0	10.2	orig=8.2R|orig.time=Noon|orig.date=1862-10-25
1862	10	25	11	58	0	12.6	orig=10.1R|orig.time=2:00PM|orig.date=1862-10-25
1862	10	25	18	58	0	11.4	orig=9.1R|orig.time=9:00PM|orig.date=1862-10-25
1862	10	26	4	58	0	6.6	orig=5.3R|orig.time=7:00AM|orig.date=1862-10-26
1862	10	26	9	58	0	9.5	orig=7.6R|orig.time=Noon|orig.date=1862-10-26
1862	10	26	11	58	0	10.8	orig=8.6R|orig.time=2:00PM|orig.date=1862-10-26
1862	10	26	18	58	0	4.8	orig=3.8R|orig.time=9:00PM|orig.date=1862-10-26
1862	10	27	4	58	0	2.5	orig=2R|orig.time=7:00AM|orig.date=1862-10-27
1862	10	27	9	58	0	12.2	orig=9.8R|orig.time=Noon|orig.date=1862-10-27
1862	10	27	11	58	0	12.4	orig=9.9R|orig.time=2:00PM|orig.date=1862-10-27
1862	10	27	18	58	0	9	orig=7.2R|orig.time=9:00PM|orig.date=1862-10-27
1862	10	28	4	58	0	9.2	orig=7.4R|orig.time=7:00AM|orig.date=1862-10-28
1862	10	28	9	58	0	14.8	orig=11.8R|orig.time=Noon|orig.date=1862-10-28
1862	10	28	11	58	0	14.8	orig=11.8R|orig.time=2:00PM|orig.date=1862-10-28
1862	10	28	18	58	0	9.2	orig=7.4R|orig.time=9:00PM|orig.date=1862-10-28
1862	10	29	4	58	0	5.8	orig=4.6R|orig.time=7:00AM|orig.date=1862-10-29
1862	10	29	9	58	0	13.4	orig=10.7R|orig.time=Noon|orig.date=1862-10-29
1862	10	29	11	58	0	15.2	orig=12.2R|orig.time=2:00PM|orig.date=1862-10-29
1862	10	29	18	58	0	7.8	orig=6.2R|orig.time=9:00PM|orig.date=1862-10-29
1862	10	30	4	58	0	3	orig=2.4R|orig.time=7:00AM|orig.date=1862-10-30
1862	10	30	9	58	0	10.8	orig=8.6R|orig.time=Noon|orig.date=1862-10-30
1862	10	30	11	58	0	11.8	orig=9.4R|orig.time=2:00PM|orig.date=1862-10-30
1862	10	30	18	58	0	3.6	orig=2.9R|orig.time=9:00PM|orig.date=1862-10-30
1862	10	31	4	58	0	-1.9	orig=-1.5R|orig.time=7:00AM|orig.date=1862-10-31
1862	10	31	9	58	0	2.2	orig=1.8R|orig.time=Noon|orig.date=1862-10-31
1862	10	31	11	58	0	2.4	orig=1.9R|orig.time=2:00PM|orig.date=1862-10-31
1862	10	31	18	58	0	1.1	orig=0.9R|orig.time=9:00PM|orig.date=1862-10-31
1862	11	1	4	58	0	2.5	orig=2R|orig.time=7:00AM|orig.date=1862-11-01
1862	11	1	9	58	0	1.8	orig=1.4R|orig.time=Noon|orig.date=1862-11-01
1862	11	1	11	58	0	1.5	orig=1.2R|orig.time=2:00PM|orig.date=1862-11-01
1862	11	1	18	58	0	-1.8	orig=-1.4R|orig.time=9:00PM|orig.date=1862-11-01
1862	11	2	4	58	0	-5.1	orig=-4.1R|orig.time=7:00AM|orig.date=1862-11-02
1862	11	2	9	58	0	0.8	orig=0.6R|orig.time=Noon|orig.date=1862-11-02
1862	11	2	11	58	0	1	orig=0.8R|orig.time=2:00PM|orig.date=1862-11-02
1862	11	2	18	58	0	-4	orig=-3.2R|orig.time=9:00PM|orig.date=1862-11-02
1862	11	3	4	58	0	-8	orig=-6.4R|orig.time=7:00AM|orig.date=1862-11-03
1862	11	3	9	58	0	-1.5	orig=-1.2R|orig.time=Noon|orig.date=1862-11-03
1862	11	3	11	58	0	1.5	orig=1.2R|orig.time=2:00PM|orig.date=1862-11-03
1862	11	3	18	58	0	-1.8	orig=-1.4R|orig.time=9:00PM|orig.date=1862-11-03
1862	11	4	4	58	0	-6.6	orig=-5.3R|orig.time=7:00AM|orig.date=1862-11-04
1862	11	4	9	58	0	0.4	orig=0.3R|orig.time=Noon|orig.date=1862-11-04
1862	11	4	11	58	0	2.6	orig=2.1R|orig.time=2:00PM|orig.date=1862-11-04
1862	11	4	18	58	0	-1.1	orig=-0.9R|orig.time=9:00PM|orig.date=1862-11-04
1862	11	5	4	58	0	-5.2	orig=-4.2R|orig.time=7:00AM|orig.date=1862-11-05
1862	11	5	9	58	0	1.6	orig=1.3R|orig.time=Noon|orig.date=1862-11-05
1862	11	5	11	58	0	2.8	orig=2.2R|orig.time=2:00PM|orig.date=1862-11-05
1862	11	5	18	58	0	0.6	orig=0.5R|orig.time=9:00PM|orig.date=1862-11-05
1862	11	6	4	58	0	-1.4	orig=-1.1R|orig.time=7:00AM|orig.date=1862-11-06
1862	11	6	9	58	0	0.9	orig=0.7R|orig.time=Noon|orig.date=1862-11-06
1862	11	6	11	58	0	0.5	orig=0.4R|orig.time=2:00PM|orig.date=1862-11-06
1862	11	6	18	58	0	-3.1	orig=-2.5R|orig.time=9:00PM|orig.date=1862-11-06
1862	11	7	4	58	0	-4.5	orig=-3.6R|orig.time=7:00AM|orig.date=1862-11-07
1862	11	7	9	58	0	-2.2	orig=-1.8R|orig.time=Noon|orig.date=1862-11-07
1862	11	7	11	58	0	-1.9	orig=-1.5R|orig.time=2:00PM|orig.date=1862-11-07
1862	11	7	18	58	0	-3.5	orig=-2.8R|orig.time=9:00PM|orig.date=1862-11-07
1862	11	8	4	58	0	-2.8	orig=-2.2R|orig.time=7:00AM|orig.date=1862-11-08
1862	11	8	9	58	0	-1	orig=-0.8R|orig.time=Noon|orig.date=1862-11-08
1862	11	8	11	58	0	-0.9	orig=-0.7R|orig.time=2:00PM|orig.date=1862-11-08
1862	11	8	18	58	0	-2	orig=-1.6R|orig.time=9:00PM|orig.date=1862-11-08
1862	11	9	4	58	0	-2	orig=-1.6R|orig.time=7:00AM|orig.date=1862-11-09
1862	11	9	9	58	0	0.4	orig=0.3R|orig.time=Noon|orig.date=1862-11-09
1862	11	9	11	58	0	1	orig=0.8R|orig.time=2:00PM|orig.date=1862-11-09
1862	11	9	18	58	0	-0.6	orig=-0.5R|orig.time=9:00PM|orig.date=1862-11-09
1862	11	10	4	58	0	0.2	orig=0.2R|orig.time=7:00AM|orig.date=1862-11-10
1862	11	10	9	58	0	3	orig=2.4R|orig.time=Noon|orig.date=1862-11-10
1862	11	10	11	58	0	4.5	orig=3.6R|orig.time=2:00PM|orig.date=1862-11-10
1862	11	10	18	58	0	-1.9	orig=-1.5R|orig.time=9:00PM|orig.date=1862-11-10
1862	11	11	4	58	0	-2	orig=-1.6R|orig.time=7:00AM|orig.date=1862-11-11
1862	11	11	9	58	0	1.2	orig=1R|orig.time=Noon|orig.date=1862-11-11
1862	11	11	11	58	0	1.2	orig=1R|orig.time=2:00PM|orig.date=1862-11-11
1862	11	11	18	58	0	2	orig=1.6R|orig.time=9:00PM|orig.date=1862-11-11
1862	11	12	4	58	0	-0.9	orig=-0.7R|orig.time=7:00AM|orig.date=1862-11-12
1862	11	12	9	58	0	-0.4	orig=-0.3R|orig.time=Noon|orig.date=1862-11-12
1862	11	12	11	58	0	-0.8	orig=-0.6R|orig.time=2:00PM|orig.date=1862-11-12
1862	11	12	18	58	0	0.9	orig=0.7R|orig.time=9:00PM|orig.date=1862-11-12
1862	11	13	4	58	0	-1.8	orig=-1.4R|orig.time=7:00AM|orig.date=1862-11-13
1862	11	13	9	58	0	-1.9	orig=-1.5R|orig.time=Noon|orig.date=1862-11-13
1862	11	13	11	58	0	-1.9	orig=-1.5R|orig.time=2:00PM|orig.date=1862-11-13
1862	11	13	18	58	0	-4	orig=-3.2R|orig.time=9:00PM|orig.date=1862-11-13
1862	11	14	4	58	0	-5.2	orig=-4.2R|orig.time=7:00AM|orig.date=1862-11-14
1862	11	14	9	58	0	-4.6	orig=-3.7R|orig.time=Noon|orig.date=1862-11-14
1862	11	14	11	58	0	-4.6	orig=-3.7R|orig.time=2:00PM|orig.date=1862-11-14
1862	11	14	18	58	0	-7.1	orig=-5.7R|orig.time=9:00PM|orig.date=1862-11-14
1862	11	15	4	58	0	-6.2	orig=-5R|orig.time=7:00AM|orig.date=1862-11-15
1862	11	15	9	58	0	-5.5	orig=-4.4R|orig.time=Noon|orig.date=1862-11-15
1862	11	15	11	58	0	-3.8	orig=-3R|orig.time=2:00PM|orig.date=1862-11-15
1862	11	15	18	58	0	-4.9	orig=-3.9R|orig.time=9:00PM|orig.date=1862-11-15
1862	11	16	4	58	0	-5.1	orig=-4.1R|orig.time=7:00AM|orig.date=1862-11-16
1862	11	16	9	58	0	-4.5	orig=-3.6R|orig.time=Noon|orig.date=1862-11-16
1862	11	16	11	58	0	-4.6	orig=-3.7R|orig.time=2:00PM|orig.date=1862-11-16
1862	11	16	18	58	0	-5.5	orig=-4.4R|orig.time=9:00PM|orig.date=1862-11-16
1862	11	17	4	58	0	-7.8	orig=-6.2R|orig.time=7:00AM|orig.date=1862-11-17
1862	11	17	9	58	0	-8.2	orig=-6.6R|orig.time=Noon|orig.date=1862-11-17
1862	11	17	11	58	0	-8	orig=-6.4R|orig.time=2:00PM|orig.date=1862-11-17
1862	11	17	18	58	0	-6.8	orig=-5.4R|orig.time=9:00PM|orig.date=1862-11-17
1862	11	18	4	58	0	-5.5	orig=-4.4R|orig.time=7:00AM|orig.date=1862-11-18
1862	11	18	9	58	0	-10.4	orig=-8.3R|orig.time=Noon|orig.date=1862-11-18
1862	11	18	11	58	0	-10	orig=-8R|orig.time=2:00PM|orig.date=1862-11-18
1862	11	18	18	58	0	-8.9	orig=-7.1R|orig.time=9:00PM|orig.date=1862-11-18
1862	11	19	4	58	0	-15	orig=-12R|orig.time=7:00AM|orig.date=1862-11-19
1862	11	19	9	58	0	-9	orig=-7.2R|orig.time=Noon|orig.date=1862-11-19
1862	11	19	11	58	0	-8	orig=-6.4R|orig.time=2:00PM|orig.date=1862-11-19
1862	11	19	18	58	0	-11.1	orig=-8.9R|orig.time=9:00PM|orig.date=1862-11-19
1862	11	20	4	58	0	-5.1	orig=-4.1R|orig.time=7:00AM|orig.date=1862-11-20
1862	11	20	9	58	0	-5.1	orig=-4.1R|orig.time=Noon|orig.date=1862-11-20
1862	11	20	11	58	0	-5.6	orig=-4.5R|orig.time=2:00PM|orig.date=1862-11-20
1862	11	20	18	58	0	-5.8	orig=-4.6R|orig.time=9:00PM|orig.date=1862-11-20
1862	11	21	4	58	0	-11.5	orig=-9.2R|orig.time=7:00AM|orig.date=1862-11-21
1862	11	21	9	58	0	-4.2	orig=-3.4R|orig.time=Noon|orig.date=1862-11-21
1862	11	21	11	58	0	-3.5	orig=-2.8R|orig.time=2:00PM|orig.date=1862-11-21
1862	11	21	18	58	0	-7.8	orig=-6.2R|orig.time=9:00PM|orig.date=1862-11-21
1862	11	22	4	58	0	-12.5	orig=-10R|orig.time=7:00AM|orig.date=1862-11-22
1862	11	22	9	58	0	-7	orig=-5.6R|orig.time=Noon|orig.date=1862-11-22
1862	11	22	11	58	0	-5.5	orig=-4.4R|orig.time=2:00PM|orig.date=1862-11-22
1862	11	22	18	58	0	-6.8	orig=-5.4R|orig.time=9:00PM|orig.date=1862-11-22
1862	11	23	4	58	0	-5.6	orig=-4.5R|orig.time=7:00AM|orig.date=1862-11-23
1862	11	23	9	58	0	-3.8	orig=-3R|orig.time=Noon|orig.date=1862-11-23
1862	11	23	11	58	0	-3.5	orig=-2.8R|orig.time=2:00PM|orig.date=1862-11-23
1862	11	23	18	58	0	-3.6	orig=-2.9R|orig.time=9:00PM|orig.date=1862-11-23
1862	11	24	4	58	0	-4.5	orig=-3.6R|orig.time=7:00AM|orig.date=1862-11-24
1862	11	24	9	58	0	-2.1	orig=-1.7R|orig.time=Noon|orig.date=1862-11-24
1862	11	24	11	58	0	-1.6	orig=-1.3R|orig.time=2:00PM|orig.date=1862-11-24
1862	11	24	18	58	0	-0.5	orig=-0.4R|orig.time=9:00PM|orig.date=1862-11-24
1862	11	25	4	58	0	-1	orig=-0.8R|orig.time=7:00AM|orig.date=1862-11-25
1862	11	25	9	58	0	-1.2	orig=-1R|orig.time=Noon|orig.date=1862-11-25
1862	11	25	11	58	0	-1.5	orig=-1.2R|orig.time=2:00PM|orig.date=1862-11-25
1862	11	25	18	58	0	-3	orig=-2.4R|orig.time=9:00PM|orig.date=1862-11-25
1862	11	26	4	58	0	-4.6	orig=-3.7R|orig.time=7:00AM|orig.date=1862-11-26
1862	11	26	9	58	0	-3.8	orig=-3R|orig.time=Noon|orig.date=1862-11-26
1862	11	26	11	58	0	-3.4	orig=-2.7R|orig.time=2:00PM|orig.date=1862-11-26
1862	11	26	18	58	0	-7.4	orig=-5.9R|orig.time=9:00PM|orig.date=1862-11-26
1862	11	27	4	58	0	-8.8	orig=-7R|orig.time=7:00AM|orig.date=1862-11-27
1862	11	27	9	58	0	-4	orig=-3.2R|orig.time=Noon|orig.date=1862-11-27
1862	11	27	11	58	0	-4.6	orig=-3.7R|orig.time=2:00PM|orig.date=1862-11-27
1862	11	27	18	58	0	-4	orig=-3.2R|orig.time=9:00PM|orig.date=1862-11-27
1862	11	28	4	58	0	-1.1	orig=-0.9R|orig.time=7:00AM|orig.date=1862-11-28
1862	11	28	9	58	0	-0.6	orig=-0.5R|orig.time=Noon|orig.date=1862-11-28
1862	11	28	11	58	0	-0.9	orig=-0.7R|orig.time=2:00PM|orig.date=1862-11-28
1862	11	28	18	58	0	-5	orig=-4R|orig.time=9:00PM|orig.date=1862-11-28
1862	11	29	4	58	0	-13	orig=-10.4R|orig.time=7:00AM|orig.date=1862-11-29
1862	11	29	9	58	0	-12.4	orig=-9.9R|orig.time=Noon|orig.date=1862-11-29
1862	11	29	11	58	0	-11.9	orig=-9.5R|orig.time=2:00PM|orig.date=1862-11-29
1862	11	29	18	58	0	-14.4	orig=-11.5R|orig.time=9:00PM|orig.date=1862-11-29
1862	11	30	4	58	0	-14.5	orig=-11.6R|orig.time=7:00AM|orig.date=1862-11-30
1862	11	30	9	58	0	-10.6	orig=-8.5R|orig.time=Noon|orig.date=1862-11-30
1862	11	30	11	58	0	-10	orig=-8R|orig.time=2:00PM|orig.date=1862-11-30
1862	11	30	18	58	0	-12.8	orig=-10.2R|orig.time=9:00PM|orig.date=1862-11-30
1862	12	1	4	58	0	-18.5	orig=-14.8R|orig.time=7:00AM|orig.date=1862-12-01
1862	12	1	9	58	0	-15.5	orig=-12.4R|orig.time=Noon|orig.date=1862-12-01
1862	12	1	11	58	0	-14.4	orig=-11.5R|orig.time=2:00PM|orig.date=1862-12-01
1862	12	1	18	58	0	-17.5	orig=-14R|orig.time=9:00PM|orig.date=1862-12-01
1862	12	2	4	58	0	-21.1	orig=-16.9R|orig.time=7:00AM|orig.date=1862-12-02
1862	12	2	9	58	0	-14	orig=-11.2R|orig.time=Noon|orig.date=1862-12-02
1862	12	2	11	58	0	-12.5	orig=-10R|orig.time=2:00PM|orig.date=1862-12-02
1862	12	2	18	58	0	-13.8	orig=-11R|orig.time=9:00PM|orig.date=1862-12-02
1862	12	3	4	58	0	-15.8	orig=-12.6R|orig.time=7:00AM|orig.date=1862-12-03
1862	12	3	9	58	0	-12.5	orig=-10R|orig.time=Noon|orig.date=1862-12-03
1862	12	3	11	58	0	-11.5	orig=-9.2R|orig.time=2:00PM|orig.date=1862-12-03
1862	12	3	18	58	0	-14.5	orig=-11.6R|orig.time=9:00PM|orig.date=1862-12-03
1862	12	4	4	58	0	-21.2	orig=-17R|orig.time=7:00AM|orig.date=1862-12-04
1862	12	4	9	58	0	-18.1	orig=-14.5R|orig.time=Noon|orig.date=1862-12-04
1862	12	4	11	58	0	-17.8	orig=-14.2R|orig.time=2:00PM|orig.date=1862-12-04
1862	12	4	18	58	0	-14.1	orig=-11.3R|orig.time=9:00PM|orig.date=1862-12-04
1862	12	5	4	58	0	-13.8	orig=-11R|orig.time=7:00AM|orig.date=1862-12-05
1862	12	5	9	58	0	-11.9	orig=-9.5R|orig.time=Noon|orig.date=1862-12-05
1862	12	5	11	58	0	-12.9	orig=-10.3R|orig.time=2:00PM|orig.date=1862-12-05
1862	12	5	18	58	0	-15.5	orig=-12.4R|orig.time=9:00PM|orig.date=1862-12-05
1862	12	6	4	58	0	-17.9	orig=-14.3R|orig.time=7:00AM|orig.date=1862-12-06
1862	12	6	9	58	0	-15.1	orig=-12.1R|orig.time=Noon|orig.date=1862-12-06
1862	12	6	11	58	0	-14.9	orig=-11.9R|orig.time=2:00PM|orig.date=1862-12-06
1862	12	6	18	58	0	-15	orig=-12R|orig.time=9:00PM|orig.date=1862-12-06
1862	12	7	4	58	0	-14.4	orig=-11.5R|orig.time=7:00AM|orig.date=1862-12-07
1862	12	7	9	58	0	-12.8	orig=-10.2R|orig.time=Noon|orig.date=1862-12-07
1862	12	7	11	58	0	-14.1	orig=-11.3R|orig.time=2:00PM|orig.date=1862-12-07
1862	12	7	18	58	0	-12.6	orig=-10.1R|orig.time=9:00PM|orig.date=1862-12-07
1862	12	8	4	58	0	-18.4	orig=-14.7R|orig.time=7:00AM|orig.date=1862-12-08
1862	12	8	9	58	0	-18	orig=-14.4R|orig.time=Noon|orig.date=1862-12-08
1862	12	8	11	58	0	-18.5	orig=-14.8R|orig.time=2:00PM|orig.date=1862-12-08
1862	12	8	18	58	0	-22	orig=-17.6R|orig.time=9:00PM|orig.date=1862-12-08
1862	12	9	4	58	0	-22.8	orig=-18.2R|orig.time=7:00AM|orig.date=1862-12-09
1862	12	9	9	58	0	-22.5	orig=-18R|orig.time=Noon|orig.date=1862-12-09
1862	12	9	11	58	0	-21.9	orig=-17.5R|orig.time=2:00PM|orig.date=1862-12-09
1862	12	9	18	58	0	-19.8	orig=-15.8R|orig.time=9:00PM|orig.date=1862-12-09
1862	12	10	4	58	0	-16	orig=-12.8R|orig.time=7:00AM|orig.date=1862-12-10
1862	12	10	9	58	0	-15.2	orig=-12.2R|orig.time=Noon|orig.date=1862-12-10
1862	12	10	11	58	0	-15.9	orig=-12.7R|orig.time=2:00PM|orig.date=1862-12-10
1862	12	10	18	58	0	-16.8	orig=-13.4R|orig.time=9:00PM|orig.date=1862-12-10
1862	12	11	4	58	0	-22.1	orig=-17.7R|orig.time=7:00AM|orig.date=1862-12-11
1862	12	11	9	58	0	-20	orig=-16R|orig.time=Noon|orig.date=1862-12-11
1862	12	11	11	58	0	-19.2	orig=-15.4R|orig.time=2:00PM|orig.date=1862-12-11
1862	12	11	18	58	0	-23.6	orig=-18.9R|orig.time=9:00PM|orig.date=1862-12-11
1862	12	12	4	58	0	-25	orig=-20R|orig.time=7:00AM|orig.date=1862-12-12
1862	12	12	9	58	0	-22.4	orig=-17.9R|orig.time=Noon|orig.date=1862-12-12
1862	12	12	11	58	0	-21.2	orig=-17R|orig.time=2:00PM|orig.date=1862-12-12
1862	12	12	18	58	0	-25	orig=-20R|orig.time=9:00PM|orig.date=1862-12-12
1862	12	13	4	58	0	-26.1	orig=-20.9R|orig.time=7:00AM|orig.date=1862-12-13
1862	12	13	9	58	0	-22	orig=-17.6R|orig.time=Noon|orig.date=1862-12-13
1862	12	13	11	58	0	-22.4	orig=-17.9R|orig.time=2:00PM|orig.date=1862-12-13
1862	12	13	18	58	0	-19.4	orig=-15.5R|orig.time=9:00PM|orig.date=1862-12-13
1862	12	14	4	58	0	-18.4	orig=-14.7R|orig.time=7:00AM|orig.date=1862-12-14
1862	12	14	9	58	0	-16.2	orig=-13R|orig.time=Noon|orig.date=1862-12-14
1862	12	14	11	58	0	-15.4	orig=-12.3R|orig.time=2:00PM|orig.date=1862-12-14
1862	12	14	18	58	0	-15.8	orig=-12.6R|orig.time=9:00PM|orig.date=1862-12-14
1862	12	15	4	58	0	-14.1	orig=-11.3R|orig.time=7:00AM|orig.date=1862-12-15
1862	12	15	9	58	0	-12.5	orig=-10R|orig.time=Noon|orig.date=1862-12-15
1862	12	15	11	58	0	-13.2	orig=-10.6R|orig.time=2:00PM|orig.date=1862-12-15
1862	12	15	18	58	0	-14.8	orig=-11.8R|orig.time=9:00PM|orig.date=1862-12-15
1862	12	16	4	58	0	-21.5	orig=-17.2R|orig.time=7:00AM|orig.date=1862-12-16
1862	12	16	9	58	0	-19.4	orig=-15.5R|orig.time=Noon|orig.date=1862-12-16
1862	12	16	11	58	0	-17.9	orig=-14.3R|orig.time=2:00PM|orig.date=1862-12-16
1862	12	16	18	58	0	-22.5	orig=-18R|orig.time=9:00PM|orig.date=1862-12-16
1862	12	17	4	58	0	-20.2	orig=-16.2R|orig.time=7:00AM|orig.date=1862-12-17
1862	12	17	9	58	0	-16.2	orig=-13R|orig.time=Noon|orig.date=1862-12-17
1862	12	17	11	58	0	-14.8	orig=-11.8R|orig.time=2:00PM|orig.date=1862-12-17
1862	12	17	18	58	0	-18	orig=-14.4R|orig.time=9:00PM|orig.date=1862-12-17
1862	12	18	4	58	0	-19.2	orig=-15.4R|orig.time=7:00AM|orig.date=1862-12-18
1862	12	18	9	58	0	-15.2	orig=-12.2R|orig.time=Noon|orig.date=1862-12-18
1862	12	18	11	58	0	-14	orig=-11.2R|orig.time=2:00PM|orig.date=1862-12-18
1862	12	18	18	58	0	-18.1	orig=-14.5R|orig.time=9:00PM|orig.date=1862-12-18
1862	12	19	4	58	0	-22	orig=-17.6R|orig.time=7:00AM|orig.date=1862-12-19
1862	12	19	9	58	0	-18.8	orig=-15R|orig.time=Noon|orig.date=1862-12-19
1862	12	19	11	58	0	-17.2	orig=-13.8R|orig.time=2:00PM|orig.date=1862-12-19
1862	12	19	18	58	0	-12.5	orig=-10R|orig.time=9:00PM|orig.date=1862-12-19
1862	12	20	4	58	0	-10.6	orig=-8.5R|orig.time=7:00AM|orig.date=1862-12-20
1862	12	20	9	58	0	-6.8	orig=-5.4R|orig.time=Noon|orig.date=1862-12-20
1862	12	20	11	58	0	-5.5	orig=-4.4R|orig.time=2:00PM|orig.date=1862-12-20
1862	12	20	18	58	0	-7.8	orig=-6.2R|orig.time=9:00PM|orig.date=1862-12-20
1862	12	21	4	58	0	-6.5	orig=-5.2R|orig.time=7:00AM|orig.date=1862-12-21
1862	12	21	9	58	0	-6.8	orig=-5.4R|orig.time=Noon|orig.date=1862-12-21
1862	12	21	11	58	0	-7.8	orig=-6.2R|orig.time=2:00PM|orig.date=1862-12-21
1862	12	21	18	58	0	-7.8	orig=-6.2R|orig.time=9:00PM|orig.date=1862-12-21
1862	12	22	4	58	0	-5.1	orig=-4.1R|orig.time=7:00AM|orig.date=1862-12-22
1862	12	22	9	58	0	-2.2	orig=-1.8R|orig.time=Noon|orig.date=1862-12-22
1862	12	22	11	58	0	-3.2	orig=-2.6R|orig.time=2:00PM|orig.date=1862-12-22
1862	12	22	18	58	0	-6.8	orig=-5.4R|orig.time=9:00PM|orig.date=1862-12-22
1862	12	23	4	58	0	-5.2	orig=-4.2R|orig.time=7:00AM|orig.date=1862-12-23
1862	12	23	9	58	0	-1.5	orig=-1.2R|orig.time=Noon|orig.date=1862-12-23
1862	12	23	11	58	0	-1.5	orig=-1.2R|orig.time=2:00PM|orig.date=1862-12-23
1862	12	23	18	58	0	-5	orig=-4R|orig.time=9:00PM|orig.date=1862-12-23
1862	12	24	4	58	0	-7.5	orig=-6R|orig.time=7:00AM|orig.date=1862-12-24
1862	12	24	9	58	0	-4	orig=-3.2R|orig.time=Noon|orig.date=1862-12-24
1862	12	24	11	58	0	-4.2	orig=-3.4R|orig.time=2:00PM|orig.date=1862-12-24
1862	12	24	18	58	0	-5.8	orig=-4.6R|orig.time=9:00PM|orig.date=1862-12-24
1862	12	25	4	58	0	-4.2	orig=-3.4R|orig.time=7:00AM|orig.date=1862-12-25
1862	12	25	9	58	0	-1	orig=-0.8R|orig.time=Noon|orig.date=1862-12-25
1862	12	25	11	58	0	-0.8	orig=-0.6R|orig.time=2:00PM|orig.date=1862-12-25
1862	12	25	18	58	0	-1	orig=-0.8R|orig.time=9:00PM|orig.date=1862-12-25
1862	12	26	4	58	0	1.5	orig=1.2R|orig.time=7:00AM|orig.date=1862-12-26
1862	12	26	9	58	0	2.8	orig=2.2R|orig.time=Noon|orig.date=1862-12-26
1862	12	26	11	58	0	2.8	orig=2.2R|orig.time=2:00PM|orig.date=1862-12-26
1862	12	26	18	58	0	2	orig=1.6R|orig.time=9:00PM|orig.date=1862-12-26
1862	12	27	4	58	0	1.9	orig=1.5R|orig.time=7:00AM|orig.date=1862-12-27
1862	12	27	9	58	0	1.2	orig=1R|orig.time=Noon|orig.date=1862-12-27
1862	12	27	11	58	0	0.5	orig=0.4R|orig.time=2:00PM|orig.date=1862-12-27
1862	12	27	18	58	0	-3.5	orig=-2.8R|orig.time=9:00PM|orig.date=1862-12-27
1862	12	28	4	58	0	-2	orig=-1.6R|orig.time=7:00AM|orig.date=1862-12-28
1862	12	28	9	58	0	-2.5	orig=-2R|orig.time=Noon|orig.date=1862-12-28
1862	12	28	11	58	0	-2.9	orig=-2.3R|orig.time=2:00PM|orig.date=1862-12-28
1862	12	28	18	58	0	-4.2	orig=-3.4R|orig.time=9:00PM|orig.date=1862-12-28
1862	12	29	4	58	0	-1.8	orig=-1.4R|orig.time=7:00AM|orig.date=1862-12-29
1862	12	29	9	58	0	2	orig=1.6R|orig.time=Noon|orig.date=1862-12-29
1862	12	29	11	58	0	2	orig=1.6R|orig.time=2:00PM|orig.date=1862-12-29
1862	12	29	18	58	0	1.5	orig=1.2R|orig.time=9:00PM|orig.date=1862-12-29
1862	12	30	4	58	0	1	orig=0.8R|orig.time=7:00AM|orig.date=1862-12-30
1862	12	30	9	58	0	1.9	orig=1.5R|orig.time=Noon|orig.date=1862-12-30
1862	12	30	11	58	0	2.5	orig=2R|orig.time=2:00PM|orig.date=1862-12-30
1862	12	30	18	58	0	1	orig=0.8R|orig.time=9:00PM|orig.date=1862-12-30
1862	12	31	4	58	0	-0.2	orig=-0.2R|orig.time=7:00AM|orig.date=1862-12-31
1862	12	31	9	58	0	2.8	orig=2.2R|orig.time=Noon|orig.date=1862-12-31
1862	12	31	11	58	0	2.1	orig=1.7R|orig.time=2:00PM|orig.date=1862-12-31
1862	12	31	18	58	0	1	orig=0.8R|orig.time=9:00PM|orig.date=1862-12-31
1863	1	1	4	58	0	1.2	orig=1R|orig.time=7:00AM|orig.date=1863-01-01
1863	1	1	9	58	0	2.4	orig=1.9R|orig.time=Noon|orig.date=1863-01-01
1863	1	1	11	58	0	1.6	orig=1.3R|orig.time=2:00PM|orig.date=1863-01-01
1863	1	1	18	58	0	1.2	orig=1R|orig.time=9:00PM|orig.date=1863-01-01
1863	1	2	4	58	0	-0.5	orig=-0.4R|orig.time=7:00AM|orig.date=1863-01-02
1863	1	2	9	58	0	2.2	orig=1.8R|orig.time=Noon|orig.date=1863-01-02
1863	1	2	11	58	0	2	orig=1.6R|orig.time=2:00PM|orig.date=1863-01-02
1863	1	2	18	58	0	-1.8	orig=-1.4R|orig.time=9:00PM|orig.date=1863-01-02
1863	1	3	4	58	0	-2.1	orig=-1.7R|orig.time=7:00AM|orig.date=1863-01-03
1863	1	3	9	58	0	-1.2	orig=-1R|orig.time=Noon|orig.date=1863-01-03
1863	1	3	11	58	0	-0.6	orig=-0.5R|orig.time=2:00PM|orig.date=1863-01-03
1863	1	3	18	58	0	-2.9	orig=-2.3R|orig.time=9:00PM|orig.date=1863-01-03
1863	1	4	4	58	0	-1.1	orig=-0.9R|orig.time=7:00AM|orig.date=1863-01-04
1863	1	4	9	58	0	1	orig=0.8R|orig.time=Noon|orig.date=1863-01-04
1863	1	4	11	58	0	0.9	orig=0.7R|orig.time=2:00PM|orig.date=1863-01-04
1863	1	4	18	58	0	-1	orig=-0.8R|orig.time=9:00PM|orig.date=1863-01-04
1863	1	5	4	58	0	-5	orig=-4R|orig.time=7:00AM|orig.date=1863-01-05
1863	1	5	9	58	0	-4.6	orig=-3.7R|orig.time=Noon|orig.date=1863-01-05
1863	1	5	11	58	0	-3.2	orig=-2.6R|orig.time=2:00PM|orig.date=1863-01-05
1863	1	5	18	58	0	-4.1	orig=-3.3R|orig.time=9:00PM|orig.date=1863-01-05
1863	1	6	4	58	0	-4.5	orig=-3.6R|orig.time=7:00AM|orig.date=1863-01-06
1863	1	6	9	58	0	-3.2	orig=-2.6R|orig.time=Noon|orig.date=1863-01-06
1863	1	6	11	58	0	-3.4	orig=-2.7R|orig.time=2:00PM|orig.date=1863-01-06
1863	1	6	18	58	0	-3.5	orig=-2.8R|orig.time=9:00PM|orig.date=1863-01-06
1863	1	7	4	58	0	-3.8	orig=-3R|orig.time=7:00AM|orig.date=1863-01-07
1863	1	7	9	58	0	-3.1	orig=-2.5R|orig.time=Noon|orig.date=1863-01-07
1863	1	7	11	58	0	-3.5	orig=-2.8R|orig.time=2:00PM|orig.date=1863-01-07
1863	1	7	18	58	0	-4.8	orig=-3.8R|orig.time=9:00PM|orig.date=1863-01-07
1863	1	8	4	58	0	-4.8	orig=-3.8R|orig.time=7:00AM|orig.date=1863-01-08
1863	1	8	9	58	0	-3.2	orig=-2.6R|orig.time=Noon|orig.date=1863-01-08
1863	1	8	11	58	0	-3.2	orig=-2.6R|orig.time=2:00PM|orig.date=1863-01-08
1863	1	8	18	58	0	-7.4	orig=-5.9R|orig.time=9:00PM|orig.date=1863-01-08
1863	1	9	4	58	0	-10.2	orig=-8.2R|orig.time=7:00AM|orig.date=1863-01-09
1863	1	9	9	58	0	-8.1	orig=-6.5R|orig.time=Noon|orig.date=1863-01-09
1863	1	9	11	58	0	-8	orig=-6.4R|orig.time=2:00PM|orig.date=1863-01-09
1863	1	9	18	58	0	-8.2	orig=-6.6R|orig.time=9:00PM|orig.date=1863-01-09
1863	1	10	4	58	0	-7.8	orig=-6.2R|orig.time=7:00AM|orig.date=1863-01-10
1863	1	10	9	58	0	-6.5	orig=-5.2R|orig.time=Noon|orig.date=1863-01-10
1863	1	10	11	58	0	-7.2	orig=-5.8R|orig.time=2:00PM|orig.date=1863-01-10
1863	1	10	18	58	0	-9	orig=-7.2R|orig.time=9:00PM|orig.date=1863-01-10
1863	1	11	4	58	0	-8.5	orig=-6.8R|orig.time=7:00AM|orig.date=1863-01-11
1863	1	11	9	58	0	-4.4	orig=-3.5R|orig.time=Noon|orig.date=1863-01-11
1863	1	11	11	58	0	-3.6	orig=-2.9R|orig.time=2:00PM|orig.date=1863-01-11
1863	1	11	18	58	0	-7.5	orig=-6R|orig.time=9:00PM|orig.date=1863-01-11
1863	1	12	4	58	0	-13	orig=-10.4R|orig.time=7:00AM|orig.date=1863-01-12
1863	1	12	9	58	0	-7.8	orig=-6.2R|orig.time=Noon|orig.date=1863-01-12
1863	1	12	11	58	0	-8.1	orig=-6.5R|orig.time=2:00PM|orig.date=1863-01-12
1863	1	12	18	58	0	-4	orig=-3.2R|orig.time=9:00PM|orig.date=1863-01-12
1863	1	13	4	58	0	-3.8	orig=-3R|orig.time=7:00AM|orig.date=1863-01-13
1863	1	13	9	58	0	-1.6	orig=-1.3R|orig.time=Noon|orig.date=1863-01-13
1863	1	13	11	58	0	-1.5	orig=-1.2R|orig.time=2:00PM|orig.date=1863-01-13
1863	1	13	18	58	0	-3	orig=-2.4R|orig.time=9:00PM|orig.date=1863-01-13
1863	1	14	4	58	0	-3.5	orig=-2.8R|orig.time=7:00AM|orig.date=1863-01-14
1863	1	14	9	58	0	-2.2	orig=-1.8R|orig.time=Noon|orig.date=1863-01-14
1863	1	14	11	58	0	-2	orig=-1.6R|orig.time=2:00PM|orig.date=1863-01-14
1863	1	14	18	58	0	-5.5	orig=-4.4R|orig.time=9:00PM|orig.date=1863-01-14
1863	1	15	4	58	0	-9.6	orig=-7.7R|orig.time=7:00AM|orig.date=1863-01-15
1863	1	15	9	58	0	-9.2	orig=-7.4R|orig.time=Noon|orig.date=1863-01-15
1863	1	15	11	58	0	-9.2	orig=-7.4R|orig.time=2:00PM|orig.date=1863-01-15
1863	1	15	18	58	0	-9.8	orig=-7.8R|orig.time=9:00PM|orig.date=1863-01-15
1863	1	16	4	58	0	-5.1	orig=-4.1R|orig.time=7:00AM|orig.date=1863-01-16
1863	1	16	9	58	0	-3.1	orig=-2.5R|orig.time=Noon|orig.date=1863-01-16
1863	1	16	11	58	0	-3.4	orig=-2.7R|orig.time=2:00PM|orig.date=1863-01-16
1863	1	16	18	58	0	-3.5	orig=-2.8R|orig.time=9:00PM|orig.date=1863-01-16
1863	1	17	4	58	0	-7.5	orig=-6R|orig.time=7:00AM|orig.date=1863-01-17
1863	1	17	9	58	0	-5.4	orig=-4.3R|orig.time=Noon|orig.date=1863-01-17
1863	1	17	11	58	0	-5	orig=-4R|orig.time=2:00PM|orig.date=1863-01-17
1863	1	17	18	58	0	-3.5	orig=-2.8R|orig.time=9:00PM|orig.date=1863-01-17
1863	1	18	4	58	0	-3.9	orig=-3.1R|orig.time=7:00AM|orig.date=1863-01-18
1863	1	18	9	58	0	-3.2	orig=-2.6R|orig.time=Noon|orig.date=1863-01-18
1863	1	18	11	58	0	-4	orig=-3.2R|orig.time=2:00PM|orig.date=1863-01-18
1863	1	18	18	58	0	-10	orig=-8R|orig.time=9:00PM|orig.date=1863-01-18
1863	1	19	4	58	0	-6.4	orig=-5.1R|orig.time=7:00AM|orig.date=1863-01-19
1863	1	19	9	58	0	-0.8	orig=-0.6R|orig.time=Noon|orig.date=1863-01-19
1863	1	19	11	58	0	0.8	orig=0.6R|orig.time=2:00PM|orig.date=1863-01-19
1863	1	19	18	58	0	0.4	orig=0.3R|orig.time=9:00PM|orig.date=1863-01-19
1863	1	20	4	58	0	1.9	orig=1.5R|orig.time=7:00AM|orig.date=1863-01-20
1863	1	20	9	58	0	3	orig=2.4R|orig.time=Noon|orig.date=1863-01-20
1863	1	20	11	58	0	3.1	orig=2.5R|orig.time=2:00PM|orig.date=1863-01-20
1863	1	20	18	58	0	1.1	orig=0.9R|orig.time=9:00PM|orig.date=1863-01-20
1863	1	21	4	58	0	2.8	orig=2.2R|orig.time=7:00AM|orig.date=1863-01-21
1863	1	21	9	58	0	2.2	orig=1.8R|orig.time=Noon|orig.date=1863-01-21
1863	1	21	11	58	0	2.5	orig=2R|orig.time=2:00PM|orig.date=1863-01-21
1863	1	21	18	58	0	-1	orig=-0.8R|orig.time=9:00PM|orig.date=1863-01-21
1863	1	22	4	58	0	-2.5	orig=-2R|orig.time=7:00AM|orig.date=1863-01-22
1863	1	22	9	58	0	1	orig=0.8R|orig.time=Noon|orig.date=1863-01-22
1863	1	22	11	58	0	1.8	orig=1.4R|orig.time=2:00PM|orig.date=1863-01-22
1863	1	22	18	58	0	-1.9	orig=-1.5R|orig.time=9:00PM|orig.date=1863-01-22
1863	1	23	4	58	0	-0.5	orig=-0.4R|orig.time=7:00AM|orig.date=1863-01-23
1863	1	23	9	58	0	-0.8	orig=-0.6R|orig.time=Noon|orig.date=1863-01-23
1863	1	23	11	58	0	-0.5	orig=-0.4R|orig.time=2:00PM|orig.date=1863-01-23
1863	1	23	18	58	0	-5.4	orig=-4.3R|orig.time=9:00PM|orig.date=1863-01-23
1863	1	24	4	58	0	-4.5	orig=-3.6R|orig.time=7:00AM|orig.date=1863-01-24
1863	1	24	9	58	0	-0.8	orig=-0.6R|orig.time=Noon|orig.date=1863-01-24
1863	1	24	11	58	0	1.4	orig=1.1R|orig.time=2:00PM|orig.date=1863-01-24
1863	1	24	18	58	0	0.1	orig=0.1R|orig.time=9:00PM|orig.date=1863-01-24
1863	1	25	4	58	0	0.1	orig=0.1R|orig.time=7:00AM|orig.date=1863-01-25
1863	1	25	9	58	0	1.1	orig=0.9R|orig.time=Noon|orig.date=1863-01-25
1863	1	25	11	58	0	1.1	orig=0.9R|orig.time=2:00PM|orig.date=1863-01-25
1863	1	25	18	58	0	-3.2	orig=-2.6R|orig.time=9:00PM|orig.date=1863-01-25
1863	1	26	4	58	0	-2.8	orig=-2.2R|orig.time=7:00AM|orig.date=1863-01-26
1863	1	26	9	58	0	2.4	orig=1.9R|orig.time=Noon|orig.date=1863-01-26
1863	1	26	11	58	0	2.4	orig=1.9R|orig.time=2:00PM|orig.date=1863-01-26
1863	1	26	18	58	0	0.5	orig=0.4R|orig.time=9:00PM|orig.date=1863-01-26
1863	1	27	4	58	0	-2.5	orig=-2R|orig.time=7:00AM|orig.date=1863-01-27
1863	1	27	9	58	0	2.2	orig=1.8R|orig.time=Noon|orig.date=1863-01-27
1863	1	27	11	58	0	2.1	orig=1.7R|orig.time=2:00PM|orig.date=1863-01-27
1863	1	27	18	58	0	-0.6	orig=-0.5R|orig.time=9:00PM|orig.date=1863-01-27
1863	1	28	4	58	0	1.2	orig=1R|orig.time=7:00AM|orig.date=1863-01-28
1863	1	28	9	58	0	2.2	orig=1.8R|orig.time=Noon|orig.date=1863-01-28
1863	1	28	11	58	0	3	orig=2.4R|orig.time=2:00PM|orig.date=1863-01-28
1863	1	28	18	58	0	-2.2	orig=-1.8R|orig.time=9:00PM|orig.date=1863-01-28
1863	1	29	4	58	0	-1.1	orig=-0.9R|orig.time=7:00AM|orig.date=1863-01-29
1863	1	29	9	58	0	0.8	orig=0.6R|orig.time=Noon|orig.date=1863-01-29
1863	1	29	11	58	0	0.5	orig=0.4R|orig.time=2:00PM|orig.date=1863-01-29
1863	1	29	18	58	0	-1.5	orig=-1.2R|orig.time=9:00PM|orig.date=1863-01-29
1863	1	30	4	58	0	-3.5	orig=-2.8R|orig.time=7:00AM|orig.date=1863-01-30
1863	1	30	9	58	0	0.2	orig=0.2R|orig.time=Noon|orig.date=1863-01-30
1863	1	30	11	58	0	1	orig=0.8R|orig.time=2:00PM|orig.date=1863-01-30
1863	1	30	18	58	0	-0.4	orig=-0.3R|orig.time=9:00PM|orig.date=1863-01-30
1863	1	31	4	58	0	0.8	orig=0.6R|orig.time=7:00AM|orig.date=1863-01-31
1863	1	31	9	58	0	2.6	orig=2.1R|orig.time=Noon|orig.date=1863-01-31
1863	1	31	11	58	0	3	orig=2.4R|orig.time=2:00PM|orig.date=1863-01-31
1863	1	31	18	58	0	1.5	orig=1.2R|orig.time=9:00PM|orig.date=1863-01-31
1863	2	1	4	58	0	0	orig=0R|orig.time=7:00AM|orig.date=1863-02-01
1863	2	1	9	58	0	3.2	orig=2.6R|orig.time=Noon|orig.date=1863-02-01
1863	2	1	11	58	0	3.6	orig=2.9R|orig.time=2:00PM|orig.date=1863-02-01
1863	2	1	18	58	0	1.6	orig=1.3R|orig.time=9:00PM|orig.date=1863-02-01
1863	2	2	4	58	0	2.4	orig=1.9R|orig.time=7:00AM|orig.date=1863-02-02
1863	2	2	9	58	0	2.8	orig=2.2R|orig.time=Noon|orig.date=1863-02-02
1863	2	2	11	58	0	1	orig=0.8R|orig.time=2:00PM|orig.date=1863-02-02
1863	2	2	18	58	0	-4	orig=-3.2R|orig.time=9:00PM|orig.date=1863-02-02
1863	2	3	4	58	0	-12.2	orig=-9.8R|orig.time=7:00AM|orig.date=1863-02-03
1863	2	3	9	58	0	-8.2	orig=-6.6R|orig.time=Noon|orig.date=1863-02-03
1863	2	3	11	58	0	-7.2	orig=-5.8R|orig.time=2:00PM|orig.date=1863-02-03
1863	2	3	18	58	0	-11.2	orig=-9R|orig.time=9:00PM|orig.date=1863-02-03
1863	2	4	4	58	0	-1.9	orig=-1.5R|orig.time=7:00AM|orig.date=1863-02-04
1863	2	4	9	58	0	-6	orig=-4.8R|orig.time=Noon|orig.date=1863-02-04
1863	2	4	11	58	0	-4.8	orig=-3.8R|orig.time=2:00PM|orig.date=1863-02-04
1863	2	4	18	58	0	-8.6	orig=-6.9R|orig.time=9:00PM|orig.date=1863-02-04
1863	2	5	4	58	0	-7.5	orig=-6R|orig.time=7:00AM|orig.date=1863-02-05
1863	2	5	9	58	0	-4.2	orig=-3.4R|orig.time=Noon|orig.date=1863-02-05
1863	2	5	11	58	0	-3.5	orig=-2.8R|orig.time=2:00PM|orig.date=1863-02-05
1863	2	5	18	58	0	-4.4	orig=-3.5R|orig.time=9:00PM|orig.date=1863-02-05
1863	2	6	4	58	0	-2.9	orig=-2.3R|orig.time=7:00AM|orig.date=1863-02-06
1863	2	6	9	58	0	1.9	orig=1.5R|orig.time=Noon|orig.date=1863-02-06
1863	2	6	11	58	0	2.5	orig=2R|orig.time=2:00PM|orig.date=1863-02-06
1863	2	6	18	58	0	-1.5	orig=-1.2R|orig.time=9:00PM|orig.date=1863-02-06
1863	2	7	4	58	0	3.2	orig=2.6R|orig.time=7:00AM|orig.date=1863-02-07
1863	2	7	9	58	0	4.6	orig=3.7R|orig.time=Noon|orig.date=1863-02-07
1863	2	7	11	58	0	4	orig=3.2R|orig.time=2:00PM|orig.date=1863-02-07
1863	2	7	18	58	0	5.8	orig=4.6R|orig.time=9:00PM|orig.date=1863-02-07
1863	2	8	4	58	0	2.4	orig=1.9R|orig.time=7:00AM|orig.date=1863-02-08
1863	2	8	9	58	0	4.6	orig=3.7R|orig.time=Noon|orig.date=1863-02-08
1863	2	8	11	58	0	5.1	orig=4.1R|orig.time=2:00PM|orig.date=1863-02-08
1863	2	8	18	58	0	1.5	orig=1.2R|orig.time=9:00PM|orig.date=1863-02-08
1863	2	9	4	58	0	0.5	orig=0.4R|orig.time=7:00AM|orig.date=1863-02-09
1863	2	9	9	58	0	2.4	orig=1.9R|orig.time=Noon|orig.date=1863-02-09
1863	2	9	11	58	0	3.2	orig=2.6R|orig.time=2:00PM|orig.date=1863-02-09
1863	2	9	18	58	0	0.2	orig=0.2R|orig.time=9:00PM|orig.date=1863-02-09
1863	2	10	4	58	0	-1.1	orig=-0.9R|orig.time=7:00AM|orig.date=1863-02-10
1863	2	10	9	58	0	0.6	orig=0.5R|orig.time=Noon|orig.date=1863-02-10
1863	2	10	11	58	0	-0.9	orig=-0.7R|orig.time=2:00PM|orig.date=1863-02-10
1863	2	10	18	58	0	-7	orig=-5.6R|orig.time=9:00PM|orig.date=1863-02-10
1863	2	11	4	58	0	-4.8	orig=-3.8R|orig.time=7:00AM|orig.date=1863-02-11
1863	2	11	9	58	0	0.9	orig=0.7R|orig.time=Noon|orig.date=1863-02-11
1863	2	11	11	58	0	2	orig=1.6R|orig.time=2:00PM|orig.date=1863-02-11
1863	2	11	18	58	0	0.2	orig=0.2R|orig.time=9:00PM|orig.date=1863-02-11
1863	2	12	4	58	0	1.1	orig=0.9R|orig.time=7:00AM|orig.date=1863-02-12
1863	2	12	9	58	0	3.5	orig=2.8R|orig.time=Noon|orig.date=1863-02-12
1863	2	12	11	58	0	3.8	orig=3R|orig.time=2:00PM|orig.date=1863-02-12
1863	2	12	18	58	0	0.4	orig=0.3R|orig.time=9:00PM|orig.date=1863-02-12
1863	2	13	4	58	0	3	orig=2.4R|orig.time=7:00AM|orig.date=1863-02-13
1863	2	13	9	58	0	2.5	orig=2R|orig.time=Noon|orig.date=1863-02-13
1863	2	13	11	58	0	2.9	orig=2.3R|orig.time=2:00PM|orig.date=1863-02-13
1863	2	13	18	58	0	0	orig=0R|orig.time=9:00PM|orig.date=1863-02-13
1863	2	14	4	58	0	-1	orig=-0.8R|orig.time=7:00AM|orig.date=1863-02-14
1863	2	14	9	58	0	1.8	orig=1.4R|orig.time=Noon|orig.date=1863-02-14
1863	2	14	11	58	0	1.8	orig=1.4R|orig.time=2:00PM|orig.date=1863-02-14
1863	2	14	18	58	0	-0.2	orig=-0.2R|orig.time=9:00PM|orig.date=1863-02-14
1863	2	15	4	58	0	-0.2	orig=-0.2R|orig.time=7:00AM|orig.date=1863-02-15
1863	2	15	9	58	0	0.8	orig=0.6R|orig.time=Noon|orig.date=1863-02-15
1863	2	15	11	58	0	0.1	orig=0.1R|orig.time=2:00PM|orig.date=1863-02-15
1863	2	15	18	58	0	-2.2	orig=-1.8R|orig.time=9:00PM|orig.date=1863-02-15
1863	2	16	4	58	0	-7.2	orig=-5.8R|orig.time=7:00AM|orig.date=1863-02-16
1863	2	16	9	58	0	-1.5	orig=-1.2R|orig.time=Noon|orig.date=1863-02-16
1863	2	16	11	58	0	-1	orig=-0.8R|orig.time=2:00PM|orig.date=1863-02-16
1863	2	16	18	58	0	-4.8	orig=-3.8R|orig.time=9:00PM|orig.date=1863-02-16
1863	2	17	4	58	0	-5.2	orig=-4.2R|orig.time=7:00AM|orig.date=1863-02-17
1863	2	17	9	58	0	-4.5	orig=-3.6R|orig.time=Noon|orig.date=1863-02-17
1863	2	17	11	58	0	-4.8	orig=-3.8R|orig.time=2:00PM|orig.date=1863-02-17
1863	2	17	18	58	0	-3	orig=-2.4R|orig.time=9:00PM|orig.date=1863-02-17
1863	2	18	4	58	0	-4.5	orig=-3.6R|orig.time=7:00AM|orig.date=1863-02-18
1863	2	18	9	58	0	-2	orig=-1.6R|orig.time=Noon|orig.date=1863-02-18
1863	2	18	11	58	0	-1.6	orig=-1.3R|orig.time=2:00PM|orig.date=1863-02-18
1863	2	18	18	58	0	-1.2	orig=-1R|orig.time=9:00PM|orig.date=1863-02-18
1863	2	19	4	58	0	-1.1	orig=-0.9R|orig.time=7:00AM|orig.date=1863-02-19
1863	2	19	9	58	0	1.6	orig=1.3R|orig.time=Noon|orig.date=1863-02-19
1863	2	19	11	58	0	2.1	orig=1.7R|orig.time=2:00PM|orig.date=1863-02-19
1863	2	19	18	58	0	-3.1	orig=-2.5R|orig.time=9:00PM|orig.date=1863-02-19
1863	2	20	4	58	0	-7	orig=-5.6R|orig.time=7:00AM|orig.date=1863-02-20
1863	2	20	9	58	0	-6.4	orig=-5.1R|orig.time=Noon|orig.date=1863-02-20
1863	2	20	11	58	0	-7	orig=-5.6R|orig.time=2:00PM|orig.date=1863-02-20
1863	2	20	18	58	0	-8.5	orig=-6.8R|orig.time=9:00PM|orig.date=1863-02-20
1863	2	21	4	58	0	-11	orig=-8.8R|orig.time=7:00AM|orig.date=1863-02-21
1863	2	21	9	58	0	-5.2	orig=-4.2R|orig.time=Noon|orig.date=1863-02-21
1863	2	21	11	58	0	-3.6	orig=-2.9R|orig.time=2:00PM|orig.date=1863-02-21
1863	2	21	18	58	0	-3	orig=-2.4R|orig.time=9:00PM|orig.date=1863-02-21
1863	2	22	4	58	0	-7.8	orig=-6.2R|orig.time=7:00AM|orig.date=1863-02-22
1863	2	22	9	58	0	1.4	orig=1.1R|orig.time=Noon|orig.date=1863-02-22
1863	2	22	11	58	0	3.5	orig=2.8R|orig.time=2:00PM|orig.date=1863-02-22
1863	2	22	18	58	0	-1.5	orig=-1.2R|orig.time=9:00PM|orig.date=1863-02-22
1863	2	23	4	58	0	-5.2	orig=-4.2R|orig.time=7:00AM|orig.date=1863-02-23
1863	2	23	9	58	0	2.2	orig=1.8R|orig.time=Noon|orig.date=1863-02-23
1863	2	23	11	58	0	3.1	orig=2.5R|orig.time=2:00PM|orig.date=1863-02-23
1863	2	23	18	58	0	-0.5	orig=-0.4R|orig.time=9:00PM|orig.date=1863-02-23
1863	2	24	4	58	0	-1.4	orig=-1.1R|orig.time=7:00AM|orig.date=1863-02-24
1863	2	24	9	58	0	0	orig=0R|orig.time=Noon|orig.date=1863-02-24
1863	2	24	11	58	0	0.5	orig=0.4R|orig.time=2:00PM|orig.date=1863-02-24
1863	2	24	18	58	0	-4.4	orig=-3.5R|orig.time=9:00PM|orig.date=1863-02-24
1863	2	25	4	58	0	-3.5	orig=-2.8R|orig.time=7:00AM|orig.date=1863-02-25
1863	2	25	9	58	0	-0.5	orig=-0.4R|orig.time=Noon|orig.date=1863-02-25
1863	2	25	11	58	0	-0.1	orig=-0.1R|orig.time=2:00PM|orig.date=1863-02-25
1863	2	25	18	58	0	-7	orig=-5.6R|orig.time=9:00PM|orig.date=1863-02-25
1863	2	26	4	58	0	-12.5	orig=-10R|orig.time=7:00AM|orig.date=1863-02-26
1863	2	26	9	58	0	-3	orig=-2.4R|orig.time=Noon|orig.date=1863-02-26
1863	2	26	11	58	0	-2	orig=-1.6R|orig.time=2:00PM|orig.date=1863-02-26
1863	2	26	18	58	0	-0.8	orig=-0.6R|orig.time=9:00PM|orig.date=1863-02-26
1863	2	27	4	58	0	0.2	orig=0.2R|orig.time=7:00AM|orig.date=1863-02-27
1863	2	27	9	58	0	3	orig=2.4R|orig.time=Noon|orig.date=1863-02-27
1863	2	27	11	58	0	4.2	orig=3.4R|orig.time=2:00PM|orig.date=1863-02-27
1863	2	27	18	58	0	1.8	orig=1.4R|orig.time=9:00PM|orig.date=1863-02-27
1863	2	28	4	58	0	2.4	orig=1.9R|orig.time=7:00AM|orig.date=1863-02-28
1863	2	28	9	58	0	4.5	orig=3.6R|orig.time=Noon|orig.date=1863-02-28
1863	2	28	11	58	0	5.1	orig=4.1R|orig.time=2:00PM|orig.date=1863-02-28
1863	2	28	18	58	0	3.8	orig=3R|orig.time=9:00PM|orig.date=1863-02-28
1863	3	1	4	58	0	1.5	orig=1.2R|orig.time=7:00AM|orig.date=1863-03-01
1863	3	1	9	58	0	5	orig=4R|orig.time=Noon|orig.date=1863-03-01
1863	3	1	11	58	0	6.8	orig=5.4R|orig.time=2:00PM|orig.date=1863-03-01
1863	3	1	18	58	0	1.5	orig=1.2R|orig.time=9:00PM|orig.date=1863-03-01
1863	3	2	4	58	0	-2.4	orig=-1.9R|orig.time=7:00AM|orig.date=1863-03-02
1863	3	2	9	58	0	6	orig=4.8R|orig.time=Noon|orig.date=1863-03-02
1863	3	2	11	58	0	7	orig=5.6R|orig.time=2:00PM|orig.date=1863-03-02
1863	3	2	18	58	0	3.2	orig=2.6R|orig.time=9:00PM|orig.date=1863-03-02
1863	3	3	4	58	0	1	orig=0.8R|orig.time=7:00AM|orig.date=1863-03-03
1863	3	3	9	58	0	6.2	orig=5R|orig.time=Noon|orig.date=1863-03-03
1863	3	3	11	58	0	6.8	orig=5.4R|orig.time=2:00PM|orig.date=1863-03-03
1863	3	3	18	58	0	3.1	orig=2.5R|orig.time=9:00PM|orig.date=1863-03-03
1863	3	4	4	58	0	1.4	orig=1.1R|orig.time=7:00AM|orig.date=1863-03-04
1863	3	4	9	58	0	6.6	orig=5.3R|orig.time=Noon|orig.date=1863-03-04
1863	3	4	11	58	0	8.2	orig=6.6R|orig.time=2:00PM|orig.date=1863-03-04
1863	3	4	18	58	0	1.5	orig=1.2R|orig.time=9:00PM|orig.date=1863-03-04
1863	3	5	4	58	0	-1.4	orig=-1.1R|orig.time=7:00AM|orig.date=1863-03-05
1863	3	5	9	58	0	6.1	orig=4.9R|orig.time=Noon|orig.date=1863-03-05
1863	3	5	11	58	0	8.5	orig=6.8R|orig.time=2:00PM|orig.date=1863-03-05
1863	3	5	18	58	0	2.4	orig=1.9R|orig.time=9:00PM|orig.date=1863-03-05
1863	3	6	4	58	0	-2	orig=-1.6R|orig.time=7:00AM|orig.date=1863-03-06
1863	3	6	9	58	0	0.4	orig=0.3R|orig.time=Noon|orig.date=1863-03-06
1863	3	6	11	58	0	1.4	orig=1.1R|orig.time=2:00PM|orig.date=1863-03-06
1863	3	6	18	58	0	-1.5	orig=-1.2R|orig.time=9:00PM|orig.date=1863-03-06
1863	3	7	4	58	0	-1.9	orig=-1.5R|orig.time=7:00AM|orig.date=1863-03-07
1863	3	7	9	58	0	6.4	orig=5.1R|orig.time=Noon|orig.date=1863-03-07
1863	3	7	11	58	0	9.1	orig=7.3R|orig.time=2:00PM|orig.date=1863-03-07
1863	3	7	18	58	0	6	orig=4.8R|orig.time=9:00PM|orig.date=1863-03-07
1863	3	8	4	58	0	4.1	orig=3.3R|orig.time=7:00AM|orig.date=1863-03-08
1863	3	8	9	58	0	10.1	orig=8.1R|orig.time=Noon|orig.date=1863-03-08
1863	3	8	11	58	0	10.9	orig=8.7R|orig.time=2:00PM|orig.date=1863-03-08
1863	3	8	18	58	0	5.9	orig=4.7R|orig.time=9:00PM|orig.date=1863-03-08
1863	3	9	4	58	0	5.5	orig=4.4R|orig.time=7:00AM|orig.date=1863-03-09
1863	3	9	9	58	0	9.8	orig=7.8R|orig.time=Noon|orig.date=1863-03-09
1863	3	9	11	58	0	9.8	orig=7.8R|orig.time=2:00PM|orig.date=1863-03-09
1863	3	9	18	58	0	4.2	orig=3.4R|orig.time=9:00PM|orig.date=1863-03-09
1863	3	10	4	58	0	-1.2	orig=-1R|orig.time=7:00AM|orig.date=1863-03-10
1863	3	10	9	58	0	0.4	orig=0.3R|orig.time=Noon|orig.date=1863-03-10
1863	3	10	11	58	0	3	orig=2.4R|orig.time=2:00PM|orig.date=1863-03-10
1863	3	10	18	58	0	-0.5	orig=-0.4R|orig.time=9:00PM|orig.date=1863-03-10
1863	3	11	4	58	0	-2.2	orig=-1.8R|orig.time=7:00AM|orig.date=1863-03-11
1863	3	11	9	58	0	-2.4	orig=-1.9R|orig.time=Noon|orig.date=1863-03-11
1863	3	11	11	58	0	-2.9	orig=-2.3R|orig.time=2:00PM|orig.date=1863-03-11
1863	3	11	18	58	0	-4.2	orig=-3.4R|orig.time=9:00PM|orig.date=1863-03-11
1863	3	12	4	58	0	-5.6	orig=-4.5R|orig.time=7:00AM|orig.date=1863-03-12
1863	3	12	9	58	0	-2	orig=-1.6R|orig.time=Noon|orig.date=1863-03-12
1863	3	12	11	58	0	-0.4	orig=-0.3R|orig.time=2:00PM|orig.date=1863-03-12
1863	3	12	18	58	0	-1.8	orig=-1.4R|orig.time=9:00PM|orig.date=1863-03-12
1863	3	13	4	58	0	-3.2	orig=-2.6R|orig.time=7:00AM|orig.date=1863-03-13
1863	3	13	9	58	0	-2.1	orig=-1.7R|orig.time=Noon|orig.date=1863-03-13
1863	3	13	11	58	0	-1.8	orig=-1.4R|orig.time=2:00PM|orig.date=1863-03-13
1863	3	13	18	58	0	-2	orig=-1.6R|orig.time=9:00PM|orig.date=1863-03-13
1863	3	14	4	58	0	-1.5	orig=-1.2R|orig.time=7:00AM|orig.date=1863-03-14
1863	3	14	9	58	0	0.8	orig=0.6R|orig.time=Noon|orig.date=1863-03-14
1863	3	14	11	58	0	1.5	orig=1.2R|orig.time=2:00PM|orig.date=1863-03-14
1863	3	14	18	58	0	-0.2	orig=-0.2R|orig.time=9:00PM|orig.date=1863-03-14
1863	3	15	4	58	0	-1.4	orig=-1.1R|orig.time=7:00AM|orig.date=1863-03-15
1863	3	15	9	58	0	0.8	orig=0.6R|orig.time=Noon|orig.date=1863-03-15
1863	3	15	11	58	0	0.5	orig=0.4R|orig.time=2:00PM|orig.date=1863-03-15
1863	3	15	18	58	0	-0.4	orig=-0.3R|orig.time=9:00PM|orig.date=1863-03-15
1863	3	16	4	58	0	0.2	orig=0.2R|orig.time=7:00AM|orig.date=1863-03-16
1863	3	16	9	58	0	2	orig=1.6R|orig.time=Noon|orig.date=1863-03-16
1863	3	16	11	58	0	2.5	orig=2R|orig.time=2:00PM|orig.date=1863-03-16
1863	3	16	18	58	0	1.8	orig=1.4R|orig.time=9:00PM|orig.date=1863-03-16
1863	3	17	4	58	0	-0.8	orig=-0.6R|orig.time=7:00AM|orig.date=1863-03-17
1863	3	17	9	58	0	-1.6	orig=-1.3R|orig.time=Noon|orig.date=1863-03-17
1863	3	17	11	58	0	-0.6	orig=-0.5R|orig.time=2:00PM|orig.date=1863-03-17
1863	3	17	18	58	0	-1	orig=-0.8R|orig.time=9:00PM|orig.date=1863-03-17
1863	3	18	4	58	0	-1.8	orig=-1.4R|orig.time=7:00AM|orig.date=1863-03-18
1863	3	18	9	58	0	0	orig=0R|orig.time=Noon|orig.date=1863-03-18
1863	3	18	11	58	0	0.8	orig=0.6R|orig.time=2:00PM|orig.date=1863-03-18
1863	3	18	18	58	0	0	orig=0R|orig.time=9:00PM|orig.date=1863-03-18
1863	3	19	4	58	0	0.2	orig=0.2R|orig.time=7:00AM|orig.date=1863-03-19
1863	3	19	9	58	0	-0.4	orig=-0.3R|orig.time=Noon|orig.date=1863-03-19
1863	3	19	11	58	0	-0.1	orig=-0.1R|orig.time=2:00PM|orig.date=1863-03-19
1863	3	19	18	58	0	0	orig=0R|orig.time=9:00PM|orig.date=1863-03-19
1863	3	20	4	58	0	-0.2	orig=-0.2R|orig.time=7:00AM|orig.date=1863-03-20
1863	3	20	9	58	0	0.8	orig=0.6R|orig.time=Noon|orig.date=1863-03-20
1863	3	20	11	58	0	0.5	orig=0.4R|orig.time=2:00PM|orig.date=1863-03-20
1863	3	20	18	58	0	0	orig=0R|orig.time=9:00PM|orig.date=1863-03-20
1863	3	21	4	58	0	0.5	orig=0.4R|orig.time=7:00AM|orig.date=1863-03-21
1863	3	21	9	58	0	2.4	orig=1.9R|orig.time=Noon|orig.date=1863-03-21
1863	3	21	11	58	0	3	orig=2.4R|orig.time=2:00PM|orig.date=1863-03-21
1863	3	21	18	58	0	1.5	orig=1.2R|orig.time=9:00PM|orig.date=1863-03-21
1863	3	22	4	58	0	1.1	orig=0.9R|orig.time=7:00AM|orig.date=1863-03-22
1863	3	22	9	58	0	6.5	orig=5.2R|orig.time=Noon|orig.date=1863-03-22
1863	3	22	11	58	0	7.5	orig=6R|orig.time=2:00PM|orig.date=1863-03-22
1863	3	22	18	58	0	1.4	orig=1.1R|orig.time=9:00PM|orig.date=1863-03-22
1863	3	23	4	58	0	0.8	orig=0.6R|orig.time=7:00AM|orig.date=1863-03-23
1863	3	23	9	58	0	5.5	orig=4.4R|orig.time=Noon|orig.date=1863-03-23
1863	3	23	11	58	0	5.2	orig=4.2R|orig.time=2:00PM|orig.date=1863-03-23
1863	3	23	18	58	0	2.5	orig=2R|orig.time=9:00PM|orig.date=1863-03-23
1863	3	24	4	58	0	0.8	orig=0.6R|orig.time=7:00AM|orig.date=1863-03-24
1863	3	24	9	58	0	9.5	orig=7.6R|orig.time=Noon|orig.date=1863-03-24
1863	3	24	11	58	0	11.8	orig=9.4R|orig.time=2:00PM|orig.date=1863-03-24
1863	3	24	18	58	0	7.5	orig=6R|orig.time=9:00PM|orig.date=1863-03-24
1863	3	25	4	58	0	5.9	orig=4.7R|orig.time=7:00AM|orig.date=1863-03-25
1863	3	25	9	58	0	9.8	orig=7.8R|orig.time=Noon|orig.date=1863-03-25
1863	3	25	11	58	0	9.5	orig=7.6R|orig.time=2:00PM|orig.date=1863-03-25
1863	3	25	18	58	0	4.9	orig=3.9R|orig.time=9:00PM|orig.date=1863-03-25
1863	3	26	4	58	0	2.8	orig=2.2R|orig.time=7:00AM|orig.date=1863-03-26
1863	3	26	9	58	0	8.9	orig=7.1R|orig.time=Noon|orig.date=1863-03-26
1863	3	26	11	58	0	9.2	orig=7.4R|orig.time=2:00PM|orig.date=1863-03-26
1863	3	26	18	58	0	5	orig=4R|orig.time=9:00PM|orig.date=1863-03-26
1863	3	27	4	58	0	5	orig=4R|orig.time=7:00AM|orig.date=1863-03-27
1863	3	27	9	58	0	11.9	orig=9.5R|orig.time=Noon|orig.date=1863-03-27
1863	3	27	11	58	0	4.8	orig=3.8R|orig.time=2:00PM|orig.date=1863-03-27
1863	3	27	18	58	0	1.9	orig=1.5R|orig.time=9:00PM|orig.date=1863-03-27
1863	3	28	4	58	0	-0.6	orig=-0.5R|orig.time=7:00AM|orig.date=1863-03-28
1863	3	28	9	58	0	5.1	orig=4.1R|orig.time=Noon|orig.date=1863-03-28
1863	3	28	11	58	0	5.5	orig=4.4R|orig.time=2:00PM|orig.date=1863-03-28
1863	3	28	18	58	0	4.2	orig=3.4R|orig.time=9:00PM|orig.date=1863-03-28
1863	3	29	4	58	0	1.5	orig=1.2R|orig.time=7:00AM|orig.date=1863-03-29
1863	3	29	9	58	0	6.8	orig=5.4R|orig.time=Noon|orig.date=1863-03-29
1863	3	29	11	58	0	7.2	orig=5.8R|orig.time=2:00PM|orig.date=1863-03-29
1863	3	29	18	58	0	1.5	orig=1.2R|orig.time=9:00PM|orig.date=1863-03-29
1863	3	30	4	58	0	2.1	orig=1.7R|orig.time=7:00AM|orig.date=1863-03-30
1863	3	30	9	58	0	0.8	orig=0.6R|orig.time=Noon|orig.date=1863-03-30
1863	3	30	11	58	0	-0.5	orig=-0.4R|orig.time=2:00PM|orig.date=1863-03-30
1863	3	30	18	58	0	-1.9	orig=-1.5R|orig.time=9:00PM|orig.date=1863-03-30
1863	3	31	4	58	0	-1.9	orig=-1.5R|orig.time=7:00AM|orig.date=1863-03-31
1863	3	31	9	58	0	-0.2	orig=-0.2R|orig.time=Noon|orig.date=1863-03-31
1863	3	31	11	58	0	1.2	orig=1R|orig.time=2:00PM|orig.date=1863-03-31
1863	3	31	18	58	0	-1.1	orig=-0.9R|orig.time=9:00PM|orig.date=1863-03-31
1863	4	1	4	58	0	-1.9	orig=-1.5R|orig.time=7:00AM|orig.date=1863-04-01
1863	4	1	9	58	0	-1.1	orig=-0.9R|orig.time=Noon|orig.date=1863-04-01
1863	4	1	11	58	0	0.2	orig=0.2R|orig.time=2:00PM|orig.date=1863-04-01
1863	4	1	18	58	0	-2.2	orig=-1.8R|orig.time=9:00PM|orig.date=1863-04-01
1863	4	2	4	58	0	-3	orig=-2.4R|orig.time=7:00AM|orig.date=1863-04-02
1863	4	2	9	58	0	3.5	orig=2.8R|orig.time=Noon|orig.date=1863-04-02
1863	4	2	11	58	0	4	orig=3.2R|orig.time=2:00PM|orig.date=1863-04-02
1863	4	2	18	58	0	-0.2	orig=-0.2R|orig.time=9:00PM|orig.date=1863-04-02
1863	4	3	4	58	0	0.6	orig=0.5R|orig.time=7:00AM|orig.date=1863-04-03
1863	4	3	9	58	0	0.2	orig=0.2R|orig.time=Noon|orig.date=1863-04-03
1863	4	3	11	58	0	1.1	orig=0.9R|orig.time=2:00PM|orig.date=1863-04-03
1863	4	3	18	58	0	-2.6	orig=-2.1R|orig.time=9:00PM|orig.date=1863-04-03
1863	4	4	4	58	0	-2.2	orig=-1.8R|orig.time=7:00AM|orig.date=1863-04-04
1863	4	4	9	58	0	0.8	orig=0.6R|orig.time=Noon|orig.date=1863-04-04
1863	4	4	11	58	0	0.5	orig=0.4R|orig.time=2:00PM|orig.date=1863-04-04
1863	4	4	18	58	0	-2	orig=-1.6R|orig.time=9:00PM|orig.date=1863-04-04
1863	4	5	4	58	0	-1.9	orig=-1.5R|orig.time=7:00AM|orig.date=1863-04-05
1863	4	5	9	58	0	5.2	orig=4.2R|orig.time=Noon|orig.date=1863-04-05
1863	4	5	11	58	0	6.1	orig=4.9R|orig.time=2:00PM|orig.date=1863-04-05
1863	4	5	18	58	0	0	orig=0R|orig.time=9:00PM|orig.date=1863-04-05
1863	4	6	4	58	0	-1	orig=-0.8R|orig.time=7:00AM|orig.date=1863-04-06
1863	4	6	9	58	0	4.6	orig=3.7R|orig.time=Noon|orig.date=1863-04-06
1863	4	6	11	58	0	8	orig=6.4R|orig.time=2:00PM|orig.date=1863-04-06
1863	4	6	18	58	0	0.9	orig=0.7R|orig.time=9:00PM|orig.date=1863-04-06
1863	4	7	4	58	0	2.2	orig=1.8R|orig.time=7:00AM|orig.date=1863-04-07
1863	4	7	9	58	0	10.8	orig=8.6R|orig.time=Noon|orig.date=1863-04-07
1863	4	7	11	58	0	8.2	orig=6.6R|orig.time=2:00PM|orig.date=1863-04-07
1863	4	7	18	58	0	1.9	orig=1.5R|orig.time=9:00PM|orig.date=1863-04-07
1863	4	8	4	58	0	0	orig=0R|orig.time=7:00AM|orig.date=1863-04-08
1863	4	8	9	58	0	4	orig=3.2R|orig.time=Noon|orig.date=1863-04-08
1863	4	8	11	58	0	4.9	orig=3.9R|orig.time=2:00PM|orig.date=1863-04-08
1863	4	8	18	58	0	2.5	orig=2R|orig.time=9:00PM|orig.date=1863-04-08
1863	4	9	4	58	0	1.2	orig=1R|orig.time=7:00AM|orig.date=1863-04-09
1863	4	9	9	58	0	5	orig=4R|orig.time=Noon|orig.date=1863-04-09
1863	4	9	11	58	0	5	orig=4R|orig.time=2:00PM|orig.date=1863-04-09
1863	4	9	18	58	0	5.2	orig=4.2R|orig.time=9:00PM|orig.date=1863-04-09
1863	4	10	4	58	0	4.2	orig=3.4R|orig.time=7:00AM|orig.date=1863-04-10
1863	4	10	9	58	0	11.9	orig=9.5R|orig.time=Noon|orig.date=1863-04-10
1863	4	10	11	58	0	12.9	orig=10.3R|orig.time=2:00PM|orig.date=1863-04-10
1863	4	10	18	58	0	4.8	orig=3.8R|orig.time=9:00PM|orig.date=1863-04-10
1863	4	11	4	58	0	3.1	orig=2.5R|orig.time=7:00AM|orig.date=1863-04-11
1863	4	11	9	58	0	9.5	orig=7.6R|orig.time=Noon|orig.date=1863-04-11
1863	4	11	11	58	0	9.2	orig=7.4R|orig.time=2:00PM|orig.date=1863-04-11
1863	4	11	18	58	0	7	orig=5.6R|orig.time=9:00PM|orig.date=1863-04-11
1863	4	12	4	58	0	4	orig=3.2R|orig.time=7:00AM|orig.date=1863-04-12
1863	4	12	9	58	0	11.6	orig=9.3R|orig.time=Noon|orig.date=1863-04-12
1863	4	12	11	58	0	12	orig=9.6R|orig.time=2:00PM|orig.date=1863-04-12
1863	4	12	18	58	0	7.2	orig=5.8R|orig.time=9:00PM|orig.date=1863-04-12
1863	4	13	4	58	0	5.4	orig=4.3R|orig.time=7:00AM|orig.date=1863-04-13
1863	4	13	9	58	0	11.5	orig=9.2R|orig.time=Noon|orig.date=1863-04-13
1863	4	13	11	58	0	12.5	orig=10R|orig.time=2:00PM|orig.date=1863-04-13
1863	4	13	18	58	0	7.8	orig=6.2R|orig.time=9:00PM|orig.date=1863-04-13
1863	4	14	4	58	0	6.2	orig=5R|orig.time=7:00AM|orig.date=1863-04-14
1863	4	14	9	58	0	13.5	orig=10.8R|orig.time=Noon|orig.date=1863-04-14
1863	4	14	11	58	0	12.5	orig=10R|orig.time=2:00PM|orig.date=1863-04-14
1863	4	14	18	58	0	7.4	orig=5.9R|orig.time=9:00PM|orig.date=1863-04-14
1863	4	15	4	58	0	5.8	orig=4.6R|orig.time=7:00AM|orig.date=1863-04-15
1863	4	15	9	58	0	7.8	orig=6.2R|orig.time=Noon|orig.date=1863-04-15
1863	4	15	11	58	0	8.5	orig=6.8R|orig.time=2:00PM|orig.date=1863-04-15
1863	4	15	18	58	0	0.2	orig=0.2R|orig.time=9:00PM|orig.date=1863-04-15
1863	4	16	4	58	0	-0.2	orig=-0.2R|orig.time=7:00AM|orig.date=1863-04-16
1863	4	16	9	58	0	1	orig=0.8R|orig.time=Noon|orig.date=1863-04-16
1863	4	16	11	58	0	2.1	orig=1.7R|orig.time=2:00PM|orig.date=1863-04-16
1863	4	16	18	58	0	-1.9	orig=-1.5R|orig.time=9:00PM|orig.date=1863-04-16
1863	4	17	4	58	0	1.2	orig=1R|orig.time=7:00AM|orig.date=1863-04-17
1863	4	17	9	58	0	5.9	orig=4.7R|orig.time=Noon|orig.date=1863-04-17
1863	4	17	11	58	0	6.8	orig=5.4R|orig.time=2:00PM|orig.date=1863-04-17
1863	4	17	18	58	0	6.2	orig=5R|orig.time=9:00PM|orig.date=1863-04-17
1863	4	18	4	58	0	4.6	orig=3.7R|orig.time=7:00AM|orig.date=1863-04-18
1863	4	18	9	58	0	9.5	orig=7.6R|orig.time=Noon|orig.date=1863-04-18
1863	4	18	11	58	0	5.8	orig=4.6R|orig.time=2:00PM|orig.date=1863-04-18
1863	4	18	18	58	0	6	orig=4.8R|orig.time=9:00PM|orig.date=1863-04-18
1863	4	19	4	58	0	4.8	orig=3.8R|orig.time=7:00AM|orig.date=1863-04-19
1863	4	19	9	58	0	7.5	orig=6R|orig.time=Noon|orig.date=1863-04-19
1863	4	19	11	58	0	7.1	orig=5.7R|orig.time=2:00PM|orig.date=1863-04-19
1863	4	19	18	58	0	5.6	orig=4.5R|orig.time=9:00PM|orig.date=1863-04-19
1863	4	20	4	58	0	3.5	orig=2.8R|orig.time=7:00AM|orig.date=1863-04-20
1863	4	20	9	58	0	5.8	orig=4.6R|orig.time=Noon|orig.date=1863-04-20
1863	4	20	11	58	0	5.5	orig=4.4R|orig.time=2:00PM|orig.date=1863-04-20
1863	4	20	18	58	0	4.1	orig=3.3R|orig.time=9:00PM|orig.date=1863-04-20
1863	4	21	4	58	0	4.6	orig=3.7R|orig.time=7:00AM|orig.date=1863-04-21
1863	4	21	9	58	0	9.6	orig=7.7R|orig.time=Noon|orig.date=1863-04-21
1863	4	21	11	58	0	10.1	orig=8.1R|orig.time=2:00PM|orig.date=1863-04-21
1863	4	21	18	58	0	7.1	orig=5.7R|orig.time=9:00PM|orig.date=1863-04-21
1863	4	22	4	58	0	4.8	orig=3.8R|orig.time=7:00AM|orig.date=1863-04-22
1863	4	22	9	58	0	11.9	orig=9.5R|orig.time=Noon|orig.date=1863-04-22
1863	4	22	11	58	0	13.8	orig=11R|orig.time=2:00PM|orig.date=1863-04-22
1863	4	22	18	58	0	7.4	orig=5.9R|orig.time=9:00PM|orig.date=1863-04-22
1863	4	23	4	58	0	8.1	orig=6.5R|orig.time=7:00AM|orig.date=1863-04-23
1863	4	23	9	58	0	15.2	orig=12.2R|orig.time=Noon|orig.date=1863-04-23
1863	4	23	11	58	0	15.5	orig=12.4R|orig.time=2:00PM|orig.date=1863-04-23
1863	4	23	18	58	0	9.9	orig=7.9R|orig.time=9:00PM|orig.date=1863-04-23
1863	4	24	4	58	0	6.8	orig=5.4R|orig.time=7:00AM|orig.date=1863-04-24
1863	4	24	9	58	0	10.2	orig=8.2R|orig.time=Noon|orig.date=1863-04-24
1863	4	24	11	58	0	11.1	orig=8.9R|orig.time=2:00PM|orig.date=1863-04-24
1863	4	24	18	58	0	4.8	orig=3.8R|orig.time=9:00PM|orig.date=1863-04-24
1863	4	25	4	58	0	2.1	orig=1.7R|orig.time=7:00AM|orig.date=1863-04-25
1863	4	25	9	58	0	9.8	orig=7.8R|orig.time=Noon|orig.date=1863-04-25
1863	4	25	11	58	0	9.6	orig=7.7R|orig.time=2:00PM|orig.date=1863-04-25
1863	4	25	18	58	0	6.1	orig=4.9R|orig.time=9:00PM|orig.date=1863-04-25
1863	4	26	4	58	0	2.8	orig=2.2R|orig.time=7:00AM|orig.date=1863-04-26
1863	4	26	9	58	0	6.2	orig=5R|orig.time=Noon|orig.date=1863-04-26
1863	4	26	11	58	0	6.8	orig=5.4R|orig.time=2:00PM|orig.date=1863-04-26
1863	4	26	18	58	0	3.5	orig=2.8R|orig.time=9:00PM|orig.date=1863-04-26
1863	4	27	4	58	0	4.9	orig=3.9R|orig.time=7:00AM|orig.date=1863-04-27
1863	4	27	9	58	0	11.5	orig=9.2R|orig.time=Noon|orig.date=1863-04-27
1863	4	27	11	58	0	8.8	orig=7R|orig.time=2:00PM|orig.date=1863-04-27
1863	4	27	18	58	0	1.9	orig=1.5R|orig.time=9:00PM|orig.date=1863-04-27
1863	4	28	4	58	0	1.4	orig=1.1R|orig.time=7:00AM|orig.date=1863-04-28
1863	4	28	9	58	0	3.4	orig=2.7R|orig.time=Noon|orig.date=1863-04-28
1863	4	28	11	58	0	4.2	orig=3.4R|orig.time=2:00PM|orig.date=1863-04-28
1863	4	28	18	58	0	1.5	orig=1.2R|orig.time=9:00PM|orig.date=1863-04-28
1863	4	29	4	58	0	0.9	orig=0.7R|orig.time=7:00AM|orig.date=1863-04-29
1863	4	29	9	58	0	10.8	orig=8.6R|orig.time=Noon|orig.date=1863-04-29
1863	4	29	11	58	0	12.2	orig=9.8R|orig.time=2:00PM|orig.date=1863-04-29
1863	4	29	18	58	0	7.6	orig=6.1R|orig.time=9:00PM|orig.date=1863-04-29
1863	4	30	4	58	0	10.5	orig=8.4R|orig.time=7:00AM|orig.date=1863-04-30
1863	4	30	9	58	0	15.8	orig=12.6R|orig.time=Noon|orig.date=1863-04-30
1863	4	30	11	58	0	17	orig=13.6R|orig.time=2:00PM|orig.date=1863-04-30
1863	4	30	18	58	0	12.2	orig=9.8R|orig.time=9:00PM|orig.date=1863-04-30
1863	5	1	4	58	0	11.2	orig=9R|orig.time=7:00AM|orig.date=1863-05-01
1863	5	1	9	58	0	22	orig=17.6R|orig.time=Noon|orig.date=1863-05-01
1863	5	1	11	58	0	23.6	orig=18.9R|orig.time=2:00PM|orig.date=1863-05-01
1863	5	1	18	58	0	16.6	orig=13.3R|orig.time=9:00PM|orig.date=1863-05-01
1863	5	2	4	58	0	14.9	orig=11.9R|orig.time=7:00AM|orig.date=1863-05-02
1863	5	2	9	58	0	8	orig=6.4R|orig.time=Noon|orig.date=1863-05-02
1863	5	2	11	58	0	6.2	orig=5R|orig.time=2:00PM|orig.date=1863-05-02
1863	5	2	18	58	0	5.5	orig=4.4R|orig.time=9:00PM|orig.date=1863-05-02
1863	5	3	4	58	0	6.5	orig=5.2R|orig.time=7:00AM|orig.date=1863-05-03
1863	5	3	9	58	0	14.4	orig=11.5R|orig.time=Noon|orig.date=1863-05-03
1863	5	3	11	58	0	15.6	orig=12.5R|orig.time=2:00PM|orig.date=1863-05-03
1863	5	3	18	58	0	10.8	orig=8.6R|orig.time=9:00PM|orig.date=1863-05-03
1863	5	4	4	58	0	11.8	orig=9.4R|orig.time=7:00AM|orig.date=1863-05-04
1863	5	4	9	58	0	18	orig=14.4R|orig.time=Noon|orig.date=1863-05-04
1863	5	4	11	58	0	18.9	orig=15.1R|orig.time=2:00PM|orig.date=1863-05-04
1863	5	4	18	58	0	9	orig=7.2R|orig.time=9:00PM|orig.date=1863-05-04
1863	5	5	4	58	0	11.5	orig=9.2R|orig.time=7:00AM|orig.date=1863-05-05
1863	5	5	9	58	0	18	orig=14.4R|orig.time=Noon|orig.date=1863-05-05
1863	5	5	11	58	0	19.6	orig=15.7R|orig.time=2:00PM|orig.date=1863-05-05
1863	5	5	18	58	0	14.1	orig=11.3R|orig.time=9:00PM|orig.date=1863-05-05
1863	5	6	4	58	0	13.2	orig=10.6R|orig.time=7:00AM|orig.date=1863-05-06
1863	5	6	9	58	0	22.1	orig=17.7R|orig.time=Noon|orig.date=1863-05-06
1863	5	6	11	58	0	23.5	orig=18.8R|orig.time=2:00PM|orig.date=1863-05-06
1863	5	6	18	58	0	17.5	orig=14R|orig.time=9:00PM|orig.date=1863-05-06
1863	5	7	4	58	0	15	orig=12R|orig.time=7:00AM|orig.date=1863-05-07
1863	5	7	9	58	0	17.8	orig=14.2R|orig.time=Noon|orig.date=1863-05-07
1863	5	7	11	58	0	19.9	orig=15.9R|orig.time=2:00PM|orig.date=1863-05-07
1863	5	7	18	58	0	15.2	orig=12.2R|orig.time=9:00PM|orig.date=1863-05-07
1863	5	8	4	58	0	13	orig=10.4R|orig.time=7:00AM|orig.date=1863-05-08
1863	5	8	9	58	0	19.2	orig=15.4R|orig.time=Noon|orig.date=1863-05-08
1863	5	8	11	58	0	19.5	orig=15.6R|orig.time=2:00PM|orig.date=1863-05-08
1863	5	8	18	58	0	14.2	orig=11.4R|orig.time=9:00PM|orig.date=1863-05-08
1863	5	9	4	58	0	6.6	orig=5.3R|orig.time=7:00AM|orig.date=1863-05-09
1863	5	9	9	58	0	7.8	orig=6.2R|orig.time=Noon|orig.date=1863-05-09
1863	5	9	11	58	0	8.2	orig=6.6R|orig.time=2:00PM|orig.date=1863-05-09
1863	5	9	18	58	0	4.2	orig=3.4R|orig.time=9:00PM|orig.date=1863-05-09
1863	5	10	4	58	0	6.8	orig=5.4R|orig.time=7:00AM|orig.date=1863-05-10
1863	5	10	9	58	0	14.5	orig=11.6R|orig.time=Noon|orig.date=1863-05-10
1863	5	10	11	58	0	15.4	orig=12.3R|orig.time=2:00PM|orig.date=1863-05-10
1863	5	10	18	58	0	10.8	orig=8.6R|orig.time=9:00PM|orig.date=1863-05-10
1863	5	11	4	58	0	13	orig=10.4R|orig.time=7:00AM|orig.date=1863-05-11
1863	5	11	9	58	0	18.4	orig=14.7R|orig.time=Noon|orig.date=1863-05-11
1863	5	11	11	58	0	20.9	orig=16.7R|orig.time=2:00PM|orig.date=1863-05-11
1863	5	11	18	58	0	16.2	orig=13R|orig.time=9:00PM|orig.date=1863-05-11
1863	5	12	4	58	0	16.8	orig=13.4R|orig.time=7:00AM|orig.date=1863-05-12
1863	5	12	9	58	0	24.5	orig=19.6R|orig.time=Noon|orig.date=1863-05-12
1863	5	12	11	58	0	22.5	orig=18R|orig.time=2:00PM|orig.date=1863-05-12
1863	5	12	18	58	0	18.5	orig=14.8R|orig.time=9:00PM|orig.date=1863-05-12
1863	5	13	4	58	0	16.8	orig=13.4R|orig.time=7:00AM|orig.date=1863-05-13
1863	5	13	9	58	0	22	orig=17.6R|orig.time=Noon|orig.date=1863-05-13
1863	5	13	11	58	0	22.6	orig=18.1R|orig.time=2:00PM|orig.date=1863-05-13
1863	5	13	18	58	0	17.8	orig=14.2R|orig.time=9:00PM|orig.date=1863-05-13
1863	5	14	4	58	0	18	orig=14.4R|orig.time=7:00AM|orig.date=1863-05-14
1863	5	14	9	58	0	25.6	orig=20.5R|orig.time=Noon|orig.date=1863-05-14
1863	5	14	11	58	0	24.1	orig=19.3R|orig.time=2:00PM|orig.date=1863-05-14
1863	5	14	18	58	0	19.2	orig=15.4R|orig.time=9:00PM|orig.date=1863-05-14
1863	5	15	4	58	0	18	orig=14.4R|orig.time=7:00AM|orig.date=1863-05-15
1863	5	15	9	58	0	22.9	orig=18.3R|orig.time=Noon|orig.date=1863-05-15
1863	5	15	11	58	0	25	orig=20R|orig.time=2:00PM|orig.date=1863-05-15
1863	5	15	18	58	0	17.9	orig=14.3R|orig.time=9:00PM|orig.date=1863-05-15
1863	5	16	4	58	0	18.2	orig=14.6R|orig.time=7:00AM|orig.date=1863-05-16
1863	5	16	9	58	0	25.8	orig=20.6R|orig.time=Noon|orig.date=1863-05-16
1863	5	16	11	58	0	27.2	orig=21.8R|orig.time=2:00PM|orig.date=1863-05-16
1863	5	16	18	58	0	21	orig=16.8R|orig.time=9:00PM|orig.date=1863-05-16
1863	5	17	4	58	0	19.5	orig=15.6R|orig.time=7:00AM|orig.date=1863-05-17
1863	5	17	9	58	0	26	orig=20.8R|orig.time=Noon|orig.date=1863-05-17
1863	5	17	11	58	0	28	orig=22.4R|orig.time=2:00PM|orig.date=1863-05-17
1863	5	17	18	58	0	21	orig=16.8R|orig.time=9:00PM|orig.date=1863-05-17
1863	5	18	4	58	0	21.2	orig=17R|orig.time=7:00AM|orig.date=1863-05-18
1863	5	18	9	58	0	27.6	orig=22.1R|orig.time=Noon|orig.date=1863-05-18
1863	5	18	11	58	0	27.5	orig=22R|orig.time=2:00PM|orig.date=1863-05-18
1863	5	18	18	58	0	22.5	orig=18R|orig.time=9:00PM|orig.date=1863-05-18
1863	5	19	4	58	0	20.9	orig=16.7R|orig.time=7:00AM|orig.date=1863-05-19
1863	5	19	9	58	0	30.4	orig=24.3R|orig.time=Noon|orig.date=1863-05-19
1863	5	19	11	58	0	27.9	orig=22.3R|orig.time=2:00PM|orig.date=1863-05-19
1863	5	19	18	58	0	19.9	orig=15.9R|orig.time=9:00PM|orig.date=1863-05-19
1863	5	20	4	58	0	21	orig=16.8R|orig.time=7:00AM|orig.date=1863-05-20
1863	5	20	9	58	0	23.8	orig=19R|orig.time=Noon|orig.date=1863-05-20
1863	5	20	11	58	0	25.4	orig=20.3R|orig.time=2:00PM|orig.date=1863-05-20
1863	5	20	18	58	0	17.9	orig=14.3R|orig.time=9:00PM|orig.date=1863-05-20
1863	5	21	4	58	0	17.5	orig=14R|orig.time=7:00AM|orig.date=1863-05-21
1863	5	21	9	58	0	21.6	orig=17.3R|orig.time=Noon|orig.date=1863-05-21
1863	5	21	11	58	0	21	orig=16.8R|orig.time=2:00PM|orig.date=1863-05-21
1863	5	21	18	58	0	16.2	orig=13R|orig.time=9:00PM|orig.date=1863-05-21
1863	5	22	4	58	0	12.2	orig=9.8R|orig.time=7:00AM|orig.date=1863-05-22
1863	5	22	9	58	0	12.5	orig=10R|orig.time=Noon|orig.date=1863-05-22
1863	5	22	11	58	0	12.4	orig=9.9R|orig.time=2:00PM|orig.date=1863-05-22
1863	5	22	18	58	0	11	orig=8.8R|orig.time=9:00PM|orig.date=1863-05-22
1863	5	23	4	58	0	10.1	orig=8.1R|orig.time=7:00AM|orig.date=1863-05-23
1863	5	23	9	58	0	15.6	orig=12.5R|orig.time=Noon|orig.date=1863-05-23
1863	5	23	11	58	0	16.5	orig=13.2R|orig.time=2:00PM|orig.date=1863-05-23
1863	5	23	18	58	0	12.5	orig=10R|orig.time=9:00PM|orig.date=1863-05-23
1863	5	24	4	58	0	16.1	orig=12.9R|orig.time=7:00AM|orig.date=1863-05-24
1863	5	24	9	58	0	24.8	orig=19.8R|orig.time=Noon|orig.date=1863-05-24
1863	5	24	11	58	0	25.8	orig=20.6R|orig.time=2:00PM|orig.date=1863-05-24
1863	5	24	18	58	0	18.9	orig=15.1R|orig.time=9:00PM|orig.date=1863-05-24
1863	5	25	4	58	0	16.6	orig=13.3R|orig.time=7:00AM|orig.date=1863-05-25
1863	5	25	9	58	0	25.6	orig=20.5R|orig.time=Noon|orig.date=1863-05-25
1863	5	25	11	58	0	27.2	orig=21.8R|orig.time=2:00PM|orig.date=1863-05-25
1863	5	25	18	58	0	20.5	orig=16.4R|orig.time=9:00PM|orig.date=1863-05-25
1863	5	26	4	58	0	17.8	orig=14.2R|orig.time=7:00AM|orig.date=1863-05-26
1863	5	26	9	58	0	24.8	orig=19.8R|orig.time=Noon|orig.date=1863-05-26
1863	5	26	11	58	0	19.8	orig=15.8R|orig.time=2:00PM|orig.date=1863-05-26
1863	5	26	18	58	0	16.8	orig=13.4R|orig.time=9:00PM|orig.date=1863-05-26
1863	5	27	4	58	0	12.5	orig=10R|orig.time=7:00AM|orig.date=1863-05-27
1863	5	27	9	58	0	16.1	orig=12.9R|orig.time=Noon|orig.date=1863-05-27
1863	5	27	11	58	0	16.8	orig=13.4R|orig.time=2:00PM|orig.date=1863-05-27
1863	5	27	18	58	0	12.2	orig=9.8R|orig.time=9:00PM|orig.date=1863-05-27
1863	5	28	4	58	0	13.2	orig=10.6R|orig.time=7:00AM|orig.date=1863-05-28
1863	5	28	9	58	0	18.8	orig=15R|orig.time=Noon|orig.date=1863-05-28
1863	5	28	11	58	0	20	orig=16R|orig.time=2:00PM|orig.date=1863-05-28
1863	5	28	18	58	0	14.4	orig=11.5R|orig.time=9:00PM|orig.date=1863-05-28
1863	5	29	4	58	0	11	orig=8.8R|orig.time=7:00AM|orig.date=1863-05-29
1863	5	29	9	58	0	14.8	orig=11.8R|orig.time=Noon|orig.date=1863-05-29
1863	5	29	11	58	0	16.2	orig=13R|orig.time=2:00PM|orig.date=1863-05-29
1863	5	29	18	58	0	12	orig=9.6R|orig.time=9:00PM|orig.date=1863-05-29
1863	5	30	4	58	0	13.2	orig=10.6R|orig.time=7:00AM|orig.date=1863-05-30
1863	5	30	9	58	0	16.4	orig=13.1R|orig.time=Noon|orig.date=1863-05-30
1863	5	30	11	58	0	17.5	orig=14R|orig.time=2:00PM|orig.date=1863-05-30
1863	5	30	18	58	0	12.2	orig=9.8R|orig.time=9:00PM|orig.date=1863-05-30
1863	5	31	4	58	0	8.4	orig=6.7R|orig.time=7:00AM|orig.date=1863-05-31
1863	5	31	9	58	0	14.8	orig=11.8R|orig.time=Noon|orig.date=1863-05-31
1863	5	31	11	58	0	14.9	orig=11.9R|orig.time=2:00PM|orig.date=1863-05-31
1863	5	31	18	58	0	9.6	orig=7.7R|orig.time=9:00PM|orig.date=1863-05-31
1863	6	1	4	58	0	9.2	orig=7.4R|orig.time=7:00AM|orig.date=1863-06-01
1863	6	1	9	58	0	16.5	orig=13.2R|orig.time=Noon|orig.date=1863-06-01
1863	6	1	11	58	0	16	orig=12.8R|orig.time=2:00PM|orig.date=1863-06-01
1863	6	1	18	58	0	9.9	orig=7.9R|orig.time=9:00PM|orig.date=1863-06-01
1863	6	2	4	58	0	7.6	orig=6.1R|orig.time=7:00AM|orig.date=1863-06-02
1863	6	2	9	58	0	11.5	orig=9.2R|orig.time=Noon|orig.date=1863-06-02
1863	6	2	11	58	0	11.1	orig=8.9R|orig.time=2:00PM|orig.date=1863-06-02
1863	6	2	18	58	0	6.5	orig=5.2R|orig.time=9:00PM|orig.date=1863-06-02
1863	6	3	4	58	0	8	orig=6.4R|orig.time=7:00AM|orig.date=1863-06-03
1863	6	3	9	58	0	11.8	orig=9.4R|orig.time=Noon|orig.date=1863-06-03
1863	6	3	11	58	0	12	orig=9.6R|orig.time=2:00PM|orig.date=1863-06-03
1863	6	3	18	58	0	6.8	orig=5.4R|orig.time=9:00PM|orig.date=1863-06-03
1863	6	4	4	58	0	8.4	orig=6.7R|orig.time=7:00AM|orig.date=1863-06-04
1863	6	4	9	58	0	11.6	orig=9.3R|orig.time=Noon|orig.date=1863-06-04
1863	6	4	11	58	0	12	orig=9.6R|orig.time=2:00PM|orig.date=1863-06-04
1863	6	4	18	58	0	9.5	orig=7.6R|orig.time=9:00PM|orig.date=1863-06-04
1863	6	5	4	58	0	10.8	orig=8.6R|orig.time=7:00AM|orig.date=1863-06-05
1863	6	5	9	58	0	15.9	orig=12.7R|orig.time=Noon|orig.date=1863-06-05
1863	6	5	11	58	0	14.2	orig=11.4R|orig.time=2:00PM|orig.date=1863-06-05
1863	6	5	18	58	0	10.8	orig=8.6R|orig.time=9:00PM|orig.date=1863-06-05
1863	6	6	4	58	0	14.9	orig=11.9R|orig.time=7:00AM|orig.date=1863-06-06
1863	6	6	9	58	0	18.6	orig=14.9R|orig.time=Noon|orig.date=1863-06-06
1863	6	6	11	58	0	18.5	orig=14.8R|orig.time=2:00PM|orig.date=1863-06-06
1863	6	6	18	58	0	13.4	orig=10.7R|orig.time=9:00PM|orig.date=1863-06-06
1863	6	7	4	58	0	13.5	orig=10.8R|orig.time=7:00AM|orig.date=1863-06-07
1863	6	7	9	58	0	22.8	orig=18.2R|orig.time=Noon|orig.date=1863-06-07
1863	6	7	11	58	0	24.9	orig=19.9R|orig.time=2:00PM|orig.date=1863-06-07
1863	6	7	18	58	0	16.9	orig=13.5R|orig.time=9:00PM|orig.date=1863-06-07
1863	6	8	4	58	0	17	orig=13.6R|orig.time=7:00AM|orig.date=1863-06-08
1863	6	8	9	58	0	21.9	orig=17.5R|orig.time=Noon|orig.date=1863-06-08
1863	6	8	11	58	0	26	orig=20.8R|orig.time=2:00PM|orig.date=1863-06-08
1863	6	8	18	58	0	19	orig=15.2R|orig.time=9:00PM|orig.date=1863-06-08
1863	6	9	4	58	0	20	orig=16R|orig.time=7:00AM|orig.date=1863-06-09
1863	6	9	9	58	0	30.1	orig=24.1R|orig.time=Noon|orig.date=1863-06-09
1863	6	9	11	58	0	30	orig=24R|orig.time=2:00PM|orig.date=1863-06-09
1863	6	9	18	58	0	21.9	orig=17.5R|orig.time=9:00PM|orig.date=1863-06-09
1863	6	10	4	58	0	17.8	orig=14.2R|orig.time=7:00AM|orig.date=1863-06-10
1863	6	10	9	58	0	20.6	orig=16.5R|orig.time=Noon|orig.date=1863-06-10
1863	6	10	11	58	0	23.1	orig=18.5R|orig.time=2:00PM|orig.date=1863-06-10
1863	6	10	18	58	0	18.8	orig=15R|orig.time=9:00PM|orig.date=1863-06-10
1863	6	11	4	58	0	18.5	orig=14.8R|orig.time=7:00AM|orig.date=1863-06-11
1863	6	11	9	58	0	24	orig=19.2R|orig.time=Noon|orig.date=1863-06-11
1863	6	11	11	58	0	24.6	orig=19.7R|orig.time=2:00PM|orig.date=1863-06-11
1863	6	11	18	58	0	18.5	orig=14.8R|orig.time=9:00PM|orig.date=1863-06-11
1863	6	12	4	58	0	19.8	orig=15.8R|orig.time=7:00AM|orig.date=1863-06-12
1863	6	12	9	58	0	28	orig=22.4R|orig.time=Noon|orig.date=1863-06-12
1863	6	12	11	58	0	29.4	orig=23.5R|orig.time=2:00PM|orig.date=1863-06-12
1863	6	12	18	58	0	20.2	orig=16.2R|orig.time=9:00PM|orig.date=1863-06-12
1863	6	13	4	58	0	20.5	orig=16.4R|orig.time=7:00AM|orig.date=1863-06-13
1863	6	13	9	58	0	28	orig=22.4R|orig.time=Noon|orig.date=1863-06-13
1863	6	13	11	58	0	29.4	orig=23.5R|orig.time=2:00PM|orig.date=1863-06-13
1863	6	13	18	58	0	18.4	orig=14.7R|orig.time=9:00PM|orig.date=1863-06-13
1863	6	14	4	58	0	19.4	orig=15.5R|orig.time=7:00AM|orig.date=1863-06-14
1863	6	14	9	58	0	13.1	orig=10.5R|orig.time=Noon|orig.date=1863-06-14
1863	6	14	11	58	0	12	orig=9.6R|orig.time=2:00PM|orig.date=1863-06-14
1863	6	14	18	58	0	10.9	orig=8.7R|orig.time=9:00PM|orig.date=1863-06-14
1863	6	15	4	58	0	12.8	orig=10.2R|orig.time=7:00AM|orig.date=1863-06-15
1863	6	15	9	58	0	20	orig=16R|orig.time=Noon|orig.date=1863-06-15
1863	6	15	11	58	0	20.1	orig=16.1R|orig.time=2:00PM|orig.date=1863-06-15
1863	6	15	18	58	0	11.1	orig=8.9R|orig.time=9:00PM|orig.date=1863-06-15
1863	6	16	4	58	0	12.6	orig=10.1R|orig.time=7:00AM|orig.date=1863-06-16
1863	6	16	9	58	0	14.8	orig=11.8R|orig.time=Noon|orig.date=1863-06-16
1863	6	16	11	58	0	13	orig=10.4R|orig.time=2:00PM|orig.date=1863-06-16
1863	6	16	18	58	0	11.1	orig=8.9R|orig.time=9:00PM|orig.date=1863-06-16
1863	6	17	4	58	0	13.1	orig=10.5R|orig.time=7:00AM|orig.date=1863-06-17
1863	6	17	9	58	0	17.8	orig=14.2R|orig.time=Noon|orig.date=1863-06-17
1863	6	17	11	58	0	19.2	orig=15.4R|orig.time=2:00PM|orig.date=1863-06-17
1863	6	17	18	58	0	11.4	orig=9.1R|orig.time=9:00PM|orig.date=1863-06-17
1863	6	18	4	58	0	13.6	orig=10.9R|orig.time=7:00AM|orig.date=1863-06-18
1863	6	18	9	58	0	19.5	orig=15.6R|orig.time=Noon|orig.date=1863-06-18
1863	6	18	11	58	0	16.1	orig=12.9R|orig.time=2:00PM|orig.date=1863-06-18
1863	6	18	18	58	0	13.1	orig=10.5R|orig.time=9:00PM|orig.date=1863-06-18
1863	6	19	4	58	0	16	orig=12.8R|orig.time=7:00AM|orig.date=1863-06-19
1863	6	19	9	58	0	24.4	orig=19.5R|orig.time=Noon|orig.date=1863-06-19
1863	6	19	11	58	0	20	orig=16R|orig.time=2:00PM|orig.date=1863-06-19
1863	6	19	18	58	0	14.8	orig=11.8R|orig.time=9:00PM|orig.date=1863-06-19
1863	6	20	4	58	0	16.8	orig=13.4R|orig.time=7:00AM|orig.date=1863-06-20
1863	6	20	9	58	0	21	orig=16.8R|orig.time=Noon|orig.date=1863-06-20
1863	6	20	11	58	0	22.8	orig=18.2R|orig.time=2:00PM|orig.date=1863-06-20
1863	6	20	18	58	0	18	orig=14.4R|orig.time=9:00PM|orig.date=1863-06-20
1863	6	21	4	58	0	18.5	orig=14.8R|orig.time=7:00AM|orig.date=1863-06-21
1863	6	21	9	58	0	21.6	orig=17.3R|orig.time=Noon|orig.date=1863-06-21
1863	6	21	11	58	0	20.6	orig=16.5R|orig.time=2:00PM|orig.date=1863-06-21
1863	6	21	18	58	0	16.2	orig=13R|orig.time=9:00PM|orig.date=1863-06-21
1863	6	22	4	58	0	16	orig=12.8R|orig.time=7:00AM|orig.date=1863-06-22
1863	6	22	9	58	0	19.9	orig=15.9R|orig.time=Noon|orig.date=1863-06-22
1863	6	22	11	58	0	19	orig=15.2R|orig.time=2:00PM|orig.date=1863-06-22
1863	6	22	18	58	0	14.9	orig=11.9R|orig.time=9:00PM|orig.date=1863-06-22
1863	6	23	4	58	0	14.6	orig=11.7R|orig.time=7:00AM|orig.date=1863-06-23
1863	6	23	9	58	0	18.6	orig=14.9R|orig.time=Noon|orig.date=1863-06-23
1863	6	23	11	58	0	21.4	orig=17.1R|orig.time=2:00PM|orig.date=1863-06-23
1863	6	23	18	58	0	16.5	orig=13.2R|orig.time=9:00PM|orig.date=1863-06-23
1863	6	24	4	58	0	14	orig=11.2R|orig.time=7:00AM|orig.date=1863-06-24
1863	6	24	9	58	0	19.2	orig=15.4R|orig.time=Noon|orig.date=1863-06-24
1863	6	24	11	58	0	20.5	orig=16.4R|orig.time=2:00PM|orig.date=1863-06-24
1863	6	24	18	58	0	16.6	orig=13.3R|orig.time=9:00PM|orig.date=1863-06-24
1863	6	25	4	58	0	16.8	orig=13.4R|orig.time=7:00AM|orig.date=1863-06-25
1863	6	25	9	58	0	22.2	orig=17.8R|orig.time=Noon|orig.date=1863-06-25
1863	6	25	11	58	0	23.5	orig=18.8R|orig.time=2:00PM|orig.date=1863-06-25
1863	6	25	18	58	0	20.2	orig=16.2R|orig.time=9:00PM|orig.date=1863-06-25
1863	6	26	4	58	0	19.6	orig=15.7R|orig.time=7:00AM|orig.date=1863-06-26
1863	6	26	9	58	0	25	orig=20R|orig.time=Noon|orig.date=1863-06-26
1863	6	26	11	58	0	26.1	orig=20.9R|orig.time=2:00PM|orig.date=1863-06-26
1863	6	26	18	58	0	22.5	orig=18R|orig.time=9:00PM|orig.date=1863-06-26
1863	6	27	4	58	0	20.8	orig=16.6R|orig.time=7:00AM|orig.date=1863-06-27
1863	6	27	9	58	0	26.8	orig=21.4R|orig.time=Noon|orig.date=1863-06-27
1863	6	27	11	58	0	27.5	orig=22R|orig.time=2:00PM|orig.date=1863-06-27
1863	6	27	18	58	0	22.8	orig=18.2R|orig.time=9:00PM|orig.date=1863-06-27
1863	6	28	4	58	0	20.1	orig=16.1R|orig.time=7:00AM|orig.date=1863-06-28
1863	6	28	9	58	0	25.4	orig=20.3R|orig.time=Noon|orig.date=1863-06-28
1863	6	28	11	58	0	24.6	orig=19.7R|orig.time=2:00PM|orig.date=1863-06-28
1863	6	28	18	58	0	20.2	orig=16.2R|orig.time=9:00PM|orig.date=1863-06-28
1863	6	29	4	58	0	18	orig=14.4R|orig.time=7:00AM|orig.date=1863-06-29
1863	6	29	9	58	0	23.2	orig=18.6R|orig.time=Noon|orig.date=1863-06-29
1863	6	29	11	58	0	25.2	orig=20.2R|orig.time=2:00PM|orig.date=1863-06-29
1863	6	29	18	58	0	21	orig=16.8R|orig.time=9:00PM|orig.date=1863-06-29
1863	6	30	4	58	0	21.5	orig=17.2R|orig.time=7:00AM|orig.date=1863-06-30
1863	6	30	9	58	0	30.2	orig=24.2R|orig.time=Noon|orig.date=1863-06-30
1863	6	30	11	58	0	19.1	orig=15.3R|orig.time=2:00PM|orig.date=1863-06-30
1863	6	30	18	58	0	25.2	orig=20.2R|orig.time=9:00PM|orig.date=1863-06-30
1863	7	1	4	58	0	24	orig=19.2R|orig.time=7:00AM|orig.date=1863-07-01
1863	7	1	9	58	0	27.2	orig=21.8R|orig.time=Noon|orig.date=1863-07-01
1863	7	1	11	58	0	26	orig=20.8R|orig.time=2:00PM|orig.date=1863-07-01
1863	7	1	18	58	0	17.2	orig=13.8R|orig.time=9:00PM|orig.date=1863-07-01
1863	7	2	4	58	0	14.5	orig=11.6R|orig.time=7:00AM|orig.date=1863-07-02
1863	7	2	9	58	0	20	orig=16R|orig.time=Noon|orig.date=1863-07-02
1863	7	2	11	58	0	21	orig=16.8R|orig.time=2:00PM|orig.date=1863-07-02
1863	7	2	18	58	0	16.8	orig=13.4R|orig.time=9:00PM|orig.date=1863-07-02
1863	7	3	4	58	0	14	orig=11.2R|orig.time=7:00AM|orig.date=1863-07-03
1863	7	3	9	58	0	22.8	orig=18.2R|orig.time=Noon|orig.date=1863-07-03
1863	7	3	11	58	0	25.4	orig=20.3R|orig.time=2:00PM|orig.date=1863-07-03
1863	7	3	18	58	0	18.5	orig=14.8R|orig.time=9:00PM|orig.date=1863-07-03
1863	7	4	4	58	0	18.6	orig=14.9R|orig.time=7:00AM|orig.date=1863-07-04
1863	7	4	9	58	0	27.9	orig=22.3R|orig.time=Noon|orig.date=1863-07-04
1863	7	4	11	58	0	29.1	orig=23.3R|orig.time=2:00PM|orig.date=1863-07-04
1863	7	4	18	58	0	20.8	orig=16.6R|orig.time=9:00PM|orig.date=1863-07-04
1863	7	5	4	58	0	17.1	orig=13.7R|orig.time=7:00AM|orig.date=1863-07-05
1863	7	5	9	58	0	22.5	orig=18R|orig.time=Noon|orig.date=1863-07-05
1863	7	5	11	58	0	22.2	orig=17.8R|orig.time=2:00PM|orig.date=1863-07-05
1863	7	5	18	58	0	16.8	orig=13.4R|orig.time=9:00PM|orig.date=1863-07-05
1863	7	6	4	58	0	12.2	orig=9.8R|orig.time=7:00AM|orig.date=1863-07-06
1863	7	6	9	58	0	19.6	orig=15.7R|orig.time=Noon|orig.date=1863-07-06
1863	7	6	11	58	0	19.5	orig=15.6R|orig.time=2:00PM|orig.date=1863-07-06
1863	7	6	18	58	0	16.5	orig=13.2R|orig.time=9:00PM|orig.date=1863-07-06
1863	7	7	4	58	0	16.4	orig=13.1R|orig.time=7:00AM|orig.date=1863-07-07
1863	7	7	9	58	0	21.2	orig=17R|orig.time=Noon|orig.date=1863-07-07
1863	7	7	11	58	0	21.5	orig=17.2R|orig.time=2:00PM|orig.date=1863-07-07
1863	7	7	18	58	0	18.8	orig=15R|orig.time=9:00PM|orig.date=1863-07-07
1863	7	8	4	58	0	16.2	orig=13R|orig.time=7:00AM|orig.date=1863-07-08
1863	7	8	9	58	0	13	orig=10.4R|orig.time=Noon|orig.date=1863-07-08
1863	7	8	11	58	0	14	orig=11.2R|orig.time=2:00PM|orig.date=1863-07-08
1863	7	8	18	58	0	12.5	orig=10R|orig.time=9:00PM|orig.date=1863-07-08
1863	7	9	4	58	0	11.5	orig=9.2R|orig.time=7:00AM|orig.date=1863-07-09
1863	7	9	9	58	0	12.5	orig=10R|orig.time=Noon|orig.date=1863-07-09
1863	7	9	11	58	0	12.8	orig=10.2R|orig.time=2:00PM|orig.date=1863-07-09
1863	7	9	18	58	0	13.2	orig=10.6R|orig.time=9:00PM|orig.date=1863-07-09
1863	7	10	4	58	0	12.2	orig=9.8R|orig.time=7:00AM|orig.date=1863-07-10
1863	7	10	9	58	0	13.2	orig=10.6R|orig.time=Noon|orig.date=1863-07-10
1863	7	10	11	58	0	14.8	orig=11.8R|orig.time=2:00PM|orig.date=1863-07-10
1863	7	10	18	58	0	11.9	orig=9.5R|orig.time=9:00PM|orig.date=1863-07-10
1863	7	11	4	58	0	10.5	orig=8.4R|orig.time=7:00AM|orig.date=1863-07-11
1863	7	11	9	58	0	12.8	orig=10.2R|orig.time=Noon|orig.date=1863-07-11
1863	7	11	11	58	0	15	orig=12R|orig.time=2:00PM|orig.date=1863-07-11
1863	7	11	18	58	0	15	orig=12R|orig.time=9:00PM|orig.date=1863-07-11
1863	7	12	4	58	0	15.5	orig=12.4R|orig.time=7:00AM|orig.date=1863-07-12
1863	7	12	9	58	0	22.2	orig=17.8R|orig.time=Noon|orig.date=1863-07-12
1863	7	12	11	58	0	22.5	orig=18R|orig.time=2:00PM|orig.date=1863-07-12
1863	7	12	18	58	0	17.8	orig=14.2R|orig.time=9:00PM|orig.date=1863-07-12
1863	7	13	4	58	0	18	orig=14.4R|orig.time=7:00AM|orig.date=1863-07-13
1863	7	13	9	58	0	26.8	orig=21.4R|orig.time=Noon|orig.date=1863-07-13
1863	7	13	11	58	0	20.8	orig=16.6R|orig.time=2:00PM|orig.date=1863-07-13
1863	7	13	18	58	0	18.5	orig=14.8R|orig.time=9:00PM|orig.date=1863-07-13
1863	7	14	4	58	0	17.9	orig=14.3R|orig.time=7:00AM|orig.date=1863-07-14
1863	7	14	9	58	0	23.6	orig=18.9R|orig.time=Noon|orig.date=1863-07-14
1863	7	14	11	58	0	22.6	orig=18.1R|orig.time=2:00PM|orig.date=1863-07-14
1863	7	14	18	58	0	16	orig=12.8R|orig.time=9:00PM|orig.date=1863-07-14
1863	7	15	4	58	0	15	orig=12R|orig.time=7:00AM|orig.date=1863-07-15
1863	7	15	9	58	0	18.1	orig=14.5R|orig.time=Noon|orig.date=1863-07-15
1863	7	15	11	58	0	19.6	orig=15.7R|orig.time=2:00PM|orig.date=1863-07-15
1863	7	15	18	58	0	16.4	orig=13.1R|orig.time=9:00PM|orig.date=1863-07-15
1863	7	16	4	58	0	16.2	orig=13R|orig.time=7:00AM|orig.date=1863-07-16
1863	7	16	9	58	0	20.5	orig=16.4R|orig.time=Noon|orig.date=1863-07-16
1863	7	16	11	58	0	20.8	orig=16.6R|orig.time=2:00PM|orig.date=1863-07-16
1863	7	16	18	58	0	15.2	orig=12.2R|orig.time=9:00PM|orig.date=1863-07-16
1863	7	17	4	58	0	11.6	orig=9.3R|orig.time=7:00AM|orig.date=1863-07-17
1863	7	17	9	58	0	17.5	orig=14R|orig.time=Noon|orig.date=1863-07-17
1863	7	17	11	58	0	17.2	orig=13.8R|orig.time=2:00PM|orig.date=1863-07-17
1863	7	17	18	58	0	11	orig=8.8R|orig.time=9:00PM|orig.date=1863-07-17
1863	7	18	4	58	0	10.1	orig=8.1R|orig.time=7:00AM|orig.date=1863-07-18
1863	7	18	9	58	0	18.5	orig=14.8R|orig.time=Noon|orig.date=1863-07-18
1863	7	18	11	58	0	20.8	orig=16.6R|orig.time=2:00PM|orig.date=1863-07-18
1863	7	18	18	58	0	14.5	orig=11.6R|orig.time=9:00PM|orig.date=1863-07-18
1863	7	19	4	58	0	15.8	orig=12.6R|orig.time=7:00AM|orig.date=1863-07-19
1863	7	19	9	58	0	25.5	orig=20.4R|orig.time=Noon|orig.date=1863-07-19
1863	7	19	11	58	0	25.2	orig=20.2R|orig.time=2:00PM|orig.date=1863-07-19
1863	7	19	18	58	0	15.4	orig=12.3R|orig.time=9:00PM|orig.date=1863-07-19
1863	7	20	4	58	0	10.8	orig=8.6R|orig.time=7:00AM|orig.date=1863-07-20
1863	7	20	9	58	0	16.1	orig=12.9R|orig.time=Noon|orig.date=1863-07-20
1863	7	20	11	58	0	16.2	orig=13R|orig.time=2:00PM|orig.date=1863-07-20
1863	7	20	18	58	0	13	orig=10.4R|orig.time=9:00PM|orig.date=1863-07-20
1863	7	21	4	58	0	15	orig=12R|orig.time=7:00AM|orig.date=1863-07-21
1863	7	21	9	58	0	21.9	orig=17.5R|orig.time=Noon|orig.date=1863-07-21
1863	7	21	11	58	0	22.5	orig=18R|orig.time=2:00PM|orig.date=1863-07-21
1863	7	21	18	58	0	17.2	orig=13.8R|orig.time=9:00PM|orig.date=1863-07-21
1863	7	22	4	58	0	18	orig=14.4R|orig.time=7:00AM|orig.date=1863-07-22
1863	7	22	9	58	0	26	orig=20.8R|orig.time=Noon|orig.date=1863-07-22
1863	7	22	11	58	0	27	orig=21.6R|orig.time=2:00PM|orig.date=1863-07-22
1863	7	22	18	58	0	20.1	orig=16.1R|orig.time=9:00PM|orig.date=1863-07-22
1863	7	23	4	58	0	20.4	orig=16.3R|orig.time=7:00AM|orig.date=1863-07-23
1863	7	23	9	58	0	29.1	orig=23.3R|orig.time=Noon|orig.date=1863-07-23
1863	7	23	11	58	0	31	orig=24.8R|orig.time=2:00PM|orig.date=1863-07-23
1863	7	23	18	58	0	23.6	orig=18.9R|orig.time=9:00PM|orig.date=1863-07-23
1863	7	24	4	58	0	22.5	orig=18R|orig.time=7:00AM|orig.date=1863-07-24
1863	7	24	9	58	0	30.8	orig=24.6R|orig.time=Noon|orig.date=1863-07-24
1863	7	24	11	58	0	30.8	orig=24.6R|orig.time=2:00PM|orig.date=1863-07-24
1863	7	24	18	58	0	23.8	orig=19R|orig.time=9:00PM|orig.date=1863-07-24
1863	7	25	4	58	0	20.2	orig=16.2R|orig.time=7:00AM|orig.date=1863-07-25
1863	7	25	9	58	0	29.9	orig=23.9R|orig.time=Noon|orig.date=1863-07-25
1863	7	25	11	58	0	31.6	orig=25.3R|orig.time=2:00PM|orig.date=1863-07-25
1863	7	25	18	58	0	23.5	orig=18.8R|orig.time=9:00PM|orig.date=1863-07-25
1863	7	26	4	58	0	15.1	orig=12.1R|orig.time=7:00AM|orig.date=1863-07-26
1863	7	26	9	58	0	20.6	orig=16.5R|orig.time=Noon|orig.date=1863-07-26
1863	7	26	11	58	0	23.9	orig=19.1R|orig.time=2:00PM|orig.date=1863-07-26
1863	7	26	18	58	0	18.5	orig=14.8R|orig.time=9:00PM|orig.date=1863-07-26
1863	7	27	4	58	0	17.5	orig=14R|orig.time=7:00AM|orig.date=1863-07-27
1863	7	27	9	58	0	20.1	orig=16.1R|orig.time=Noon|orig.date=1863-07-27
1863	7	27	11	58	0	20.4	orig=16.3R|orig.time=2:00PM|orig.date=1863-07-27
1863	7	27	18	58	0	16.1	orig=12.9R|orig.time=9:00PM|orig.date=1863-07-27
1863	7	28	4	58	0	15.2	orig=12.2R|orig.time=7:00AM|orig.date=1863-07-28
1863	7	28	9	58	0	20.9	orig=16.7R|orig.time=Noon|orig.date=1863-07-28
1863	7	28	11	58	0	21.1	orig=16.9R|orig.time=2:00PM|orig.date=1863-07-28
1863	7	28	18	58	0	16.9	orig=13.5R|orig.time=9:00PM|orig.date=1863-07-28
1863	7	29	4	58	0	15.8	orig=12.6R|orig.time=7:00AM|orig.date=1863-07-29
1863	7	29	9	58	0	20.4	orig=16.3R|orig.time=Noon|orig.date=1863-07-29
1863	7	29	11	58	0	19.4	orig=15.5R|orig.time=2:00PM|orig.date=1863-07-29
1863	7	29	18	58	0	16.8	orig=13.4R|orig.time=9:00PM|orig.date=1863-07-29
1863	7	30	4	58	0	15.5	orig=12.4R|orig.time=7:00AM|orig.date=1863-07-30
1863	7	30	9	58	0	21.9	orig=17.5R|orig.time=Noon|orig.date=1863-07-30
1863	7	30	11	58	0	23.5	orig=18.8R|orig.time=2:00PM|orig.date=1863-07-30
1863	7	30	18	58	0	18.8	orig=15R|orig.time=9:00PM|orig.date=1863-07-30
1863	7	31	4	58	0	18	orig=14.4R|orig.time=7:00AM|orig.date=1863-07-31
1863	7	31	9	58	0	25	orig=20R|orig.time=Noon|orig.date=1863-07-31
1863	7	31	11	58	0	26.8	orig=21.4R|orig.time=2:00PM|orig.date=1863-07-31
1863	7	31	18	58	0	20.2	orig=16.2R|orig.time=9:00PM|orig.date=1863-07-31
1863	8	1	4	58	0	17.5	orig=14R|orig.time=7:00AM|orig.date=1863-08-01
1863	8	1	9	58	0	24.2	orig=19.4R|orig.time=Noon|orig.date=1863-08-01
1863	8	1	11	58	0	16.9	orig=13.5R|orig.time=2:00PM|orig.date=1863-08-01
1863	8	1	18	58	0	12.5	orig=10R|orig.time=9:00PM|orig.date=1863-08-01
1863	8	2	4	58	0	12.2	orig=9.8R|orig.time=7:00AM|orig.date=1863-08-02
1863	8	2	9	58	0	18	orig=14.4R|orig.time=Noon|orig.date=1863-08-02
1863	8	2	11	58	0	19	orig=15.2R|orig.time=2:00PM|orig.date=1863-08-02
1863	8	2	18	58	0	13.1	orig=10.5R|orig.time=9:00PM|orig.date=1863-08-02
1863	8	3	4	58	0	14	orig=11.2R|orig.time=7:00AM|orig.date=1863-08-03
1863	8	3	9	58	0	17.9	orig=14.3R|orig.time=Noon|orig.date=1863-08-03
1863	8	3	11	58	0	18.8	orig=15R|orig.time=2:00PM|orig.date=1863-08-03
1863	8	3	18	58	0	12.8	orig=10.2R|orig.time=9:00PM|orig.date=1863-08-03
1863	8	4	4	58	0	15	orig=12R|orig.time=7:00AM|orig.date=1863-08-04
1863	8	4	9	58	0	19.8	orig=15.8R|orig.time=Noon|orig.date=1863-08-04
1863	8	4	11	58	0	21	orig=16.8R|orig.time=2:00PM|orig.date=1863-08-04
1863	8	4	18	58	0	15.5	orig=12.4R|orig.time=9:00PM|orig.date=1863-08-04
1863	8	5	4	58	0	14.5	orig=11.6R|orig.time=7:00AM|orig.date=1863-08-05
1863	8	5	9	58	0	21.8	orig=17.4R|orig.time=Noon|orig.date=1863-08-05
1863	8	5	11	58	0	22.4	orig=17.9R|orig.time=2:00PM|orig.date=1863-08-05
1863	8	5	18	58	0	17.2	orig=13.8R|orig.time=9:00PM|orig.date=1863-08-05
1863	8	6	4	58	0	16.8	orig=13.4R|orig.time=7:00AM|orig.date=1863-08-06
1863	8	6	9	58	0	26	orig=20.8R|orig.time=Noon|orig.date=1863-08-06
1863	8	6	11	58	0	26.2	orig=21R|orig.time=2:00PM|orig.date=1863-08-06
1863	8	6	18	58	0	18.2	orig=14.6R|orig.time=9:00PM|orig.date=1863-08-06
1863	8	7	4	58	0	14.5	orig=11.6R|orig.time=7:00AM|orig.date=1863-08-07
1863	8	7	9	58	0	21.2	orig=17R|orig.time=Noon|orig.date=1863-08-07
1863	8	7	11	58	0	21.9	orig=17.5R|orig.time=2:00PM|orig.date=1863-08-07
1863	8	7	18	58	0	17.1	orig=13.7R|orig.time=9:00PM|orig.date=1863-08-07
1863	8	8	4	58	0	15	orig=12R|orig.time=7:00AM|orig.date=1863-08-08
1863	8	8	9	58	0	19.6	orig=15.7R|orig.time=Noon|orig.date=1863-08-08
1863	8	8	11	58	0	19.8	orig=15.8R|orig.time=2:00PM|orig.date=1863-08-08
1863	8	8	18	58	0	14.5	orig=11.6R|orig.time=9:00PM|orig.date=1863-08-08
1863	8	9	4	58	0	14.9	orig=11.9R|orig.time=7:00AM|orig.date=1863-08-09
1863	8	9	9	58	0	20.5	orig=16.4R|orig.time=Noon|orig.date=1863-08-09
1863	8	9	11	58	0	22	orig=17.6R|orig.time=2:00PM|orig.date=1863-08-09
1863	8	9	18	58	0	17.2	orig=13.8R|orig.time=9:00PM|orig.date=1863-08-09
1863	8	10	4	58	0	17.6	orig=14.1R|orig.time=7:00AM|orig.date=1863-08-10
1863	8	10	9	58	0	26.5	orig=21.2R|orig.time=Noon|orig.date=1863-08-10
1863	8	10	11	58	0	27.6	orig=22.1R|orig.time=2:00PM|orig.date=1863-08-10
1863	8	10	18	58	0	22.6	orig=18.1R|orig.time=9:00PM|orig.date=1863-08-10
1863	8	11	4	58	0	19.1	orig=15.3R|orig.time=7:00AM|orig.date=1863-08-11
1863	8	11	9	58	0	25.5	orig=20.4R|orig.time=Noon|orig.date=1863-08-11
1863	8	11	11	58	0	27.9	orig=22.3R|orig.time=2:00PM|orig.date=1863-08-11
1863	8	11	18	58	0	22.6	orig=18.1R|orig.time=9:00PM|orig.date=1863-08-11
1863	8	12	4	58	0	21	orig=16.8R|orig.time=7:00AM|orig.date=1863-08-12
1863	8	12	9	58	0	29.8	orig=23.8R|orig.time=Noon|orig.date=1863-08-12
1863	8	12	11	58	0	30.2	orig=24.2R|orig.time=2:00PM|orig.date=1863-08-12
1863	8	12	18	58	0	22.5	orig=18R|orig.time=9:00PM|orig.date=1863-08-12
1863	8	13	4	58	0	18.4	orig=14.7R|orig.time=7:00AM|orig.date=1863-08-13
1863	8	13	9	58	0	21.9	orig=17.5R|orig.time=Noon|orig.date=1863-08-13
1863	8	13	11	58	0	23	orig=18.4R|orig.time=2:00PM|orig.date=1863-08-13
1863	8	13	18	58	0	16.9	orig=13.5R|orig.time=9:00PM|orig.date=1863-08-13
1863	8	14	4	58	0	15.4	orig=12.3R|orig.time=7:00AM|orig.date=1863-08-14
1863	8	14	9	58	0	25.6	orig=20.5R|orig.time=Noon|orig.date=1863-08-14
1863	8	14	11	58	0	24.9	orig=19.9R|orig.time=2:00PM|orig.date=1863-08-14
1863	8	14	18	58	0	14.4	orig=11.5R|orig.time=9:00PM|orig.date=1863-08-14
1863	8	15	4	58	0	11.8	orig=9.4R|orig.time=7:00AM|orig.date=1863-08-15
1863	8	15	9	58	0	15.9	orig=12.7R|orig.time=Noon|orig.date=1863-08-15
1863	8	15	11	58	0	17.2	orig=13.8R|orig.time=2:00PM|orig.date=1863-08-15
1863	8	15	18	58	0	12.2	orig=9.8R|orig.time=9:00PM|orig.date=1863-08-15
1863	8	16	4	58	0	10.8	orig=8.6R|orig.time=7:00AM|orig.date=1863-08-16
1863	8	16	9	58	0	17.8	orig=14.2R|orig.time=Noon|orig.date=1863-08-16
1863	8	16	11	58	0	19.8	orig=15.8R|orig.time=2:00PM|orig.date=1863-08-16
1863	8	16	18	58	0	16	orig=12.8R|orig.time=9:00PM|orig.date=1863-08-16
1863	8	17	4	58	0	14.6	orig=11.7R|orig.time=7:00AM|orig.date=1863-08-17
1863	8	17	9	58	0	21.8	orig=17.4R|orig.time=Noon|orig.date=1863-08-17
1863	8	17	11	58	0	23.2	orig=18.6R|orig.time=2:00PM|orig.date=1863-08-17
1863	8	17	18	58	0	18.4	orig=14.7R|orig.time=9:00PM|orig.date=1863-08-17
1863	8	18	4	58	0	18.5	orig=14.8R|orig.time=7:00AM|orig.date=1863-08-18
1863	8	18	9	58	0	30.8	orig=24.6R|orig.time=Noon|orig.date=1863-08-18
1863	8	18	11	58	0	30.8	orig=24.6R|orig.time=2:00PM|orig.date=1863-08-18
1863	8	18	18	58	0	23.2	orig=18.6R|orig.time=9:00PM|orig.date=1863-08-18
1863	8	19	4	58	0	20.1	orig=16.1R|orig.time=7:00AM|orig.date=1863-08-19
1863	8	19	9	58	0	29.4	orig=23.5R|orig.time=Noon|orig.date=1863-08-19
1863	8	19	11	58	0	29.9	orig=23.9R|orig.time=2:00PM|orig.date=1863-08-19
1863	8	19	18	58	0	21	orig=16.8R|orig.time=9:00PM|orig.date=1863-08-19
1863	8	20	4	58	0	17.6	orig=14.1R|orig.time=7:00AM|orig.date=1863-08-20
1863	8	20	9	58	0	28.4	orig=22.7R|orig.time=Noon|orig.date=1863-08-20
1863	8	20	11	58	0	29.4	orig=23.5R|orig.time=2:00PM|orig.date=1863-08-20
1863	8	20	18	58	0	17	orig=13.6R|orig.time=9:00PM|orig.date=1863-08-20
1863	8	21	4	58	0	15	orig=12R|orig.time=7:00AM|orig.date=1863-08-21
1863	8	21	9	58	0	20.8	orig=16.6R|orig.time=Noon|orig.date=1863-08-21
1863	8	21	11	58	0	21.8	orig=17.4R|orig.time=2:00PM|orig.date=1863-08-21
1863	8	21	18	58	0	19.1	orig=15.3R|orig.time=9:00PM|orig.date=1863-08-21
1863	8	22	4	58	0	18.2	orig=14.6R|orig.time=7:00AM|orig.date=1863-08-22
1863	8	22	9	58	0	26.2	orig=21R|orig.time=Noon|orig.date=1863-08-22
1863	8	22	11	58	0	27.5	orig=22R|orig.time=2:00PM|orig.date=1863-08-22
1863	8	22	18	58	0	18.8	orig=15R|orig.time=9:00PM|orig.date=1863-08-22
1863	8	23	4	58	0	15.2	orig=12.2R|orig.time=7:00AM|orig.date=1863-08-23
1863	8	23	9	58	0	18.9	orig=15.1R|orig.time=Noon|orig.date=1863-08-23
1863	8	23	11	58	0	18	orig=14.4R|orig.time=2:00PM|orig.date=1863-08-23
1863	8	23	18	58	0	14.8	orig=11.8R|orig.time=9:00PM|orig.date=1863-08-23
1863	8	24	4	58	0	14.2	orig=11.4R|orig.time=7:00AM|orig.date=1863-08-24
1863	8	24	9	58	0	17.4	orig=13.9R|orig.time=Noon|orig.date=1863-08-24
1863	8	24	11	58	0	17.8	orig=14.2R|orig.time=2:00PM|orig.date=1863-08-24
1863	8	24	18	58	0	13	orig=10.4R|orig.time=9:00PM|orig.date=1863-08-24
1863	8	25	4	58	0	12	orig=9.6R|orig.time=7:00AM|orig.date=1863-08-25
1863	8	25	9	58	0	20	orig=16R|orig.time=Noon|orig.date=1863-08-25
1863	8	25	11	58	0	20.8	orig=16.6R|orig.time=2:00PM|orig.date=1863-08-25
1863	8	25	18	58	0	15.8	orig=12.6R|orig.time=9:00PM|orig.date=1863-08-25
1863	8	26	4	58	0	14.8	orig=11.8R|orig.time=7:00AM|orig.date=1863-08-26
1863	8	26	9	58	0	23.8	orig=19R|orig.time=Noon|orig.date=1863-08-26
1863	8	26	11	58	0	23.8	orig=19R|orig.time=2:00PM|orig.date=1863-08-26
1863	8	26	18	58	0	17.8	orig=14.2R|orig.time=9:00PM|orig.date=1863-08-26
1863	8	27	4	58	0	17.4	orig=13.9R|orig.time=7:00AM|orig.date=1863-08-27
1863	8	27	9	58	0	26.6	orig=21.3R|orig.time=Noon|orig.date=1863-08-27
1863	8	27	11	58	0	27.2	orig=21.8R|orig.time=2:00PM|orig.date=1863-08-27
1863	8	27	18	58	0	20.4	orig=16.3R|orig.time=9:00PM|orig.date=1863-08-27
1863	8	28	4	58	0	18.6	orig=14.9R|orig.time=7:00AM|orig.date=1863-08-28
1863	8	28	9	58	0	28	orig=22.4R|orig.time=Noon|orig.date=1863-08-28
1863	8	28	11	58	0	28.5	orig=22.8R|orig.time=2:00PM|orig.date=1863-08-28
1863	8	28	18	58	0	21.1	orig=16.9R|orig.time=9:00PM|orig.date=1863-08-28
1863	8	29	4	58	0	19.6	orig=15.7R|orig.time=7:00AM|orig.date=1863-08-29
1863	8	29	9	58	0	28.1	orig=22.5R|orig.time=Noon|orig.date=1863-08-29
1863	8	29	11	58	0	28.1	orig=22.5R|orig.time=2:00PM|orig.date=1863-08-29
1863	8	29	18	58	0	23.2	orig=18.6R|orig.time=9:00PM|orig.date=1863-08-29
1863	8	30	4	58	0	19.8	orig=15.8R|orig.time=7:00AM|orig.date=1863-08-30
1863	8	30	9	58	0	28.1	orig=22.5R|orig.time=Noon|orig.date=1863-08-30
1863	8	30	11	58	0	28.8	orig=23R|orig.time=2:00PM|orig.date=1863-08-30
1863	8	30	18	58	0	22	orig=17.6R|orig.time=9:00PM|orig.date=1863-08-30
1863	8	31	4	58	0	18	orig=14.4R|orig.time=7:00AM|orig.date=1863-08-31
1863	8	31	9	58	0	26.8	orig=21.4R|orig.time=Noon|orig.date=1863-08-31
1863	8	31	11	58	0	27.6	orig=22.1R|orig.time=2:00PM|orig.date=1863-08-31
1863	8	31	18	58	0	22.9	orig=18.3R|orig.time=9:00PM|orig.date=1863-08-31
1863	9	1	4	58	0	19.5	orig=15.6R|orig.time=7:00AM|orig.date=1863-09-01
1863	9	1	9	58	0	28.2	orig=22.6R|orig.time=Noon|orig.date=1863-09-01
1863	9	1	11	58	0	29	orig=23.2R|orig.time=2:00PM|orig.date=1863-09-01
1863	9	1	18	58	0	23.2	orig=18.6R|orig.time=9:00PM|orig.date=1863-09-01
1863	9	2	4	58	0	21.2	orig=17R|orig.time=7:00AM|orig.date=1863-09-02
1863	9	2	9	58	0	29.8	orig=23.8R|orig.time=Noon|orig.date=1863-09-02
1863	9	2	11	58	0	30.2	orig=24.2R|orig.time=2:00PM|orig.date=1863-09-02
1863	9	2	18	58	0	23.4	orig=18.7R|orig.time=9:00PM|orig.date=1863-09-02
1863	9	3	4	58	0	19.5	orig=15.6R|orig.time=7:00AM|orig.date=1863-09-03
1863	9	3	9	58	0	27.5	orig=22R|orig.time=Noon|orig.date=1863-09-03
1863	9	3	11	58	0	28.5	orig=22.8R|orig.time=2:00PM|orig.date=1863-09-03
1863	9	3	18	58	0	20.6	orig=16.5R|orig.time=9:00PM|orig.date=1863-09-03
1863	9	4	4	58	0	17.9	orig=14.3R|orig.time=7:00AM|orig.date=1863-09-04
1863	9	4	9	58	0	27.8	orig=22.2R|orig.time=Noon|orig.date=1863-09-04
1863	9	4	11	58	0	27.9	orig=22.3R|orig.time=2:00PM|orig.date=1863-09-04
1863	9	4	18	58	0	19.8	orig=15.8R|orig.time=9:00PM|orig.date=1863-09-04
1863	9	5	4	58	0	18.5	orig=14.8R|orig.time=7:00AM|orig.date=1863-09-05
1863	9	5	9	58	0	27.4	orig=21.9R|orig.time=Noon|orig.date=1863-09-05
1863	9	5	11	58	0	28.1	orig=22.5R|orig.time=2:00PM|orig.date=1863-09-05
1863	9	5	18	58	0	21.5	orig=17.2R|orig.time=9:00PM|orig.date=1863-09-05
1863	9	6	4	58	0	16.6	orig=13.3R|orig.time=7:00AM|orig.date=1863-09-06
1863	9	6	9	58	0	27.2	orig=21.8R|orig.time=Noon|orig.date=1863-09-06
1863	9	6	11	58	0	28.4	orig=22.7R|orig.time=2:00PM|orig.date=1863-09-06
1863	9	6	18	58	0	21.2	orig=17R|orig.time=9:00PM|orig.date=1863-09-06
1863	9	7	4	58	0	17.4	orig=13.9R|orig.time=7:00AM|orig.date=1863-09-07
1863	9	7	9	58	0	27.9	orig=22.3R|orig.time=Noon|orig.date=1863-09-07
1863	9	7	11	58	0	27.4	orig=21.9R|orig.time=2:00PM|orig.date=1863-09-07
1863	9	7	18	58	0	21.5	orig=17.2R|orig.time=9:00PM|orig.date=1863-09-07
1863	9	8	4	58	0	16.2	orig=13R|orig.time=7:00AM|orig.date=1863-09-08
1863	9	8	9	58	0	25.2	orig=20.2R|orig.time=Noon|orig.date=1863-09-08
1863	9	8	11	58	0	25.9	orig=20.7R|orig.time=2:00PM|orig.date=1863-09-08
1863	9	8	18	58	0	19.8	orig=15.8R|orig.time=9:00PM|orig.date=1863-09-08
1863	9	9	4	58	0	13.8	orig=11R|orig.time=7:00AM|orig.date=1863-09-09
1863	9	9	9	58	0	24.6	orig=19.7R|orig.time=Noon|orig.date=1863-09-09
1863	9	9	11	58	0	25.8	orig=20.6R|orig.time=2:00PM|orig.date=1863-09-09
1863	9	9	18	58	0	19.1	orig=15.3R|orig.time=9:00PM|orig.date=1863-09-09
1863	9	10	4	58	0	14.8	orig=11.8R|orig.time=7:00AM|orig.date=1863-09-10
1863	9	10	9	58	0	23.5	orig=18.8R|orig.time=Noon|orig.date=1863-09-10
1863	9	10	11	58	0	26.1	orig=20.9R|orig.time=2:00PM|orig.date=1863-09-10
1863	9	10	18	58	0	19.9	orig=15.9R|orig.time=9:00PM|orig.date=1863-09-10
1863	9	11	4	58	0	17.4	orig=13.9R|orig.time=7:00AM|orig.date=1863-09-11
1863	9	11	9	58	0	25.8	orig=20.6R|orig.time=Noon|orig.date=1863-09-11
1863	9	11	11	58	0	27	orig=21.6R|orig.time=2:00PM|orig.date=1863-09-11
1863	9	11	18	58	0	20	orig=16R|orig.time=9:00PM|orig.date=1863-09-11
1863	9	12	4	58	0	18.2	orig=14.6R|orig.time=7:00AM|orig.date=1863-09-12
1863	9	12	9	58	0	27.5	orig=22R|orig.time=Noon|orig.date=1863-09-12
1863	9	12	11	58	0	28.8	orig=23R|orig.time=2:00PM|orig.date=1863-09-12
1863	9	12	18	58	0	19.2	orig=15.4R|orig.time=9:00PM|orig.date=1863-09-12
1863	9	13	4	58	0	8.5	orig=6.8R|orig.time=7:00AM|orig.date=1863-09-13
1863	9	13	9	58	0	14.5	orig=11.6R|orig.time=Noon|orig.date=1863-09-13
1863	9	13	11	58	0	15.9	orig=12.7R|orig.time=2:00PM|orig.date=1863-09-13
1863	9	13	18	58	0	10.4	orig=8.3R|orig.time=9:00PM|orig.date=1863-09-13
1863	9	14	4	58	0	6.8	orig=5.4R|orig.time=7:00AM|orig.date=1863-09-14
1863	9	14	9	58	0	18	orig=14.4R|orig.time=Noon|orig.date=1863-09-14
1863	9	14	11	58	0	18.2	orig=14.6R|orig.time=2:00PM|orig.date=1863-09-14
1863	9	14	18	58	0	12	orig=9.6R|orig.time=9:00PM|orig.date=1863-09-14
1863	9	15	4	58	0	11	orig=8.8R|orig.time=7:00AM|orig.date=1863-09-15
1863	9	15	9	58	0	16.2	orig=13R|orig.time=Noon|orig.date=1863-09-15
1863	9	15	11	58	0	17.8	orig=14.2R|orig.time=2:00PM|orig.date=1863-09-15
1863	9	15	18	58	0	10.6	orig=8.5R|orig.time=9:00PM|orig.date=1863-09-15
1863	9	16	4	58	0	6	orig=4.8R|orig.time=7:00AM|orig.date=1863-09-16
1863	9	16	9	58	0	14.8	orig=11.8R|orig.time=Noon|orig.date=1863-09-16
1863	9	16	11	58	0	15	orig=12R|orig.time=2:00PM|orig.date=1863-09-16
1863	9	16	18	58	0	9	orig=7.2R|orig.time=9:00PM|orig.date=1863-09-16
1863	9	17	4	58	0	9.5	orig=7.6R|orig.time=7:00AM|orig.date=1863-09-17
1863	9	17	9	58	0	19.5	orig=15.6R|orig.time=Noon|orig.date=1863-09-17
1863	9	17	11	58	0	20.5	orig=16.4R|orig.time=2:00PM|orig.date=1863-09-17
1863	9	17	18	58	0	15.6	orig=12.5R|orig.time=9:00PM|orig.date=1863-09-17
1863	9	18	4	58	0	10.5	orig=8.4R|orig.time=7:00AM|orig.date=1863-09-18
1863	9	18	9	58	0	15.1	orig=12.1R|orig.time=Noon|orig.date=1863-09-18
1863	9	18	11	58	0	12.4	orig=9.9R|orig.time=2:00PM|orig.date=1863-09-18
1863	9	18	18	58	0	9.5	orig=7.6R|orig.time=9:00PM|orig.date=1863-09-18
1863	9	19	4	58	0	8.6	orig=6.9R|orig.time=7:00AM|orig.date=1863-09-19
1863	9	19	9	58	0	13.4	orig=10.7R|orig.time=Noon|orig.date=1863-09-19
1863	9	19	11	58	0	13.5	orig=10.8R|orig.time=2:00PM|orig.date=1863-09-19
1863	9	19	18	58	0	7.8	orig=6.2R|orig.time=9:00PM|orig.date=1863-09-19
1863	9	20	4	58	0	6.6	orig=5.3R|orig.time=7:00AM|orig.date=1863-09-20
1863	9	20	9	58	0	18	orig=14.4R|orig.time=Noon|orig.date=1863-09-20
1863	9	20	11	58	0	20	orig=16R|orig.time=2:00PM|orig.date=1863-09-20
1863	9	20	18	58	0	14.2	orig=11.4R|orig.time=9:00PM|orig.date=1863-09-20
1863	9	21	4	58	0	12.8	orig=10.2R|orig.time=7:00AM|orig.date=1863-09-21
1863	9	21	9	58	0	23.8	orig=19R|orig.time=Noon|orig.date=1863-09-21
1863	9	21	11	58	0	25.1	orig=20.1R|orig.time=2:00PM|orig.date=1863-09-21
1863	9	21	18	58	0	18.5	orig=14.8R|orig.time=9:00PM|orig.date=1863-09-21
1863	9	22	4	58	0	12.8	orig=10.2R|orig.time=7:00AM|orig.date=1863-09-22
1863	9	22	9	58	0	23.2	orig=18.6R|orig.time=Noon|orig.date=1863-09-22
1863	9	22	11	58	0	25.2	orig=20.2R|orig.time=2:00PM|orig.date=1863-09-22
1863	9	22	18	58	0	18.2	orig=14.6R|orig.time=9:00PM|orig.date=1863-09-22
1863	9	23	4	58	0	10.8	orig=8.6R|orig.time=7:00AM|orig.date=1863-09-23
1863	9	23	9	58	0	23.2	orig=18.6R|orig.time=Noon|orig.date=1863-09-23
1863	9	23	11	58	0	25.9	orig=20.7R|orig.time=2:00PM|orig.date=1863-09-23
1863	9	23	18	58	0	21	orig=16.8R|orig.time=9:00PM|orig.date=1863-09-23
1863	9	24	4	58	0	11.5	orig=9.2R|orig.time=7:00AM|orig.date=1863-09-24
1863	9	24	9	58	0	18.5	orig=14.8R|orig.time=Noon|orig.date=1863-09-24
1863	9	24	11	58	0	20.5	orig=16.4R|orig.time=2:00PM|orig.date=1863-09-24
1863	9	24	18	58	0	14.2	orig=11.4R|orig.time=9:00PM|orig.date=1863-09-24
1863	9	25	4	58	0	11.5	orig=9.2R|orig.time=7:00AM|orig.date=1863-09-25
1863	9	25	9	58	0	18.8	orig=15R|orig.time=Noon|orig.date=1863-09-25
1863	9	25	11	58	0	21	orig=16.8R|orig.time=2:00PM|orig.date=1863-09-25
1863	9	25	18	58	0	15.5	orig=12.4R|orig.time=9:00PM|orig.date=1863-09-25
1863	9	26	4	58	0	13.6	orig=10.9R|orig.time=7:00AM|orig.date=1863-09-26
1863	9	26	9	58	0	22.8	orig=18.2R|orig.time=Noon|orig.date=1863-09-26
1863	9	26	11	58	0	23.8	orig=19R|orig.time=2:00PM|orig.date=1863-09-26
1863	9	26	18	58	0	16.4	orig=13.1R|orig.time=9:00PM|orig.date=1863-09-26
1863	9	27	4	58	0	13.1	orig=10.5R|orig.time=7:00AM|orig.date=1863-09-27
1863	9	27	9	58	0	23	orig=18.4R|orig.time=Noon|orig.date=1863-09-27
1863	9	27	11	58	0	24.8	orig=19.8R|orig.time=2:00PM|orig.date=1863-09-27
1863	9	27	18	58	0	16.9	orig=13.5R|orig.time=9:00PM|orig.date=1863-09-27
1863	9	28	4	58	0	14.2	orig=11.4R|orig.time=7:00AM|orig.date=1863-09-28
1863	9	28	9	58	0	20.2	orig=16.2R|orig.time=Noon|orig.date=1863-09-28
1863	9	28	11	58	0	22.4	orig=17.9R|orig.time=2:00PM|orig.date=1863-09-28
1863	9	28	18	58	0	16.5	orig=13.2R|orig.time=9:00PM|orig.date=1863-09-28
1863	9	29	4	58	0	12.8	orig=10.2R|orig.time=7:00AM|orig.date=1863-09-29
1863	9	29	9	58	0	21.8	orig=17.4R|orig.time=Noon|orig.date=1863-09-29
1863	9	29	11	58	0	23.6	orig=18.9R|orig.time=2:00PM|orig.date=1863-09-29
1863	9	29	18	58	0	16	orig=12.8R|orig.time=9:00PM|orig.date=1863-09-29
1863	9	30	4	58	0	12.4	orig=9.9R|orig.time=7:00AM|orig.date=1863-09-30
1863	9	30	9	58	0	20	orig=16R|orig.time=Noon|orig.date=1863-09-30
1863	9	30	11	58	0	22.5	orig=18R|orig.time=2:00PM|orig.date=1863-09-30
1863	9	30	18	58	0	15.2	orig=12.2R|orig.time=9:00PM|orig.date=1863-09-30
1863	10	1	4	58	0	10.2	orig=8.2R|orig.time=7:00AM|orig.date=1863-10-01
1863	10	1	9	58	0	21.6	orig=17.3R|orig.time=Noon|orig.date=1863-10-01
1863	10	1	11	58	0	23	orig=18.4R|orig.time=2:00PM|orig.date=1863-10-01
1863	10	1	18	58	0	16.6	orig=13.3R|orig.time=9:00PM|orig.date=1863-10-01
1863	10	2	4	58	0	13.1	orig=10.5R|orig.time=7:00AM|orig.date=1863-10-02
1863	10	2	9	58	0	20.1	orig=16.1R|orig.time=Noon|orig.date=1863-10-02
1863	10	2	11	58	0	22.4	orig=17.9R|orig.time=2:00PM|orig.date=1863-10-02
1863	10	2	18	58	0	17.1	orig=13.7R|orig.time=9:00PM|orig.date=1863-10-02
1863	10	3	4	58	0	13.6	orig=10.9R|orig.time=7:00AM|orig.date=1863-10-03
1863	10	3	9	58	0	21.6	orig=17.3R|orig.time=Noon|orig.date=1863-10-03
1863	10	3	11	58	0	22.9	orig=18.3R|orig.time=2:00PM|orig.date=1863-10-03
1863	10	3	18	58	0	17.1	orig=13.7R|orig.time=9:00PM|orig.date=1863-10-03
1863	10	4	4	58	0	12.8	orig=10.2R|orig.time=7:00AM|orig.date=1863-10-04
1863	10	4	9	58	0	20.8	orig=16.6R|orig.time=Noon|orig.date=1863-10-04
1863	10	4	11	58	0	21.5	orig=17.2R|orig.time=2:00PM|orig.date=1863-10-04
1863	10	4	18	58	0	17	orig=13.6R|orig.time=9:00PM|orig.date=1863-10-04
1863	10	5	4	58	0	14.5	orig=11.6R|orig.time=7:00AM|orig.date=1863-10-05
1863	10	5	9	58	0	24.1	orig=19.3R|orig.time=Noon|orig.date=1863-10-05
1863	10	5	11	58	0	23.8	orig=19R|orig.time=2:00PM|orig.date=1863-10-05
1863	10	5	18	58	0	16.2	orig=13R|orig.time=9:00PM|orig.date=1863-10-05
1863	10	6	4	58	0	11.5	orig=9.2R|orig.time=7:00AM|orig.date=1863-10-06
1863	10	6	9	58	0	18.5	orig=14.8R|orig.time=Noon|orig.date=1863-10-06
1863	10	6	11	58	0	19.5	orig=15.6R|orig.time=2:00PM|orig.date=1863-10-06
1863	10	6	18	58	0	13.2	orig=10.6R|orig.time=9:00PM|orig.date=1863-10-06
1863	10	7	4	58	0	6	orig=4.8R|orig.time=7:00AM|orig.date=1863-10-07
1863	10	7	9	58	0	15.6	orig=12.5R|orig.time=Noon|orig.date=1863-10-07
1863	10	7	11	58	0	17.4	orig=13.9R|orig.time=2:00PM|orig.date=1863-10-07
1863	10	7	18	58	0	14.1	orig=11.3R|orig.time=9:00PM|orig.date=1863-10-07
1863	10	8	4	58	0	11.9	orig=9.5R|orig.time=7:00AM|orig.date=1863-10-08
1863	10	8	9	58	0	18.1	orig=14.5R|orig.time=Noon|orig.date=1863-10-08
1863	10	8	11	58	0	19.4	orig=15.5R|orig.time=2:00PM|orig.date=1863-10-08
1863	10	8	18	58	0	14.6	orig=11.7R|orig.time=9:00PM|orig.date=1863-10-08
1863	10	9	4	58	0	12.8	orig=10.2R|orig.time=7:00AM|orig.date=1863-10-09
1863	10	9	9	58	0	18	orig=14.4R|orig.time=Noon|orig.date=1863-10-09
1863	10	9	11	58	0	18.8	orig=15R|orig.time=2:00PM|orig.date=1863-10-09
1863	10	9	18	58	0	13.2	orig=10.6R|orig.time=9:00PM|orig.date=1863-10-09
1863	10	10	4	58	0	9.2	orig=7.4R|orig.time=7:00AM|orig.date=1863-10-10
1863	10	10	9	58	0	12.5	orig=10R|orig.time=Noon|orig.date=1863-10-10
1863	10	10	11	58	0	13.9	orig=11.1R|orig.time=2:00PM|orig.date=1863-10-10
1863	10	10	18	58	0	10.4	orig=8.3R|orig.time=9:00PM|orig.date=1863-10-10
1863	10	11	4	58	0	7.4	orig=5.9R|orig.time=7:00AM|orig.date=1863-10-11
1863	10	11	9	58	0	11.6	orig=9.3R|orig.time=Noon|orig.date=1863-10-11
1863	10	11	11	58	0	13.4	orig=10.7R|orig.time=2:00PM|orig.date=1863-10-11
1863	10	11	18	58	0	9.8	orig=7.8R|orig.time=9:00PM|orig.date=1863-10-11
1863	10	12	4	58	0	6	orig=4.8R|orig.time=7:00AM|orig.date=1863-10-12
1863	10	12	9	58	0	9.6	orig=7.7R|orig.time=Noon|orig.date=1863-10-12
1863	10	12	11	58	0	9.8	orig=7.8R|orig.time=2:00PM|orig.date=1863-10-12
1863	10	12	18	58	0	3.1	orig=2.5R|orig.time=9:00PM|orig.date=1863-10-12
1863	10	13	4	58	0	0.4	orig=0.3R|orig.time=7:00AM|orig.date=1863-10-13
1863	10	13	9	58	0	8.8	orig=7R|orig.time=Noon|orig.date=1863-10-13
1863	10	13	11	58	0	10	orig=8R|orig.time=2:00PM|orig.date=1863-10-13
1863	10	13	18	58	0	3.8	orig=3R|orig.time=9:00PM|orig.date=1863-10-13
1863	10	14	4	58	0	0.2	orig=0.2R|orig.time=7:00AM|orig.date=1863-10-14
1863	10	14	9	58	0	10.4	orig=8.3R|orig.time=Noon|orig.date=1863-10-14
1863	10	14	11	58	0	11.1	orig=8.9R|orig.time=2:00PM|orig.date=1863-10-14
1863	10	14	18	58	0	3.6	orig=2.9R|orig.time=9:00PM|orig.date=1863-10-14
1863	10	15	4	58	0	-1.1	orig=-0.9R|orig.time=7:00AM|orig.date=1863-10-15
1863	10	15	9	58	0	10.1	orig=8.1R|orig.time=Noon|orig.date=1863-10-15
1863	10	15	11	58	0	11.8	orig=9.4R|orig.time=2:00PM|orig.date=1863-10-15
1863	10	15	18	58	0	4.5	orig=3.6R|orig.time=9:00PM|orig.date=1863-10-15
1863	10	16	4	58	0	-2.6	orig=-2.1R|orig.time=7:00AM|orig.date=1863-10-16
1863	10	16	9	58	0	10.4	orig=8.3R|orig.time=Noon|orig.date=1863-10-16
1863	10	16	11	58	0	13.1	orig=10.5R|orig.time=2:00PM|orig.date=1863-10-16
1863	10	16	18	58	0	7.5	orig=6R|orig.time=9:00PM|orig.date=1863-10-16
1863	10	17	4	58	0	5	orig=4R|orig.time=7:00AM|orig.date=1863-10-17
1863	10	17	9	58	0	14.4	orig=11.5R|orig.time=Noon|orig.date=1863-10-17
1863	10	17	11	58	0	17.4	orig=13.9R|orig.time=2:00PM|orig.date=1863-10-17
1863	10	17	18	58	0	12	orig=9.6R|orig.time=9:00PM|orig.date=1863-10-17
1863	10	18	4	58	0	7.2	orig=5.8R|orig.time=7:00AM|orig.date=1863-10-18
1863	10	18	9	58	0	17.1	orig=13.7R|orig.time=Noon|orig.date=1863-10-18
1863	10	18	11	58	0	18.4	orig=14.7R|orig.time=2:00PM|orig.date=1863-10-18
1863	10	18	18	58	0	8.5	orig=6.8R|orig.time=9:00PM|orig.date=1863-10-18
1863	10	19	4	58	0	4.5	orig=3.6R|orig.time=7:00AM|orig.date=1863-10-19
1863	10	19	9	58	0	9.4	orig=7.5R|orig.time=Noon|orig.date=1863-10-19
1863	10	19	11	58	0	10.4	orig=8.3R|orig.time=2:00PM|orig.date=1863-10-19
1863	10	19	18	58	0	6.6	orig=5.3R|orig.time=9:00PM|orig.date=1863-10-19
1863	10	20	4	58	0	4.9	orig=3.9R|orig.time=7:00AM|orig.date=1863-10-20
1863	10	20	9	58	0	15	orig=12R|orig.time=Noon|orig.date=1863-10-20
1863	10	20	11	58	0	16.5	orig=13.2R|orig.time=2:00PM|orig.date=1863-10-20
1863	10	20	18	58	0	9.8	orig=7.8R|orig.time=9:00PM|orig.date=1863-10-20
1863	10	21	4	58	0	4.8	orig=3.8R|orig.time=7:00AM|orig.date=1863-10-21
1863	10	21	9	58	0	15.5	orig=12.4R|orig.time=Noon|orig.date=1863-10-21
1863	10	21	11	58	0	15.6	orig=12.5R|orig.time=2:00PM|orig.date=1863-10-21
1863	10	21	18	58	0	8.6	orig=6.9R|orig.time=9:00PM|orig.date=1863-10-21
1863	10	22	4	58	0	0.8	orig=0.6R|orig.time=7:00AM|orig.date=1863-10-22
1863	10	22	9	58	0	9	orig=7.2R|orig.time=Noon|orig.date=1863-10-22
1863	10	22	11	58	0	11	orig=8.8R|orig.time=2:00PM|orig.date=1863-10-22
1863	10	22	18	58	0	7.9	orig=6.3R|orig.time=9:00PM|orig.date=1863-10-22
1863	10	23	4	58	0	4.4	orig=3.5R|orig.time=7:00AM|orig.date=1863-10-23
1863	10	23	9	58	0	9.2	orig=7.4R|orig.time=Noon|orig.date=1863-10-23
1863	10	23	11	58	0	10.4	orig=8.3R|orig.time=2:00PM|orig.date=1863-10-23
1863	10	23	18	58	0	5.1	orig=4.1R|orig.time=9:00PM|orig.date=1863-10-23
1863	10	24	4	58	0	7	orig=5.6R|orig.time=7:00AM|orig.date=1863-10-24
1863	10	24	9	58	0	6.6	orig=5.3R|orig.time=Noon|orig.date=1863-10-24
1863	10	24	11	58	0	6.6	orig=5.3R|orig.time=2:00PM|orig.date=1863-10-24
1863	10	24	18	58	0	6.1	orig=4.9R|orig.time=9:00PM|orig.date=1863-10-24
1863	10	25	4	58	0	4.2	orig=3.4R|orig.time=7:00AM|orig.date=1863-10-25
1863	10	25	9	58	0	4.1	orig=3.3R|orig.time=Noon|orig.date=1863-10-25
1863	10	25	11	58	0	4	orig=3.2R|orig.time=2:00PM|orig.date=1863-10-25
1863	10	25	18	58	0	3.2	orig=2.6R|orig.time=9:00PM|orig.date=1863-10-25
1863	10	26	4	58	0	0.4	orig=0.3R|orig.time=7:00AM|orig.date=1863-10-26
1863	10	26	9	58	0	2.1	orig=1.7R|orig.time=Noon|orig.date=1863-10-26
1863	10	26	11	58	0	2.5	orig=2R|orig.time=2:00PM|orig.date=1863-10-26
1863	10	26	18	58	0	0	orig=0R|orig.time=9:00PM|orig.date=1863-10-26
1863	10	27	4	58	0	-2.5	orig=-2R|orig.time=7:00AM|orig.date=1863-10-27
1863	10	27	9	58	0	0.2	orig=0.2R|orig.time=Noon|orig.date=1863-10-27
1863	10	27	11	58	0	1.5	orig=1.2R|orig.time=2:00PM|orig.date=1863-10-27
1863	10	27	18	58	0	-2.1	orig=-1.7R|orig.time=9:00PM|orig.date=1863-10-27
1863	10	28	4	58	0	-5.5	orig=-4.4R|orig.time=7:00AM|orig.date=1863-10-28
1863	10	28	9	58	0	-0.5	orig=-0.4R|orig.time=Noon|orig.date=1863-10-28
1863	10	28	11	58	0	0	orig=0R|orig.time=2:00PM|orig.date=1863-10-28
1863	10	28	18	58	0	-4	orig=-3.2R|orig.time=9:00PM|orig.date=1863-10-28
1863	10	29	4	58	0	-6.2	orig=-5R|orig.time=7:00AM|orig.date=1863-10-29
1863	10	29	9	58	0	-1.1	orig=-0.9R|orig.time=Noon|orig.date=1863-10-29
1863	10	29	11	58	0	-0.1	orig=-0.1R|orig.time=2:00PM|orig.date=1863-10-29
1863	10	29	18	58	0	-5.8	orig=-4.6R|orig.time=9:00PM|orig.date=1863-10-29
1863	10	30	4	58	0	-8.4	orig=-6.7R|orig.time=7:00AM|orig.date=1863-10-30
1863	10	30	9	58	0	-2	orig=-1.6R|orig.time=Noon|orig.date=1863-10-30
1863	10	30	11	58	0	-0.4	orig=-0.3R|orig.time=2:00PM|orig.date=1863-10-30
1863	10	30	18	58	0	-6.5	orig=-5.2R|orig.time=9:00PM|orig.date=1863-10-30
1863	10	31	4	58	0	-5.8	orig=-4.6R|orig.time=7:00AM|orig.date=1863-10-31
1863	10	31	9	58	0	2.4	orig=1.9R|orig.time=Noon|orig.date=1863-10-31
1863	10	31	11	58	0	3.2	orig=2.6R|orig.time=2:00PM|orig.date=1863-10-31
1863	10	31	18	58	0	1.5	orig=1.2R|orig.time=9:00PM|orig.date=1863-10-31
1863	11	1	4	58	0	1.1	orig=0.9R|orig.time=7:00AM|orig.date=1863-11-01
1863	11	1	9	58	0	2.9	orig=2.3R|orig.time=Noon|orig.date=1863-11-01
1863	11	1	11	58	0	2.9	orig=2.3R|orig.time=2:00PM|orig.date=1863-11-01
1863	11	1	18	58	0	2.9	orig=2.3R|orig.time=9:00PM|orig.date=1863-11-01
1863	11	2	4	58	0	7.2	orig=5.8R|orig.time=7:00AM|orig.date=1863-11-02
1863	11	2	9	58	0	11.5	orig=9.2R|orig.time=Noon|orig.date=1863-11-02
1863	11	2	11	58	0	12	orig=9.6R|orig.time=2:00PM|orig.date=1863-11-02
1863	11	2	18	58	0	10.2	orig=8.2R|orig.time=9:00PM|orig.date=1863-11-02
1863	11	3	4	58	0	10.5	orig=8.4R|orig.time=7:00AM|orig.date=1863-11-03
1863	11	3	9	58	0	12	orig=9.6R|orig.time=Noon|orig.date=1863-11-03
1863	11	3	11	58	0	11.6	orig=9.3R|orig.time=2:00PM|orig.date=1863-11-03
1863	11	3	18	58	0	9.5	orig=7.6R|orig.time=9:00PM|orig.date=1863-11-03
1863	11	4	4	58	0	11	orig=8.8R|orig.time=7:00AM|orig.date=1863-11-04
1863	11	4	9	58	0	12	orig=9.6R|orig.time=Noon|orig.date=1863-11-04
1863	11	4	11	58	0	10.6	orig=8.5R|orig.time=2:00PM|orig.date=1863-11-04
1863	11	4	18	58	0	8.6	orig=6.9R|orig.time=9:00PM|orig.date=1863-11-04
1863	11	5	4	58	0	7.5	orig=6R|orig.time=7:00AM|orig.date=1863-11-05
1863	11	5	9	58	0	9.5	orig=7.6R|orig.time=Noon|orig.date=1863-11-05
1863	11	5	11	58	0	12.5	orig=10R|orig.time=2:00PM|orig.date=1863-11-05
1863	11	5	18	58	0	10	orig=8R|orig.time=9:00PM|orig.date=1863-11-05
1863	11	6	4	58	0	6.1	orig=4.9R|orig.time=7:00AM|orig.date=1863-11-06
1863	11	6	9	58	0	8.9	orig=7.1R|orig.time=Noon|orig.date=1863-11-06
1863	11	6	11	58	0	8.1	orig=6.5R|orig.time=2:00PM|orig.date=1863-11-06
1863	11	6	18	58	0	5.6	orig=4.5R|orig.time=9:00PM|orig.date=1863-11-06
1863	11	7	4	58	0	-0.2	orig=-0.2R|orig.time=7:00AM|orig.date=1863-11-07
1863	11	7	9	58	0	2.1	orig=1.7R|orig.time=Noon|orig.date=1863-11-07
1863	11	7	11	58	0	2.4	orig=1.9R|orig.time=2:00PM|orig.date=1863-11-07
1863	11	7	18	58	0	1	orig=0.8R|orig.time=9:00PM|orig.date=1863-11-07
1863	11	8	4	58	0	0	orig=0R|orig.time=7:00AM|orig.date=1863-11-08
1863	11	8	9	58	0	3.5	orig=2.8R|orig.time=Noon|orig.date=1863-11-08
1863	11	8	11	58	0	2.9	orig=2.3R|orig.time=2:00PM|orig.date=1863-11-08
1863	11	8	18	58	0	0	orig=0R|orig.time=9:00PM|orig.date=1863-11-08
1863	11	9	4	58	0	-2	orig=-1.6R|orig.time=7:00AM|orig.date=1863-11-09
1863	11	9	9	58	0	0.8	orig=0.6R|orig.time=Noon|orig.date=1863-11-09
1863	11	9	11	58	0	0.9	orig=0.7R|orig.time=2:00PM|orig.date=1863-11-09
1863	11	9	18	58	0	0.1	orig=0.1R|orig.time=9:00PM|orig.date=1863-11-09
1863	11	10	4	58	0	-1.1	orig=-0.9R|orig.time=7:00AM|orig.date=1863-11-10
1863	11	10	9	58	0	1.2	orig=1R|orig.time=Noon|orig.date=1863-11-10
1863	11	10	11	58	0	1.1	orig=0.9R|orig.time=2:00PM|orig.date=1863-11-10
1863	11	10	18	58	0	-3	orig=-2.4R|orig.time=9:00PM|orig.date=1863-11-10
1863	11	11	4	58	0	-3.6	orig=-2.9R|orig.time=7:00AM|orig.date=1863-11-11
1863	11	11	9	58	0	1.4	orig=1.1R|orig.time=Noon|orig.date=1863-11-11
1863	11	11	11	58	0	1.1	orig=0.9R|orig.time=2:00PM|orig.date=1863-11-11
1863	11	11	18	58	0	3.2	orig=2.6R|orig.time=9:00PM|orig.date=1863-11-11
1863	11	12	4	58	0	3.9	orig=3.1R|orig.time=7:00AM|orig.date=1863-11-12
1863	11	12	9	58	0	7.6	orig=6.1R|orig.time=Noon|orig.date=1863-11-12
1863	11	12	11	58	0	8.4	orig=6.7R|orig.time=2:00PM|orig.date=1863-11-12
1863	11	12	18	58	0	9.2	orig=7.4R|orig.time=9:00PM|orig.date=1863-11-12
1863	11	13	4	58	0	8	orig=6.4R|orig.time=7:00AM|orig.date=1863-11-13
1863	11	13	9	58	0	7.2	orig=5.8R|orig.time=Noon|orig.date=1863-11-13
1863	11	13	11	58	0	5.9	orig=4.7R|orig.time=2:00PM|orig.date=1863-11-13
1863	11	13	18	58	0	3.6	orig=2.9R|orig.time=9:00PM|orig.date=1863-11-13
1863	11	14	4	58	0	2	orig=1.6R|orig.time=7:00AM|orig.date=1863-11-14
1863	11	14	9	58	0	3.5	orig=2.8R|orig.time=Noon|orig.date=1863-11-14
1863	11	14	11	58	0	5.1	orig=4.1R|orig.time=2:00PM|orig.date=1863-11-14
1863	11	14	18	58	0	2.8	orig=2.2R|orig.time=9:00PM|orig.date=1863-11-14
1863	11	15	4	58	0	1.9	orig=1.5R|orig.time=7:00AM|orig.date=1863-11-15
1863	11	15	9	58	0	7.2	orig=5.8R|orig.time=Noon|orig.date=1863-11-15
1863	11	15	11	58	0	7.6	orig=6.1R|orig.time=2:00PM|orig.date=1863-11-15
1863	11	15	18	58	0	6.1	orig=4.9R|orig.time=9:00PM|orig.date=1863-11-15
1863	11	16	4	58	0	5.2	orig=4.2R|orig.time=7:00AM|orig.date=1863-11-16
1863	11	16	9	58	0	5.8	orig=4.6R|orig.time=Noon|orig.date=1863-11-16
1863	11	16	11	58	0	6.8	orig=5.4R|orig.time=2:00PM|orig.date=1863-11-16
1863	11	16	18	58	0	5.9	orig=4.7R|orig.time=9:00PM|orig.date=1863-11-16
1863	11	17	4	58	0	4.8	orig=3.8R|orig.time=7:00AM|orig.date=1863-11-17
1863	11	17	9	58	0	6.4	orig=5.1R|orig.time=Noon|orig.date=1863-11-17
1863	11	17	11	58	0	5.8	orig=4.6R|orig.time=2:00PM|orig.date=1863-11-17
1863	11	17	18	58	0	2.9	orig=2.3R|orig.time=9:00PM|orig.date=1863-11-17
1863	11	18	4	58	0	-1.5	orig=-1.2R|orig.time=7:00AM|orig.date=1863-11-18
1863	11	18	9	58	0	3.2	orig=2.6R|orig.time=Noon|orig.date=1863-11-18
1863	11	18	11	58	0	3.6	orig=2.9R|orig.time=2:00PM|orig.date=1863-11-18
1863	11	18	18	58	0	-0.2	orig=-0.2R|orig.time=9:00PM|orig.date=1863-11-18
1863	11	19	4	58	0	4.9	orig=3.9R|orig.time=7:00AM|orig.date=1863-11-19
1863	11	19	9	58	0	7.5	orig=6R|orig.time=Noon|orig.date=1863-11-19
1863	11	19	11	58	0	7.9	orig=6.3R|orig.time=2:00PM|orig.date=1863-11-19
1863	11	19	18	58	0	3.4	orig=2.7R|orig.time=9:00PM|orig.date=1863-11-19
1863	11	20	4	58	0	6.2	orig=5R|orig.time=7:00AM|orig.date=1863-11-20
1863	11	20	9	58	0	8.2	orig=6.6R|orig.time=Noon|orig.date=1863-11-20
1863	11	20	11	58	0	8	orig=6.4R|orig.time=2:00PM|orig.date=1863-11-20
1863	11	20	18	58	0	6.1	orig=4.9R|orig.time=9:00PM|orig.date=1863-11-20
1863	11	21	4	58	0	5.1	orig=4.1R|orig.time=7:00AM|orig.date=1863-11-21
1863	11	21	9	58	0	6.9	orig=5.5R|orig.time=Noon|orig.date=1863-11-21
1863	11	21	11	58	0	7.6	orig=6.1R|orig.time=2:00PM|orig.date=1863-11-21
1863	11	21	18	58	0	4.1	orig=3.3R|orig.time=9:00PM|orig.date=1863-11-21
1863	11	22	4	58	0	-0.4	orig=-0.3R|orig.time=7:00AM|orig.date=1863-11-22
1863	11	22	9	58	0	7	orig=5.6R|orig.time=Noon|orig.date=1863-11-22
1863	11	22	11	58	0	8.6	orig=6.9R|orig.time=2:00PM|orig.date=1863-11-22
1863	11	22	18	58	0	2.5	orig=2R|orig.time=9:00PM|orig.date=1863-11-22
1863	11	23	4	58	0	-0.2	orig=-0.2R|orig.time=7:00AM|orig.date=1863-11-23
1863	11	23	9	58	0	4.2	orig=3.4R|orig.time=Noon|orig.date=1863-11-23
1863	11	23	11	58	0	3.6	orig=2.9R|orig.time=2:00PM|orig.date=1863-11-23
1863	11	23	18	58	0	-0.1	orig=-0.1R|orig.time=9:00PM|orig.date=1863-11-23
1863	11	24	4	58	0	-2.4	orig=-1.9R|orig.time=7:00AM|orig.date=1863-11-24
1863	11	24	9	58	0	0.9	orig=0.7R|orig.time=Noon|orig.date=1863-11-24
1863	11	24	11	58	0	0.6	orig=0.5R|orig.time=2:00PM|orig.date=1863-11-24
1863	11	24	18	58	0	2	orig=1.6R|orig.time=9:00PM|orig.date=1863-11-24
1863	11	25	4	58	0	3.8	orig=3R|orig.time=7:00AM|orig.date=1863-11-25
1863	11	25	9	58	0	5.4	orig=4.3R|orig.time=Noon|orig.date=1863-11-25
1863	11	25	11	58	0	5.4	orig=4.3R|orig.time=2:00PM|orig.date=1863-11-25
1863	11	25	18	58	0	1.4	orig=1.1R|orig.time=9:00PM|orig.date=1863-11-25
1863	11	26	4	58	0	-0.2	orig=-0.2R|orig.time=7:00AM|orig.date=1863-11-26
1863	11	26	9	58	0	3.1	orig=2.5R|orig.time=Noon|orig.date=1863-11-26
1863	11	26	11	58	0	2.9	orig=2.3R|orig.time=2:00PM|orig.date=1863-11-26
1863	11	26	18	58	0	1.4	orig=1.1R|orig.time=9:00PM|orig.date=1863-11-26
1863	11	27	4	58	0	-0.9	orig=-0.7R|orig.time=7:00AM|orig.date=1863-11-27
1863	11	27	9	58	0	-3.2	orig=-2.6R|orig.time=Noon|orig.date=1863-11-27
1863	11	27	11	58	0	-3.6	orig=-2.9R|orig.time=2:00PM|orig.date=1863-11-27
1863	11	27	18	58	0	-5.2	orig=-4.2R|orig.time=9:00PM|orig.date=1863-11-27
1863	11	28	4	58	0	-5.8	orig=-4.6R|orig.time=7:00AM|orig.date=1863-11-28
1863	11	28	9	58	0	-2.4	orig=-1.9R|orig.time=Noon|orig.date=1863-11-28
1863	11	28	11	58	0	-1.4	orig=-1.1R|orig.time=2:00PM|orig.date=1863-11-28
1863	11	28	18	58	0	-6.2	orig=-5R|orig.time=9:00PM|orig.date=1863-11-28
1863	11	29	4	58	0	-6.6	orig=-5.3R|orig.time=7:00AM|orig.date=1863-11-29
1863	11	29	9	58	0	-3.9	orig=-3.1R|orig.time=Noon|orig.date=1863-11-29
1863	11	29	11	58	0	-3	orig=-2.4R|orig.time=2:00PM|orig.date=1863-11-29
1863	11	29	18	58	0	-1.1	orig=-0.9R|orig.time=9:00PM|orig.date=1863-11-29
1863	11	30	4	58	0	-0.5	orig=-0.4R|orig.time=7:00AM|orig.date=1863-11-30
1863	11	30	9	58	0	0.5	orig=0.4R|orig.time=Noon|orig.date=1863-11-30
1863	11	30	11	58	0	0.6	orig=0.5R|orig.time=2:00PM|orig.date=1863-11-30
1863	11	30	18	58	0	3	orig=2.4R|orig.time=9:00PM|orig.date=1863-11-30
1863	12	1	4	58	0	-4.8	orig=-3.8R|orig.time=7:00AM|orig.date=1863-12-01
1863	12	1	9	58	0	-3.1	orig=-2.5R|orig.time=Noon|orig.date=1863-12-01
1863	12	1	11	58	0	-3	orig=-2.4R|orig.time=2:00PM|orig.date=1863-12-01
1863	12	1	18	58	0	-2.4	orig=-1.9R|orig.time=9:00PM|orig.date=1863-12-01
1863	12	2	4	58	0	-3.4	orig=-2.7R|orig.time=7:00AM|orig.date=1863-12-02
1863	12	2	9	58	0	-3.5	orig=-2.8R|orig.time=Noon|orig.date=1863-12-02
1863	12	2	11	58	0	-3.5	orig=-2.8R|orig.time=2:00PM|orig.date=1863-12-02
1863	12	2	18	58	0	-4	orig=-3.2R|orig.time=9:00PM|orig.date=1863-12-02
1863	12	3	4	58	0	-4.8	orig=-3.8R|orig.time=7:00AM|orig.date=1863-12-03
1863	12	3	9	58	0	-4.2	orig=-3.4R|orig.time=Noon|orig.date=1863-12-03
1863	12	3	11	58	0	-4	orig=-3.2R|orig.time=2:00PM|orig.date=1863-12-03
1863	12	3	18	58	0	-4.1	orig=-3.3R|orig.time=9:00PM|orig.date=1863-12-03
1863	12	4	4	58	0	-3.9	orig=-3.1R|orig.time=7:00AM|orig.date=1863-12-04
1863	12	4	9	58	0	-2.2	orig=-1.8R|orig.time=Noon|orig.date=1863-12-04
1863	12	4	11	58	0	-2.8	orig=-2.2R|orig.time=2:00PM|orig.date=1863-12-04
1863	12	4	18	58	0	-2.9	orig=-2.3R|orig.time=9:00PM|orig.date=1863-12-04
1863	12	5	4	58	0	-4.2	orig=-3.4R|orig.time=7:00AM|orig.date=1863-12-05
1863	12	5	9	58	0	-4	orig=-3.2R|orig.time=Noon|orig.date=1863-12-05
1863	12	5	11	58	0	-3.9	orig=-3.1R|orig.time=2:00PM|orig.date=1863-12-05
1863	12	5	18	58	0	-5.2	orig=-4.2R|orig.time=9:00PM|orig.date=1863-12-05
1863	12	6	4	58	0	-8.9	orig=-7.1R|orig.time=7:00AM|orig.date=1863-12-06
1863	12	6	9	58	0	-7.2	orig=-5.8R|orig.time=Noon|orig.date=1863-12-06
1863	12	6	11	58	0	-7.2	orig=-5.8R|orig.time=2:00PM|orig.date=1863-12-06
1863	12	6	18	58	0	-7.8	orig=-6.2R|orig.time=9:00PM|orig.date=1863-12-06
1863	12	7	4	58	0	-8.4	orig=-6.7R|orig.time=7:00AM|orig.date=1863-12-07
1863	12	7	9	58	0	-6.4	orig=-5.1R|orig.time=Noon|orig.date=1863-12-07
1863	12	7	11	58	0	-6.5	orig=-5.2R|orig.time=2:00PM|orig.date=1863-12-07
1863	12	7	18	58	0	-7	orig=-5.6R|orig.time=9:00PM|orig.date=1863-12-07
1863	12	8	4	58	0	-7.5	orig=-6R|orig.time=7:00AM|orig.date=1863-12-08
1863	12	8	9	58	0	-5.4	orig=-4.3R|orig.time=Noon|orig.date=1863-12-08
1863	12	8	11	58	0	-3	orig=-2.4R|orig.time=2:00PM|orig.date=1863-12-08
1863	12	8	18	58	0	-1	orig=-0.8R|orig.time=9:00PM|orig.date=1863-12-08
1863	12	9	4	58	0	1.2	orig=1R|orig.time=7:00AM|orig.date=1863-12-09
1863	12	9	9	58	0	0.8	orig=0.6R|orig.time=Noon|orig.date=1863-12-09
1863	12	9	11	58	0	1	orig=0.8R|orig.time=2:00PM|orig.date=1863-12-09
1863	12	9	18	58	0	0.6	orig=0.5R|orig.time=9:00PM|orig.date=1863-12-09
1863	12	10	4	58	0	0	orig=0R|orig.time=7:00AM|orig.date=1863-12-10
1863	12	10	9	58	0	0.9	orig=0.7R|orig.time=Noon|orig.date=1863-12-10
1863	12	10	11	58	0	1.1	orig=0.9R|orig.time=2:00PM|orig.date=1863-12-10
1863	12	10	18	58	0	0.2	orig=0.2R|orig.time=9:00PM|orig.date=1863-12-10
1863	12	11	4	58	0	1.1	orig=0.9R|orig.time=7:00AM|orig.date=1863-12-11
1863	12	11	9	58	0	2.9	orig=2.3R|orig.time=Noon|orig.date=1863-12-11
1863	12	11	11	58	0	3.1	orig=2.5R|orig.time=2:00PM|orig.date=1863-12-11
1863	12	11	18	58	0	0.8	orig=0.6R|orig.time=9:00PM|orig.date=1863-12-11
1863	12	12	4	58	0	-2	orig=-1.6R|orig.time=7:00AM|orig.date=1863-12-12
1863	12	12	9	58	0	0.5	orig=0.4R|orig.time=Noon|orig.date=1863-12-12
1863	12	12	11	58	0	0.2	orig=0.2R|orig.time=2:00PM|orig.date=1863-12-12
1863	12	12	18	58	0	-2.8	orig=-2.2R|orig.time=9:00PM|orig.date=1863-12-12
1863	12	13	4	58	0	-5.2	orig=-4.2R|orig.time=7:00AM|orig.date=1863-12-13
1863	12	13	9	58	0	-1.9	orig=-1.5R|orig.time=Noon|orig.date=1863-12-13
1863	12	13	11	58	0	-2	orig=-1.6R|orig.time=2:00PM|orig.date=1863-12-13
1863	12	13	18	58	0	-3.9	orig=-3.1R|orig.time=9:00PM|orig.date=1863-12-13
1863	12	14	4	58	0	-4.4	orig=-3.5R|orig.time=7:00AM|orig.date=1863-12-14
1863	12	14	9	58	0	-3	orig=-2.4R|orig.time=Noon|orig.date=1863-12-14
1863	12	14	11	58	0	-3.6	orig=-2.9R|orig.time=2:00PM|orig.date=1863-12-14
1863	12	14	18	58	0	-6	orig=-4.8R|orig.time=9:00PM|orig.date=1863-12-14
1863	12	15	4	58	0	-6.4	orig=-5.1R|orig.time=7:00AM|orig.date=1863-12-15
1863	12	15	9	58	0	-5.8	orig=-4.6R|orig.time=Noon|orig.date=1863-12-15
1863	12	15	11	58	0	-6.1	orig=-4.9R|orig.time=2:00PM|orig.date=1863-12-15
1863	12	15	18	58	0	-7.9	orig=-6.3R|orig.time=9:00PM|orig.date=1863-12-15
1863	12	16	4	58	0	-11.5	orig=-9.2R|orig.time=7:00AM|orig.date=1863-12-16
1863	12	16	9	58	0	-8.4	orig=-6.7R|orig.time=Noon|orig.date=1863-12-16
1863	12	16	11	58	0	-7	orig=-5.6R|orig.time=2:00PM|orig.date=1863-12-16
1863	12	16	18	58	0	-12.8	orig=-10.2R|orig.time=9:00PM|orig.date=1863-12-16
1863	12	17	4	58	0	-10.6	orig=-8.5R|orig.time=7:00AM|orig.date=1863-12-17
1863	12	17	9	58	0	-7.5	orig=-6R|orig.time=Noon|orig.date=1863-12-17
1863	12	17	11	58	0	-7	orig=-5.6R|orig.time=2:00PM|orig.date=1863-12-17
1863	12	17	18	58	0	-8.6	orig=-6.9R|orig.time=9:00PM|orig.date=1863-12-17
1863	12	18	4	58	0	-6.9	orig=-5.5R|orig.time=7:00AM|orig.date=1863-12-18
1863	12	18	9	58	0	-2.6	orig=-2.1R|orig.time=Noon|orig.date=1863-12-18
1863	12	18	11	58	0	-1.5	orig=-1.2R|orig.time=2:00PM|orig.date=1863-12-18
1863	12	18	18	58	0	-2.9	orig=-2.3R|orig.time=9:00PM|orig.date=1863-12-18
1863	12	19	4	58	0	0.2	orig=0.2R|orig.time=7:00AM|orig.date=1863-12-19
1863	12	19	9	58	0	0	orig=0R|orig.time=Noon|orig.date=1863-12-19
1863	12	19	11	58	0	0.1	orig=0.1R|orig.time=2:00PM|orig.date=1863-12-19
1863	12	19	18	58	0	-3.5	orig=-2.8R|orig.time=9:00PM|orig.date=1863-12-19
1863	12	20	4	58	0	-3.5	orig=-2.8R|orig.time=7:00AM|orig.date=1863-12-20
1863	12	20	9	58	0	-4	orig=-3.2R|orig.time=Noon|orig.date=1863-12-20
1863	12	20	11	58	0	-4.4	orig=-3.5R|orig.time=2:00PM|orig.date=1863-12-20
1863	12	20	18	58	0	-6.1	orig=-4.9R|orig.time=9:00PM|orig.date=1863-12-20
1863	12	21	4	58	0	-0.2	orig=-0.2R|orig.time=7:00AM|orig.date=1863-12-21
1863	12	21	9	58	0	2.1	orig=1.7R|orig.time=Noon|orig.date=1863-12-21
1863	12	21	11	58	0	2.2	orig=1.8R|orig.time=2:00PM|orig.date=1863-12-21
1863	12	21	18	58	0	1.5	orig=1.2R|orig.time=9:00PM|orig.date=1863-12-21
1863	12	22	4	58	0	1.2	orig=1R|orig.time=7:00AM|orig.date=1863-12-22
1863	12	22	9	58	0	2.2	orig=1.8R|orig.time=Noon|orig.date=1863-12-22
1863	12	22	11	58	0	2	orig=1.6R|orig.time=2:00PM|orig.date=1863-12-22
1863	12	22	18	58	0	2.9	orig=2.3R|orig.time=9:00PM|orig.date=1863-12-22
1863	12	23	4	58	0	2.9	orig=2.3R|orig.time=7:00AM|orig.date=1863-12-23
1863	12	23	9	58	0	2.2	orig=1.8R|orig.time=Noon|orig.date=1863-12-23
1863	12	23	11	58	0	1.2	orig=1R|orig.time=2:00PM|orig.date=1863-12-23
1863	12	23	18	58	0	-2.4	orig=-1.9R|orig.time=9:00PM|orig.date=1863-12-23
1863	12	24	4	58	0	-6.2	orig=-5R|orig.time=7:00AM|orig.date=1863-12-24
1863	12	24	9	58	0	-1.4	orig=-1.1R|orig.time=Noon|orig.date=1863-12-24
1863	12	24	11	58	0	-1.4	orig=-1.1R|orig.time=2:00PM|orig.date=1863-12-24
1863	12	24	18	58	0	-2.9	orig=-2.3R|orig.time=9:00PM|orig.date=1863-12-24
1863	12	25	4	58	0	-3.4	orig=-2.7R|orig.time=7:00AM|orig.date=1863-12-25
1863	12	25	9	58	0	-1.8	orig=-1.4R|orig.time=Noon|orig.date=1863-12-25
1863	12	25	11	58	0	-2.6	orig=-2.1R|orig.time=2:00PM|orig.date=1863-12-25
1863	12	25	18	58	0	-3.1	orig=-2.5R|orig.time=9:00PM|orig.date=1863-12-25
1863	12	26	4	58	0	-3.6	orig=-2.9R|orig.time=7:00AM|orig.date=1863-12-26
1863	12	26	9	58	0	-0.4	orig=-0.3R|orig.time=Noon|orig.date=1863-12-26
1863	12	26	11	58	0	-0.2	orig=-0.2R|orig.time=2:00PM|orig.date=1863-12-26
1863	12	26	18	58	0	0.8	orig=0.6R|orig.time=9:00PM|orig.date=1863-12-26
1863	12	27	4	58	0	0.2	orig=0.2R|orig.time=7:00AM|orig.date=1863-12-27
1863	12	27	9	58	0	1.9	orig=1.5R|orig.time=Noon|orig.date=1863-12-27
1863	12	27	11	58	0	1.6	orig=1.3R|orig.time=2:00PM|orig.date=1863-12-27
1863	12	27	18	58	0	0.2	orig=0.2R|orig.time=9:00PM|orig.date=1863-12-27
1863	12	28	4	58	0	-1.8	orig=-1.4R|orig.time=7:00AM|orig.date=1863-12-28
1863	12	28	9	58	0	0.2	orig=0.2R|orig.time=Noon|orig.date=1863-12-28
1863	12	28	11	58	0	-0.1	orig=-0.1R|orig.time=2:00PM|orig.date=1863-12-28
1863	12	28	18	58	0	-2.1	orig=-1.7R|orig.time=9:00PM|orig.date=1863-12-28
1863	12	29	4	58	0	-7.6	orig=-6.1R|orig.time=7:00AM|orig.date=1863-12-29
1863	12	29	9	58	0	-4.9	orig=-3.9R|orig.time=Noon|orig.date=1863-12-29
1863	12	29	11	58	0	-3.6	orig=-2.9R|orig.time=2:00PM|orig.date=1863-12-29
1863	12	29	18	58	0	-4.2	orig=-3.4R|orig.time=9:00PM|orig.date=1863-12-29
1863	12	30	4	58	0	-6.2	orig=-5R|orig.time=7:00AM|orig.date=1863-12-30
1863	12	30	9	58	0	-5.2	orig=-4.2R|orig.time=Noon|orig.date=1863-12-30
1863	12	30	11	58	0	-4.1	orig=-3.3R|orig.time=2:00PM|orig.date=1863-12-30
1863	12	30	18	58	0	-9	orig=-7.2R|orig.time=9:00PM|orig.date=1863-12-30
1863	12	31	4	58	0	-10.4	orig=-8.3R|orig.time=7:00AM|orig.date=1863-12-31
1863	12	31	9	58	0	-7	orig=-5.6R|orig.time=Noon|orig.date=1863-12-31
1863	12	31	11	58	0	-4.1	orig=-3.3R|orig.time=2:00PM|orig.date=1863-12-31
1863	12	31	18	58	0	-11	orig=-8.8R|orig.time=9:00PM|orig.date=1863-12-31
1864	1	1	4	58	0	-13.4	orig=-10.7R|orig.time=7:00AM|orig.date=1864-01-01
1864	1	1	9	58	0	-13.8	orig=-11R|orig.time=Noon|orig.date=1864-01-01
1864	1	1	11	58	0	-12.5	orig=-10R|orig.time=2:00PM|orig.date=1864-01-01
1864	1	1	18	58	0	-12.2	orig=-9.8R|orig.time=9:00PM|orig.date=1864-01-01
1864	1	2	4	58	0	-13.9	orig=-11.1R|orig.time=7:00AM|orig.date=1864-01-02
1864	1	2	9	58	0	-11.2	orig=-9R|orig.time=Noon|orig.date=1864-01-02
1864	1	2	11	58	0	-11.8	orig=-9.4R|orig.time=2:00PM|orig.date=1864-01-02
1864	1	2	18	58	0	-14	orig=-11.2R|orig.time=9:00PM|orig.date=1864-01-02
1864	1	3	4	58	0	-18	orig=-14.4R|orig.time=7:00AM|orig.date=1864-01-03
1864	1	3	9	58	0	-15.2	orig=-12.2R|orig.time=Noon|orig.date=1864-01-03
1864	1	3	11	58	0	-13	orig=-10.4R|orig.time=2:00PM|orig.date=1864-01-03
1864	1	3	18	58	0	-13.9	orig=-11.1R|orig.time=9:00PM|orig.date=1864-01-03
1864	1	4	4	58	0	-14	orig=-11.2R|orig.time=7:00AM|orig.date=1864-01-04
1864	1	4	9	58	0	-10.2	orig=-8.2R|orig.time=Noon|orig.date=1864-01-04
1864	1	4	11	58	0	-9.1	orig=-7.3R|orig.time=2:00PM|orig.date=1864-01-04
1864	1	4	18	58	0	-8.2	orig=-6.6R|orig.time=9:00PM|orig.date=1864-01-04
1864	1	5	4	58	0	-7.5	orig=-6R|orig.time=7:00AM|orig.date=1864-01-05
1864	1	5	9	58	0	-5.5	orig=-4.4R|orig.time=Noon|orig.date=1864-01-05
1864	1	5	11	58	0	-5.4	orig=-4.3R|orig.time=2:00PM|orig.date=1864-01-05
1864	1	5	18	58	0	-5.5	orig=-4.4R|orig.time=9:00PM|orig.date=1864-01-05
1864	1	6	4	58	0	-4.1	orig=-3.3R|orig.time=7:00AM|orig.date=1864-01-06
1864	1	6	9	58	0	-2.6	orig=-2.1R|orig.time=Noon|orig.date=1864-01-06
1864	1	6	11	58	0	-1.8	orig=-1.4R|orig.time=2:00PM|orig.date=1864-01-06
1864	1	6	18	58	0	-0.5	orig=-0.4R|orig.time=9:00PM|orig.date=1864-01-06
1864	1	7	4	58	0	-10.9	orig=-8.7R|orig.time=7:00AM|orig.date=1864-01-07
1864	1	7	9	58	0	-8.5	orig=-6.8R|orig.time=Noon|orig.date=1864-01-07
1864	1	7	11	58	0	-7.2	orig=-5.8R|orig.time=2:00PM|orig.date=1864-01-07
1864	1	7	18	58	0	-11.2	orig=-9R|orig.time=9:00PM|orig.date=1864-01-07
1864	1	8	4	58	0	-2.9	orig=-2.3R|orig.time=7:00AM|orig.date=1864-01-08
1864	1	8	9	58	0	-0.9	orig=-0.7R|orig.time=Noon|orig.date=1864-01-08
1864	1	8	11	58	0	-0.9	orig=-0.7R|orig.time=2:00PM|orig.date=1864-01-08
1864	1	8	18	58	0	-2	orig=-1.6R|orig.time=9:00PM|orig.date=1864-01-08
1864	1	9	4	58	0	-4	orig=-3.2R|orig.time=7:00AM|orig.date=1864-01-09
1864	1	9	9	58	0	-3.5	orig=-2.8R|orig.time=Noon|orig.date=1864-01-09
1864	1	9	11	58	0	-4	orig=-3.2R|orig.time=2:00PM|orig.date=1864-01-09
1864	1	9	18	58	0	-6	orig=-4.8R|orig.time=9:00PM|orig.date=1864-01-09
1864	1	10	4	58	0	-5.4	orig=-4.3R|orig.time=7:00AM|orig.date=1864-01-10
1864	1	10	9	58	0	-4.4	orig=-3.5R|orig.time=Noon|orig.date=1864-01-10
1864	1	10	11	58	0	-4.5	orig=-3.6R|orig.time=2:00PM|orig.date=1864-01-10
1864	1	10	18	58	0	-6.4	orig=-5.1R|orig.time=9:00PM|orig.date=1864-01-10
1864	1	11	4	58	0	-8.5	orig=-6.8R|orig.time=7:00AM|orig.date=1864-01-11
1864	1	11	9	58	0	-8	orig=-6.4R|orig.time=Noon|orig.date=1864-01-11
1864	1	11	11	58	0	-7	orig=-5.6R|orig.time=2:00PM|orig.date=1864-01-11
1864	1	11	18	58	0	-8.6	orig=-6.9R|orig.time=9:00PM|orig.date=1864-01-11
1864	1	12	4	58	0	-10.1	orig=-8.1R|orig.time=7:00AM|orig.date=1864-01-12
1864	1	12	9	58	0	-9.6	orig=-7.7R|orig.time=Noon|orig.date=1864-01-12
1864	1	12	11	58	0	-9.9	orig=-7.9R|orig.time=2:00PM|orig.date=1864-01-12
1864	1	12	18	58	0	-11.8	orig=-9.4R|orig.time=9:00PM|orig.date=1864-01-12
1864	1	13	4	58	0	-12.9	orig=-10.3R|orig.time=7:00AM|orig.date=1864-01-13
1864	1	13	9	58	0	-10.9	orig=-8.7R|orig.time=Noon|orig.date=1864-01-13
1864	1	13	11	58	0	-9.9	orig=-7.9R|orig.time=2:00PM|orig.date=1864-01-13
1864	1	13	18	58	0	-11.5	orig=-9.2R|orig.time=9:00PM|orig.date=1864-01-13
1864	1	14	4	58	0	-12.6	orig=-10.1R|orig.time=7:00AM|orig.date=1864-01-14
1864	1	14	9	58	0	-11.4	orig=-9.1R|orig.time=Noon|orig.date=1864-01-14
1864	1	14	11	58	0	-10.5	orig=-8.4R|orig.time=2:00PM|orig.date=1864-01-14
1864	1	14	18	58	0	-13.6	orig=-10.9R|orig.time=9:00PM|orig.date=1864-01-14
1864	1	15	4	58	0	-17	orig=-13.6R|orig.time=7:00AM|orig.date=1864-01-15
1864	1	15	9	58	0	-15.6	orig=-12.5R|orig.time=Noon|orig.date=1864-01-15
1864	1	15	11	58	0	-15.1	orig=-12.1R|orig.time=2:00PM|orig.date=1864-01-15
1864	1	15	18	58	0	-15.1	orig=-12.1R|orig.time=9:00PM|orig.date=1864-01-15
1864	1	16	4	58	0	-19.5	orig=-15.6R|orig.time=7:00AM|orig.date=1864-01-16
1864	1	16	9	58	0	-15.9	orig=-12.7R|orig.time=Noon|orig.date=1864-01-16
1864	1	16	11	58	0	-15.1	orig=-12.1R|orig.time=2:00PM|orig.date=1864-01-16
1864	1	16	18	58	0	-14.9	orig=-11.9R|orig.time=9:00PM|orig.date=1864-01-16
1864	1	17	4	58	0	-14.5	orig=-11.6R|orig.time=7:00AM|orig.date=1864-01-17
1864	1	17	9	58	0	-11.9	orig=-9.5R|orig.time=Noon|orig.date=1864-01-17
1864	1	17	11	58	0	-11.4	orig=-9.1R|orig.time=2:00PM|orig.date=1864-01-17
1864	1	17	18	58	0	-10.9	orig=-8.7R|orig.time=9:00PM|orig.date=1864-01-17
1864	1	18	4	58	0	-11	orig=-8.8R|orig.time=7:00AM|orig.date=1864-01-18
1864	1	18	9	58	0	-10.4	orig=-8.3R|orig.time=Noon|orig.date=1864-01-18
1864	1	18	11	58	0	-10	orig=-8R|orig.time=2:00PM|orig.date=1864-01-18
1864	1	18	18	58	0	-13.1	orig=-10.5R|orig.time=9:00PM|orig.date=1864-01-18
1864	1	19	4	58	0	-18	orig=-14.4R|orig.time=7:00AM|orig.date=1864-01-19
1864	1	19	9	58	0	-11.6	orig=-9.3R|orig.time=Noon|orig.date=1864-01-19
1864	1	19	11	58	0	-9.2	orig=-7.4R|orig.time=2:00PM|orig.date=1864-01-19
1864	1	19	18	58	0	-12.6	orig=-10.1R|orig.time=9:00PM|orig.date=1864-01-19
1864	1	20	4	58	0	-15	orig=-12R|orig.time=7:00AM|orig.date=1864-01-20
1864	1	20	9	58	0	-9.8	orig=-7.8R|orig.time=Noon|orig.date=1864-01-20
1864	1	20	11	58	0	-8.2	orig=-6.6R|orig.time=2:00PM|orig.date=1864-01-20
1864	1	20	18	58	0	-7	orig=-5.6R|orig.time=9:00PM|orig.date=1864-01-20
1864	1	21	4	58	0	-19	orig=-15.2R|orig.time=7:00AM|orig.date=1864-01-21
1864	1	21	9	58	0	-16	orig=-12.8R|orig.time=Noon|orig.date=1864-01-21
1864	1	21	11	58	0	-13.5	orig=-10.8R|orig.time=2:00PM|orig.date=1864-01-21
1864	1	21	18	58	0	-17.8	orig=-14.2R|orig.time=9:00PM|orig.date=1864-01-21
1864	1	22	4	58	0	-17.6	orig=-14.1R|orig.time=7:00AM|orig.date=1864-01-22
1864	1	22	9	58	0	-8.6	orig=-6.9R|orig.time=Noon|orig.date=1864-01-22
1864	1	22	11	58	0	-7.4	orig=-5.9R|orig.time=2:00PM|orig.date=1864-01-22
1864	1	22	18	58	0	-5.4	orig=-4.3R|orig.time=9:00PM|orig.date=1864-01-22
1864	1	23	4	58	0	-3.6	orig=-2.9R|orig.time=7:00AM|orig.date=1864-01-23
1864	1	23	9	58	0	0.8	orig=0.6R|orig.time=Noon|orig.date=1864-01-23
1864	1	23	11	58	0	1.9	orig=1.5R|orig.time=2:00PM|orig.date=1864-01-23
1864	1	23	18	58	0	1	orig=0.8R|orig.time=9:00PM|orig.date=1864-01-23
1864	1	24	4	58	0	1.5	orig=1.2R|orig.time=7:00AM|orig.date=1864-01-24
1864	1	24	9	58	0	2.6	orig=2.1R|orig.time=Noon|orig.date=1864-01-24
1864	1	24	11	58	0	2.6	orig=2.1R|orig.time=2:00PM|orig.date=1864-01-24
1864	1	24	18	58	0	1.8	orig=1.4R|orig.time=9:00PM|orig.date=1864-01-24
1864	1	25	4	58	0	2.1	orig=1.7R|orig.time=7:00AM|orig.date=1864-01-25
1864	1	25	9	58	0	2.6	orig=2.1R|orig.time=Noon|orig.date=1864-01-25
1864	1	25	11	58	0	2.2	orig=1.8R|orig.time=2:00PM|orig.date=1864-01-25
1864	1	25	18	58	0	1.1	orig=0.9R|orig.time=9:00PM|orig.date=1864-01-25
1864	1	26	4	58	0	2.1	orig=1.7R|orig.time=7:00AM|orig.date=1864-01-26
1864	1	26	9	58	0	2	orig=1.6R|orig.time=Noon|orig.date=1864-01-26
1864	1	26	11	58	0	1.8	orig=1.4R|orig.time=2:00PM|orig.date=1864-01-26
1864	1	26	18	58	0	1.6	orig=1.3R|orig.time=9:00PM|orig.date=1864-01-26
1864	1	27	4	58	0	0.1	orig=0.1R|orig.time=7:00AM|orig.date=1864-01-27
1864	1	27	9	58	0	1.5	orig=1.2R|orig.time=Noon|orig.date=1864-01-27
1864	1	27	11	58	0	2.1	orig=1.7R|orig.time=2:00PM|orig.date=1864-01-27
1864	1	27	18	58	0	0.5	orig=0.4R|orig.time=9:00PM|orig.date=1864-01-27
1864	1	28	4	58	0	-1	orig=-0.8R|orig.time=7:00AM|orig.date=1864-01-28
1864	1	28	9	58	0	0.6	orig=0.5R|orig.time=Noon|orig.date=1864-01-28
1864	1	28	11	58	0	2.5	orig=2R|orig.time=2:00PM|orig.date=1864-01-28
1864	1	28	18	58	0	1.1	orig=0.9R|orig.time=9:00PM|orig.date=1864-01-28
1864	1	29	4	58	0	0.9	orig=0.7R|orig.time=7:00AM|orig.date=1864-01-29
1864	1	29	9	58	0	2.5	orig=2R|orig.time=Noon|orig.date=1864-01-29
1864	1	29	11	58	0	2.2	orig=1.8R|orig.time=2:00PM|orig.date=1864-01-29
1864	1	29	18	58	0	-4.5	orig=-3.6R|orig.time=9:00PM|orig.date=1864-01-29
1864	1	30	4	58	0	-10.4	orig=-8.3R|orig.time=7:00AM|orig.date=1864-01-30
1864	1	30	9	58	0	-7.4	orig=-5.9R|orig.time=Noon|orig.date=1864-01-30
1864	1	30	11	58	0	-7.8	orig=-6.2R|orig.time=2:00PM|orig.date=1864-01-30
1864	1	30	18	58	0	-14	orig=-11.2R|orig.time=9:00PM|orig.date=1864-01-30
1864	1	31	4	58	0	-17.5	orig=-14R|orig.time=7:00AM|orig.date=1864-01-31
1864	1	31	9	58	0	-9.5	orig=-7.6R|orig.time=Noon|orig.date=1864-01-31
1864	1	31	11	58	0	-6.8	orig=-5.4R|orig.time=2:00PM|orig.date=1864-01-31
1864	1	31	18	58	0	-8.6	orig=-6.9R|orig.time=9:00PM|orig.date=1864-01-31
1864	2	1	4	58	0	-7	orig=-5.6R|orig.time=7:00AM|orig.date=1864-02-01
1864	2	1	9	58	0	-3.4	orig=-2.7R|orig.time=Noon|orig.date=1864-02-01
1864	2	1	11	58	0	-0.8	orig=-0.6R|orig.time=2:00PM|orig.date=1864-02-01
1864	2	1	18	58	0	-5.9	orig=-4.7R|orig.time=9:00PM|orig.date=1864-02-01
1864	2	2	4	58	0	-11.1	orig=-8.9R|orig.time=7:00AM|orig.date=1864-02-02
1864	2	2	9	58	0	-1.9	orig=-1.5R|orig.time=Noon|orig.date=1864-02-02
1864	2	2	11	58	0	0.6	orig=0.5R|orig.time=2:00PM|orig.date=1864-02-02
1864	2	2	18	58	0	-5.4	orig=-4.3R|orig.time=9:00PM|orig.date=1864-02-02
1864	2	3	4	58	0	-8.2	orig=-6.6R|orig.time=7:00AM|orig.date=1864-02-03
1864	2	3	9	58	0	-1.5	orig=-1.2R|orig.time=Noon|orig.date=1864-02-03
1864	2	3	11	58	0	-0.4	orig=-0.3R|orig.time=2:00PM|orig.date=1864-02-03
1864	2	3	18	58	0	-6	orig=-4.8R|orig.time=9:00PM|orig.date=1864-02-03
1864	2	4	4	58	0	-6.8	orig=-5.4R|orig.time=7:00AM|orig.date=1864-02-04
1864	2	4	9	58	0	-3.2	orig=-2.6R|orig.time=Noon|orig.date=1864-02-04
1864	2	4	11	58	0	-2.2	orig=-1.8R|orig.time=2:00PM|orig.date=1864-02-04
1864	2	4	18	58	0	-2.8	orig=-2.2R|orig.time=9:00PM|orig.date=1864-02-04
1864	2	5	4	58	0	-2.8	orig=-2.2R|orig.time=7:00AM|orig.date=1864-02-05
1864	2	5	9	58	0	-0.1	orig=-0.1R|orig.time=Noon|orig.date=1864-02-05
1864	2	5	11	58	0	1.2	orig=1R|orig.time=2:00PM|orig.date=1864-02-05
1864	2	5	18	58	0	0.1	orig=0.1R|orig.time=9:00PM|orig.date=1864-02-05
1864	2	6	4	58	0	-2.4	orig=-1.9R|orig.time=7:00AM|orig.date=1864-02-06
1864	2	6	9	58	0	0.2	orig=0.2R|orig.time=Noon|orig.date=1864-02-06
1864	2	6	11	58	0	-0.1	orig=-0.1R|orig.time=2:00PM|orig.date=1864-02-06
1864	2	6	18	58	0	-3	orig=-2.4R|orig.time=9:00PM|orig.date=1864-02-06
1864	2	7	4	58	0	-7.2	orig=-5.8R|orig.time=7:00AM|orig.date=1864-02-07
1864	2	7	9	58	0	-4.4	orig=-3.5R|orig.time=Noon|orig.date=1864-02-07
1864	2	7	11	58	0	-2.6	orig=-2.1R|orig.time=2:00PM|orig.date=1864-02-07
1864	2	7	18	58	0	-9.5	orig=-7.6R|orig.time=9:00PM|orig.date=1864-02-07
1864	2	8	4	58	0	-12.2	orig=-9.8R|orig.time=7:00AM|orig.date=1864-02-08
1864	2	8	9	58	0	-7.9	orig=-6.3R|orig.time=Noon|orig.date=1864-02-08
1864	2	8	11	58	0	-7.2	orig=-5.8R|orig.time=2:00PM|orig.date=1864-02-08
1864	2	8	18	58	0	-7	orig=-5.6R|orig.time=9:00PM|orig.date=1864-02-08
1864	2	9	4	58	0	-7.2	orig=-5.8R|orig.time=7:00AM|orig.date=1864-02-09
1864	2	9	9	58	0	-6.8	orig=-5.4R|orig.time=Noon|orig.date=1864-02-09
1864	2	9	11	58	0	-6.8	orig=-5.4R|orig.time=2:00PM|orig.date=1864-02-09
1864	2	9	18	58	0	-9.5	orig=-7.6R|orig.time=9:00PM|orig.date=1864-02-09
1864	2	10	4	58	0	-6.8	orig=-5.4R|orig.time=7:00AM|orig.date=1864-02-10
1864	2	10	9	58	0	-3.4	orig=-2.7R|orig.time=Noon|orig.date=1864-02-10
1864	2	10	11	58	0	-3.4	orig=-2.7R|orig.time=2:00PM|orig.date=1864-02-10
1864	2	10	18	58	0	-6.6	orig=-5.3R|orig.time=9:00PM|orig.date=1864-02-10
1864	2	11	4	58	0	-6	orig=-4.8R|orig.time=7:00AM|orig.date=1864-02-11
1864	2	11	9	58	0	-4.2	orig=-3.4R|orig.time=Noon|orig.date=1864-02-11
1864	2	11	11	58	0	-4.5	orig=-3.6R|orig.time=2:00PM|orig.date=1864-02-11
1864	2	11	18	58	0	-7.2	orig=-5.8R|orig.time=9:00PM|orig.date=1864-02-11
1864	2	12	4	58	0	-12.1	orig=-9.7R|orig.time=7:00AM|orig.date=1864-02-12
1864	2	12	9	58	0	-9.9	orig=-7.9R|orig.time=Noon|orig.date=1864-02-12
1864	2	12	11	58	0	-8.9	orig=-7.1R|orig.time=2:00PM|orig.date=1864-02-12
1864	2	12	18	58	0	-10.9	orig=-8.7R|orig.time=9:00PM|orig.date=1864-02-12
1864	2	13	4	58	0	-12	orig=-9.6R|orig.time=7:00AM|orig.date=1864-02-13
1864	2	13	9	58	0	-8	orig=-6.4R|orig.time=Noon|orig.date=1864-02-13
1864	2	13	11	58	0	-6.8	orig=-5.4R|orig.time=2:00PM|orig.date=1864-02-13
1864	2	13	18	58	0	-6.8	orig=-5.4R|orig.time=9:00PM|orig.date=1864-02-13
1864	2	14	4	58	0	-2.6	orig=-2.1R|orig.time=7:00AM|orig.date=1864-02-14
1864	2	14	9	58	0	3.5	orig=2.8R|orig.time=Noon|orig.date=1864-02-14
1864	2	14	11	58	0	2.4	orig=1.9R|orig.time=2:00PM|orig.date=1864-02-14
1864	2	14	18	58	0	1.6	orig=1.3R|orig.time=9:00PM|orig.date=1864-02-14
1864	2	15	4	58	0	-0.5	orig=-0.4R|orig.time=7:00AM|orig.date=1864-02-15
1864	2	15	9	58	0	3.5	orig=2.8R|orig.time=Noon|orig.date=1864-02-15
1864	2	15	11	58	0	2.9	orig=2.3R|orig.time=2:00PM|orig.date=1864-02-15
1864	2	15	18	58	0	0.8	orig=0.6R|orig.time=9:00PM|orig.date=1864-02-15
1864	2	16	4	58	0	0.5	orig=0.4R|orig.time=7:00AM|orig.date=1864-02-16
1864	2	16	9	58	0	4	orig=3.2R|orig.time=Noon|orig.date=1864-02-16
1864	2	16	11	58	0	5.9	orig=4.7R|orig.time=2:00PM|orig.date=1864-02-16
1864	2	16	18	58	0	3.4	orig=2.7R|orig.time=9:00PM|orig.date=1864-02-16
1864	2	17	4	58	0	1.5	orig=1.2R|orig.time=7:00AM|orig.date=1864-02-17
1864	2	17	9	58	0	2.4	orig=1.9R|orig.time=Noon|orig.date=1864-02-17
1864	2	17	11	58	0	4.2	orig=3.4R|orig.time=2:00PM|orig.date=1864-02-17
1864	2	17	18	58	0	1.8	orig=1.4R|orig.time=9:00PM|orig.date=1864-02-17
1864	2	18	4	58	0	0.8	orig=0.6R|orig.time=7:00AM|orig.date=1864-02-18
1864	2	18	9	58	0	0.8	orig=0.6R|orig.time=Noon|orig.date=1864-02-18
1864	2	18	11	58	0	0.5	orig=0.4R|orig.time=2:00PM|orig.date=1864-02-18
1864	2	18	18	58	0	-0.4	orig=-0.3R|orig.time=9:00PM|orig.date=1864-02-18
1864	2	19	4	58	0	-0.9	orig=-0.7R|orig.time=7:00AM|orig.date=1864-02-19
1864	2	19	9	58	0	-0.2	orig=-0.2R|orig.time=Noon|orig.date=1864-02-19
1864	2	19	11	58	0	0	orig=0R|orig.time=2:00PM|orig.date=1864-02-19
1864	2	19	18	58	0	-1.2	orig=-1R|orig.time=9:00PM|orig.date=1864-02-19
1864	2	20	4	58	0	-0.1	orig=-0.1R|orig.time=7:00AM|orig.date=1864-02-20
1864	2	20	9	58	0	3.2	orig=2.6R|orig.time=Noon|orig.date=1864-02-20
1864	2	20	11	58	0	2.8	orig=2.2R|orig.time=2:00PM|orig.date=1864-02-20
1864	2	20	18	58	0	-2.1	orig=-1.7R|orig.time=9:00PM|orig.date=1864-02-20
1864	2	21	4	58	0	-6.6	orig=-5.3R|orig.time=7:00AM|orig.date=1864-02-21
1864	2	21	9	58	0	-1.4	orig=-1.1R|orig.time=Noon|orig.date=1864-02-21
1864	2	21	11	58	0	0.6	orig=0.5R|orig.time=2:00PM|orig.date=1864-02-21
1864	2	21	18	58	0	-1.4	orig=-1.1R|orig.time=9:00PM|orig.date=1864-02-21
1864	2	22	4	58	0	-0.2	orig=-0.2R|orig.time=7:00AM|orig.date=1864-02-22
1864	2	22	9	58	0	1.1	orig=0.9R|orig.time=Noon|orig.date=1864-02-22
1864	2	22	11	58	0	0.2	orig=0.2R|orig.time=2:00PM|orig.date=1864-02-22
1864	2	22	18	58	0	-1	orig=-0.8R|orig.time=9:00PM|orig.date=1864-02-22
1864	2	23	4	58	0	-1.6	orig=-1.3R|orig.time=7:00AM|orig.date=1864-02-23
1864	2	23	9	58	0	-0.1	orig=-0.1R|orig.time=Noon|orig.date=1864-02-23
1864	2	23	11	58	0	0	orig=0R|orig.time=2:00PM|orig.date=1864-02-23
1864	2	23	18	58	0	-0.2	orig=-0.2R|orig.time=9:00PM|orig.date=1864-02-23
1864	2	24	4	58	0	-1.1	orig=-0.9R|orig.time=7:00AM|orig.date=1864-02-24
1864	2	24	9	58	0	-0.6	orig=-0.5R|orig.time=Noon|orig.date=1864-02-24
1864	2	24	11	58	0	-0.6	orig=-0.5R|orig.time=2:00PM|orig.date=1864-02-24
1864	2	24	18	58	0	-1.4	orig=-1.1R|orig.time=9:00PM|orig.date=1864-02-24
1864	2	25	4	58	0	-6.5	orig=-5.2R|orig.time=7:00AM|orig.date=1864-02-25
1864	2	25	9	58	0	-3.1	orig=-2.5R|orig.time=Noon|orig.date=1864-02-25
1864	2	25	11	58	0	-2.4	orig=-1.9R|orig.time=2:00PM|orig.date=1864-02-25
1864	2	25	18	58	0	-7	orig=-5.6R|orig.time=9:00PM|orig.date=1864-02-25
1864	2	26	4	58	0	-14.2	orig=-11.4R|orig.time=7:00AM|orig.date=1864-02-26
1864	2	26	9	58	0	-7.2	orig=-5.8R|orig.time=Noon|orig.date=1864-02-26
1864	2	26	11	58	0	-5.8	orig=-4.6R|orig.time=2:00PM|orig.date=1864-02-26
1864	2	26	18	58	0	-9	orig=-7.2R|orig.time=9:00PM|orig.date=1864-02-26
1864	2	27	4	58	0	-10.8	orig=-8.6R|orig.time=7:00AM|orig.date=1864-02-27
1864	2	27	9	58	0	-7.4	orig=-5.9R|orig.time=Noon|orig.date=1864-02-27
1864	2	27	11	58	0	-5.8	orig=-4.6R|orig.time=2:00PM|orig.date=1864-02-27
1864	2	27	18	58	0	-7.6	orig=-6.1R|orig.time=9:00PM|orig.date=1864-02-27
1864	2	28	4	58	0	-8.2	orig=-6.6R|orig.time=7:00AM|orig.date=1864-02-28
1864	2	28	9	58	0	-7	orig=-5.6R|orig.time=Noon|orig.date=1864-02-28
1864	2	28	11	58	0	-7.6	orig=-6.1R|orig.time=2:00PM|orig.date=1864-02-28
1864	2	28	18	58	0	-9	orig=-7.2R|orig.time=9:00PM|orig.date=1864-02-28
1864	2	29	4	58	0	-11.9	orig=-9.5R|orig.time=7:00AM|orig.date=1864-02-29
1864	2	29	9	58	0	-6.2	orig=-5R|orig.time=Noon|orig.date=1864-02-29
1864	2	29	11	58	0	-6.4	orig=-5.1R|orig.time=2:00PM|orig.date=1864-02-29
1864	2	29	18	58	0	-8.4	orig=-6.7R|orig.time=9:00PM|orig.date=1864-02-29
1864	3	1	4	58	0	-10.6	orig=-8.5R|orig.time=7:00AM|orig.date=1864-03-01
1864	3	1	9	58	0	-6	orig=-4.8R|orig.time=Noon|orig.date=1864-03-01
1864	3	1	11	58	0	-6.5	orig=-5.2R|orig.time=2:00PM|orig.date=1864-03-01
1864	3	1	18	58	0	-8.1	orig=-6.5R|orig.time=9:00PM|orig.date=1864-03-01
1864	3	2	4	58	0	-8	orig=-6.4R|orig.time=7:00AM|orig.date=1864-03-02
1864	3	2	9	58	0	-3.9	orig=-3.1R|orig.time=Noon|orig.date=1864-03-02
1864	3	2	11	58	0	-1.4	orig=-1.1R|orig.time=2:00PM|orig.date=1864-03-02
1864	3	2	18	58	0	-3.4	orig=-2.7R|orig.time=9:00PM|orig.date=1864-03-02
1864	3	3	4	58	0	-6	orig=-4.8R|orig.time=7:00AM|orig.date=1864-03-03
1864	3	3	9	58	0	-0.9	orig=-0.7R|orig.time=Noon|orig.date=1864-03-03
1864	3	3	11	58	0	-0.9	orig=-0.7R|orig.time=2:00PM|orig.date=1864-03-03
1864	3	3	18	58	0	-6.2	orig=-5R|orig.time=9:00PM|orig.date=1864-03-03
1864	3	4	4	58	0	-6.2	orig=-5R|orig.time=7:00AM|orig.date=1864-03-04
1864	3	4	9	58	0	-2.1	orig=-1.7R|orig.time=Noon|orig.date=1864-03-04
1864	3	4	11	58	0	-2.6	orig=-2.1R|orig.time=2:00PM|orig.date=1864-03-04
1864	3	4	18	58	0	-5.5	orig=-4.4R|orig.time=9:00PM|orig.date=1864-03-04
1864	3	5	4	58	0	-6.8	orig=-5.4R|orig.time=7:00AM|orig.date=1864-03-05
1864	3	5	9	58	0	-3.8	orig=-3R|orig.time=Noon|orig.date=1864-03-05
1864	3	5	11	58	0	-2.6	orig=-2.1R|orig.time=2:00PM|orig.date=1864-03-05
1864	3	5	18	58	0	1	orig=0.8R|orig.time=9:00PM|orig.date=1864-03-05
1864	3	6	4	58	0	-1.8	orig=-1.4R|orig.time=7:00AM|orig.date=1864-03-06
1864	3	6	9	58	0	-0.2	orig=-0.2R|orig.time=Noon|orig.date=1864-03-06
1864	3	6	11	58	0	0.8	orig=0.6R|orig.time=2:00PM|orig.date=1864-03-06
1864	3	6	18	58	0	-2.8	orig=-2.2R|orig.time=9:00PM|orig.date=1864-03-06
1864	3	7	4	58	0	-1.5	orig=-1.2R|orig.time=7:00AM|orig.date=1864-03-07
1864	3	7	9	58	0	0	orig=0R|orig.time=Noon|orig.date=1864-03-07
1864	3	7	11	58	0	0.9	orig=0.7R|orig.time=2:00PM|orig.date=1864-03-07
1864	3	7	18	58	0	0.2	orig=0.2R|orig.time=9:00PM|orig.date=1864-03-07
1864	3	8	4	58	0	2.2	orig=1.8R|orig.time=7:00AM|orig.date=1864-03-08
1864	3	8	9	58	0	6.8	orig=5.4R|orig.time=Noon|orig.date=1864-03-08
1864	3	8	11	58	0	8.8	orig=7R|orig.time=2:00PM|orig.date=1864-03-08
1864	3	8	18	58	0	4.8	orig=3.8R|orig.time=9:00PM|orig.date=1864-03-08
1864	3	9	4	58	0	3.2	orig=2.6R|orig.time=7:00AM|orig.date=1864-03-09
1864	3	9	9	58	0	9.8	orig=7.8R|orig.time=Noon|orig.date=1864-03-09
1864	3	9	11	58	0	12.8	orig=10.2R|orig.time=2:00PM|orig.date=1864-03-09
1864	3	9	18	58	0	6.5	orig=5.2R|orig.time=9:00PM|orig.date=1864-03-09
1864	3	10	4	58	0	5.1	orig=4.1R|orig.time=7:00AM|orig.date=1864-03-10
1864	3	10	9	58	0	15.2	orig=12.2R|orig.time=Noon|orig.date=1864-03-10
1864	3	10	11	58	0	17.8	orig=14.2R|orig.time=2:00PM|orig.date=1864-03-10
1864	3	10	18	58	0	10.5	orig=8.4R|orig.time=9:00PM|orig.date=1864-03-10
1864	3	11	4	58	0	6.8	orig=5.4R|orig.time=7:00AM|orig.date=1864-03-11
1864	3	11	9	58	0	11.6	orig=9.3R|orig.time=Noon|orig.date=1864-03-11
1864	3	11	11	58	0	9.5	orig=7.6R|orig.time=2:00PM|orig.date=1864-03-11
1864	3	11	18	58	0	0.8	orig=0.6R|orig.time=9:00PM|orig.date=1864-03-11
1864	3	12	4	58	0	-0.5	orig=-0.4R|orig.time=7:00AM|orig.date=1864-03-12
1864	3	12	9	58	0	1.2	orig=1R|orig.time=Noon|orig.date=1864-03-12
1864	3	12	11	58	0	0.6	orig=0.5R|orig.time=2:00PM|orig.date=1864-03-12
1864	3	12	18	58	0	0	orig=0R|orig.time=9:00PM|orig.date=1864-03-12
1864	3	13	4	58	0	-0.5	orig=-0.4R|orig.time=7:00AM|orig.date=1864-03-13
1864	3	13	9	58	0	4.8	orig=3.8R|orig.time=Noon|orig.date=1864-03-13
1864	3	13	11	58	0	6.6	orig=5.3R|orig.time=2:00PM|orig.date=1864-03-13
1864	3	13	18	58	0	1.5	orig=1.2R|orig.time=9:00PM|orig.date=1864-03-13
1864	3	14	4	58	0	0.9	orig=0.7R|orig.time=7:00AM|orig.date=1864-03-14
1864	3	14	9	58	0	7.1	orig=5.7R|orig.time=Noon|orig.date=1864-03-14
1864	3	14	11	58	0	7.8	orig=6.2R|orig.time=2:00PM|orig.date=1864-03-14
1864	3	14	18	58	0	5.9	orig=4.7R|orig.time=9:00PM|orig.date=1864-03-14
1864	3	15	4	58	0	3.4	orig=2.7R|orig.time=7:00AM|orig.date=1864-03-15
1864	3	15	9	58	0	11.2	orig=9R|orig.time=Noon|orig.date=1864-03-15
1864	3	15	11	58	0	11.5	orig=9.2R|orig.time=2:00PM|orig.date=1864-03-15
1864	3	15	18	58	0	6.6	orig=5.3R|orig.time=9:00PM|orig.date=1864-03-15
1864	3	16	4	58	0	3.5	orig=2.8R|orig.time=7:00AM|orig.date=1864-03-16
1864	3	16	9	58	0	13.5	orig=10.8R|orig.time=Noon|orig.date=1864-03-16
1864	3	16	11	58	0	15	orig=12R|orig.time=2:00PM|orig.date=1864-03-16
1864	3	16	18	58	0	4.6	orig=3.7R|orig.time=9:00PM|orig.date=1864-03-16
1864	3	17	4	58	0	0	orig=0R|orig.time=7:00AM|orig.date=1864-03-17
1864	3	17	9	58	0	2.8	orig=2.2R|orig.time=Noon|orig.date=1864-03-17
1864	3	17	11	58	0	4	orig=3.2R|orig.time=2:00PM|orig.date=1864-03-17
1864	3	17	18	58	0	-0.2	orig=-0.2R|orig.time=9:00PM|orig.date=1864-03-17
1864	3	18	4	58	0	-4.2	orig=-3.4R|orig.time=7:00AM|orig.date=1864-03-18
1864	3	18	9	58	0	1	orig=0.8R|orig.time=Noon|orig.date=1864-03-18
1864	3	18	11	58	0	2	orig=1.6R|orig.time=2:00PM|orig.date=1864-03-18
1864	3	18	18	58	0	0	orig=0R|orig.time=9:00PM|orig.date=1864-03-18
1864	3	19	4	58	0	-0.5	orig=-0.4R|orig.time=7:00AM|orig.date=1864-03-19
1864	3	19	9	58	0	3	orig=2.4R|orig.time=Noon|orig.date=1864-03-19
1864	3	19	11	58	0	5.1	orig=4.1R|orig.time=2:00PM|orig.date=1864-03-19
1864	3	19	18	58	0	1.1	orig=0.9R|orig.time=9:00PM|orig.date=1864-03-19
1864	3	20	4	58	0	-1	orig=-0.8R|orig.time=7:00AM|orig.date=1864-03-20
1864	3	20	9	58	0	0.2	orig=0.2R|orig.time=Noon|orig.date=1864-03-20
1864	3	20	11	58	0	0.8	orig=0.6R|orig.time=2:00PM|orig.date=1864-03-20
1864	3	20	18	58	0	-0.5	orig=-0.4R|orig.time=9:00PM|orig.date=1864-03-20
1864	3	21	4	58	0	-1.9	orig=-1.5R|orig.time=7:00AM|orig.date=1864-03-21
1864	3	21	9	58	0	0.8	orig=0.6R|orig.time=Noon|orig.date=1864-03-21
1864	3	21	11	58	0	1	orig=0.8R|orig.time=2:00PM|orig.date=1864-03-21
1864	3	21	18	58	0	-3	orig=-2.4R|orig.time=9:00PM|orig.date=1864-03-21
1864	3	22	4	58	0	-0.9	orig=-0.7R|orig.time=7:00AM|orig.date=1864-03-22
1864	3	22	9	58	0	6	orig=4.8R|orig.time=Noon|orig.date=1864-03-22
1864	3	22	11	58	0	6.6	orig=5.3R|orig.time=2:00PM|orig.date=1864-03-22
1864	3	22	18	58	0	0.4	orig=0.3R|orig.time=9:00PM|orig.date=1864-03-22
1864	3	23	4	58	0	0.4	orig=0.3R|orig.time=7:00AM|orig.date=1864-03-23
1864	3	23	9	58	0	7.4	orig=5.9R|orig.time=Noon|orig.date=1864-03-23
1864	3	23	11	58	0	6.9	orig=5.5R|orig.time=2:00PM|orig.date=1864-03-23
1864	3	23	18	58	0	1	orig=0.8R|orig.time=9:00PM|orig.date=1864-03-23
1864	3	24	4	58	0	2.2	orig=1.8R|orig.time=7:00AM|orig.date=1864-03-24
1864	3	24	9	58	0	8.4	orig=6.7R|orig.time=Noon|orig.date=1864-03-24
1864	3	24	11	58	0	9.6	orig=7.7R|orig.time=2:00PM|orig.date=1864-03-24
1864	3	24	18	58	0	3.8	orig=3R|orig.time=9:00PM|orig.date=1864-03-24
1864	3	25	4	58	0	4.8	orig=3.8R|orig.time=7:00AM|orig.date=1864-03-25
1864	3	25	9	58	0	8.8	orig=7R|orig.time=Noon|orig.date=1864-03-25
1864	3	25	11	58	0	10.4	orig=8.3R|orig.time=2:00PM|orig.date=1864-03-25
1864	3	25	18	58	0	4.9	orig=3.9R|orig.time=9:00PM|orig.date=1864-03-25
1864	3	26	4	58	0	1.1	orig=0.9R|orig.time=7:00AM|orig.date=1864-03-26
1864	3	26	9	58	0	8	orig=6.4R|orig.time=Noon|orig.date=1864-03-26
1864	3	26	11	58	0	8.5	orig=6.8R|orig.time=2:00PM|orig.date=1864-03-26
1864	3	26	18	58	0	4.8	orig=3.8R|orig.time=9:00PM|orig.date=1864-03-26
1864	3	27	4	58	0	1.2	orig=1R|orig.time=7:00AM|orig.date=1864-03-27
1864	3	27	9	58	0	6.1	orig=4.9R|orig.time=Noon|orig.date=1864-03-27
1864	3	27	11	58	0	7.1	orig=5.7R|orig.time=2:00PM|orig.date=1864-03-27
1864	3	27	18	58	0	1.5	orig=1.2R|orig.time=9:00PM|orig.date=1864-03-27
1864	3	28	4	58	0	4.6	orig=3.7R|orig.time=7:00AM|orig.date=1864-03-28
1864	3	28	9	58	0	14.2	orig=11.4R|orig.time=Noon|orig.date=1864-03-28
1864	3	28	11	58	0	16.1	orig=12.9R|orig.time=2:00PM|orig.date=1864-03-28
1864	3	28	18	58	0	10.1	orig=8.1R|orig.time=9:00PM|orig.date=1864-03-28
1864	3	29	4	58	0	8.8	orig=7R|orig.time=7:00AM|orig.date=1864-03-29
1864	3	29	9	58	0	17.5	orig=14R|orig.time=Noon|orig.date=1864-03-29
1864	3	29	11	58	0	18.2	orig=14.6R|orig.time=2:00PM|orig.date=1864-03-29
1864	3	29	18	58	0	13.2	orig=10.6R|orig.time=9:00PM|orig.date=1864-03-29
1864	3	30	4	58	0	7.1	orig=5.7R|orig.time=7:00AM|orig.date=1864-03-30
1864	3	30	9	58	0	16.6	orig=13.3R|orig.time=Noon|orig.date=1864-03-30
1864	3	30	11	58	0	16.9	orig=13.5R|orig.time=2:00PM|orig.date=1864-03-30
1864	3	30	18	58	0	10.9	orig=8.7R|orig.time=9:00PM|orig.date=1864-03-30
1864	3	31	4	58	0	8	orig=6.4R|orig.time=7:00AM|orig.date=1864-03-31
1864	3	31	9	58	0	15.4	orig=12.3R|orig.time=Noon|orig.date=1864-03-31
1864	3	31	11	58	0	16.2	orig=13R|orig.time=2:00PM|orig.date=1864-03-31
1864	3	31	18	58	0	10.8	orig=8.6R|orig.time=9:00PM|orig.date=1864-03-31
1864	4	1	4	58	0	6.9	orig=5.5R|orig.time=7:00AM|orig.date=1864-04-01
1864	4	1	9	58	0	11.8	orig=9.4R|orig.time=Noon|orig.date=1864-04-01
1864	4	1	11	58	0	9.8	orig=7.8R|orig.time=2:00PM|orig.date=1864-04-01
1864	4	1	18	58	0	6.2	orig=5R|orig.time=9:00PM|orig.date=1864-04-01
1864	4	2	4	58	0	3.8	orig=3R|orig.time=7:00AM|orig.date=1864-04-02
1864	4	2	9	58	0	13.8	orig=11R|orig.time=Noon|orig.date=1864-04-02
1864	4	2	11	58	0	14	orig=11.2R|orig.time=2:00PM|orig.date=1864-04-02
1864	4	2	18	58	0	6.9	orig=5.5R|orig.time=9:00PM|orig.date=1864-04-02
1864	4	3	4	58	0	2.6	orig=2.1R|orig.time=7:00AM|orig.date=1864-04-03
1864	4	3	9	58	0	9	orig=7.2R|orig.time=Noon|orig.date=1864-04-03
1864	4	3	11	58	0	10.8	orig=8.6R|orig.time=2:00PM|orig.date=1864-04-03
1864	4	3	18	58	0	6.4	orig=5.1R|orig.time=9:00PM|orig.date=1864-04-03
1864	4	4	4	58	0	2	orig=1.6R|orig.time=7:00AM|orig.date=1864-04-04
1864	4	4	9	58	0	8.8	orig=7R|orig.time=Noon|orig.date=1864-04-04
1864	4	4	11	58	0	8.5	orig=6.8R|orig.time=2:00PM|orig.date=1864-04-04
1864	4	4	18	58	0	3.4	orig=2.7R|orig.time=9:00PM|orig.date=1864-04-04
1864	4	5	4	58	0	2.2	orig=1.8R|orig.time=7:00AM|orig.date=1864-04-05
1864	4	5	9	58	0	8.8	orig=7R|orig.time=Noon|orig.date=1864-04-05
1864	4	5	11	58	0	8.4	orig=6.7R|orig.time=2:00PM|orig.date=1864-04-05
1864	4	5	18	58	0	3	orig=2.4R|orig.time=9:00PM|orig.date=1864-04-05
1864	4	6	4	58	0	2.1	orig=1.7R|orig.time=7:00AM|orig.date=1864-04-06
1864	4	6	9	58	0	3.1	orig=2.5R|orig.time=Noon|orig.date=1864-04-06
1864	4	6	11	58	0	5	orig=4R|orig.time=2:00PM|orig.date=1864-04-06
1864	4	6	18	58	0	2.8	orig=2.2R|orig.time=9:00PM|orig.date=1864-04-06
1864	4	7	4	58	0	-1.1	orig=-0.9R|orig.time=7:00AM|orig.date=1864-04-07
1864	4	7	9	58	0	1	orig=0.8R|orig.time=Noon|orig.date=1864-04-07
1864	4	7	11	58	0	1.2	orig=1R|orig.time=2:00PM|orig.date=1864-04-07
1864	4	7	18	58	0	-0.2	orig=-0.2R|orig.time=9:00PM|orig.date=1864-04-07
1864	4	8	4	58	0	-0.2	orig=-0.2R|orig.time=7:00AM|orig.date=1864-04-08
1864	4	8	9	58	0	1.5	orig=1.2R|orig.time=Noon|orig.date=1864-04-08
1864	4	8	11	58	0	2	orig=1.6R|orig.time=2:00PM|orig.date=1864-04-08
1864	4	8	18	58	0	0.1	orig=0.1R|orig.time=9:00PM|orig.date=1864-04-08
1864	4	9	4	58	0	-1.5	orig=-1.2R|orig.time=7:00AM|orig.date=1864-04-09
1864	4	9	9	58	0	4	orig=3.2R|orig.time=Noon|orig.date=1864-04-09
1864	4	9	11	58	0	6.6	orig=5.3R|orig.time=2:00PM|orig.date=1864-04-09
1864	4	9	18	58	0	1.4	orig=1.1R|orig.time=9:00PM|orig.date=1864-04-09
1864	4	10	4	58	0	-0.5	orig=-0.4R|orig.time=7:00AM|orig.date=1864-04-10
1864	4	10	9	58	0	3.1	orig=2.5R|orig.time=Noon|orig.date=1864-04-10
1864	4	10	11	58	0	1.6	orig=1.3R|orig.time=2:00PM|orig.date=1864-04-10
1864	4	10	18	58	0	2.8	orig=2.2R|orig.time=9:00PM|orig.date=1864-04-10
1864	4	11	4	58	0	2.5	orig=2R|orig.time=7:00AM|orig.date=1864-04-11
1864	4	11	9	58	0	10	orig=8R|orig.time=Noon|orig.date=1864-04-11
1864	4	11	11	58	0	10.1	orig=8.1R|orig.time=2:00PM|orig.date=1864-04-11
1864	4	11	18	58	0	4.2	orig=3.4R|orig.time=9:00PM|orig.date=1864-04-11
1864	4	12	4	58	0	1.6	orig=1.3R|orig.time=7:00AM|orig.date=1864-04-12
1864	4	12	11	58	0	12.4	orig=9.9R|orig.time=2:00PM|orig.date=1864-04-12
1864	4	12	18	58	0	8	orig=6.4R|orig.time=9:00PM|orig.date=1864-04-12
1864	4	13	4	58	0	5.8	orig=4.6R|orig.time=7:00AM|orig.date=1864-04-13
1864	4	13	9	58	0	5.8	orig=4.6R|orig.time=Noon|orig.date=1864-04-13
1864	4	13	11	58	0	5.2	orig=4.2R|orig.time=2:00PM|orig.date=1864-04-13
1864	4	13	18	58	0	3.5	orig=2.8R|orig.time=9:00PM|orig.date=1864-04-13
1864	4	14	4	58	0	1.5	orig=1.2R|orig.time=7:00AM|orig.date=1864-04-14
1864	4	14	9	58	0	9.8	orig=7.8R|orig.time=Noon|orig.date=1864-04-14
1864	4	14	11	58	0	9.9	orig=7.9R|orig.time=2:00PM|orig.date=1864-04-14
1864	4	14	18	58	0	5.2	orig=4.2R|orig.time=9:00PM|orig.date=1864-04-14
1864	4	15	4	58	0	5	orig=4R|orig.time=7:00AM|orig.date=1864-04-15
1864	4	15	9	58	0	7.2	orig=5.8R|orig.time=Noon|orig.date=1864-04-15
1864	4	15	11	58	0	6.5	orig=5.2R|orig.time=2:00PM|orig.date=1864-04-15
1864	4	15	18	58	0	3.2	orig=2.6R|orig.time=9:00PM|orig.date=1864-04-15
1864	4	16	4	58	0	2.5	orig=2R|orig.time=7:00AM|orig.date=1864-04-16
1864	4	16	9	58	0	4.4	orig=3.5R|orig.time=Noon|orig.date=1864-04-16
1864	4	16	11	58	0	4.8	orig=3.8R|orig.time=2:00PM|orig.date=1864-04-16
1864	4	16	18	58	0	3.1	orig=2.5R|orig.time=9:00PM|orig.date=1864-04-16
1864	4	17	4	58	0	1.4	orig=1.1R|orig.time=7:00AM|orig.date=1864-04-17
1864	4	17	9	58	0	8.8	orig=7R|orig.time=Noon|orig.date=1864-04-17
1864	4	17	11	58	0	9.8	orig=7.8R|orig.time=2:00PM|orig.date=1864-04-17
1864	4	17	18	58	0	3.2	orig=2.6R|orig.time=9:00PM|orig.date=1864-04-17
1864	4	18	4	58	0	3.2	orig=2.6R|orig.time=7:00AM|orig.date=1864-04-18
1864	4	18	9	58	0	12.1	orig=9.7R|orig.time=Noon|orig.date=1864-04-18
1864	4	18	11	58	0	11.9	orig=9.5R|orig.time=2:00PM|orig.date=1864-04-18
1864	4	18	18	58	0	6.1	orig=4.9R|orig.time=9:00PM|orig.date=1864-04-18
1864	4	19	4	58	0	6.5	orig=5.2R|orig.time=7:00AM|orig.date=1864-04-19
1864	4	19	9	58	0	12.9	orig=10.3R|orig.time=Noon|orig.date=1864-04-19
1864	4	19	11	58	0	11.8	orig=9.4R|orig.time=2:00PM|orig.date=1864-04-19
1864	4	19	18	58	0	6.8	orig=5.4R|orig.time=9:00PM|orig.date=1864-04-19
1864	4	20	4	58	0	5.8	orig=4.6R|orig.time=7:00AM|orig.date=1864-04-20
1864	4	20	9	58	0	13.8	orig=11R|orig.time=Noon|orig.date=1864-04-20
1864	4	20	11	58	0	15.8	orig=12.6R|orig.time=2:00PM|orig.date=1864-04-20
1864	4	20	18	58	0	10.2	orig=8.2R|orig.time=9:00PM|orig.date=1864-04-20
1864	4	21	4	58	0	8.9	orig=7.1R|orig.time=7:00AM|orig.date=1864-04-21
1864	4	21	9	58	0	10.8	orig=8.6R|orig.time=Noon|orig.date=1864-04-21
1864	4	21	11	58	0	11.5	orig=9.2R|orig.time=2:00PM|orig.date=1864-04-21
1864	4	21	18	58	0	11	orig=8.8R|orig.time=9:00PM|orig.date=1864-04-21
1864	4	22	4	58	0	9.5	orig=7.6R|orig.time=7:00AM|orig.date=1864-04-22
1864	4	22	9	58	0	12.2	orig=9.8R|orig.time=Noon|orig.date=1864-04-22
1864	4	22	11	58	0	10.6	orig=8.5R|orig.time=2:00PM|orig.date=1864-04-22
1864	4	22	18	58	0	7	orig=5.6R|orig.time=9:00PM|orig.date=1864-04-22
1864	4	23	4	58	0	4.1	orig=3.3R|orig.time=7:00AM|orig.date=1864-04-23
1864	4	23	9	58	0	10.1	orig=8.1R|orig.time=Noon|orig.date=1864-04-23
1864	4	23	11	58	0	11.5	orig=9.2R|orig.time=2:00PM|orig.date=1864-04-23
1864	4	23	18	58	0	9	orig=7.2R|orig.time=9:00PM|orig.date=1864-04-23
1864	4	24	4	58	0	6	orig=4.8R|orig.time=7:00AM|orig.date=1864-04-24
1864	4	24	9	58	0	14.8	orig=11.8R|orig.time=Noon|orig.date=1864-04-24
1864	4	24	11	58	0	15.6	orig=12.5R|orig.time=2:00PM|orig.date=1864-04-24
1864	4	24	18	58	0	11.4	orig=9.1R|orig.time=9:00PM|orig.date=1864-04-24
1864	4	25	4	58	0	9.9	orig=7.9R|orig.time=7:00AM|orig.date=1864-04-25
1864	4	25	9	58	0	16.6	orig=13.3R|orig.time=Noon|orig.date=1864-04-25
1864	4	25	11	58	0	17.8	orig=14.2R|orig.time=2:00PM|orig.date=1864-04-25
1864	4	25	18	58	0	11.9	orig=9.5R|orig.time=9:00PM|orig.date=1864-04-25
1864	4	26	4	58	0	9.8	orig=7.8R|orig.time=7:00AM|orig.date=1864-04-26
1864	4	26	9	58	0	19.1	orig=15.3R|orig.time=Noon|orig.date=1864-04-26
1864	4	26	11	58	0	20.2	orig=16.2R|orig.time=2:00PM|orig.date=1864-04-26
1864	4	26	18	58	0	11.9	orig=9.5R|orig.time=9:00PM|orig.date=1864-04-26
1864	4	27	4	58	0	11.4	orig=9.1R|orig.time=7:00AM|orig.date=1864-04-27
1864	4	27	9	58	0	18.5	orig=14.8R|orig.time=Noon|orig.date=1864-04-27
1864	4	27	11	58	0	19.9	orig=15.9R|orig.time=2:00PM|orig.date=1864-04-27
1864	4	27	18	58	0	13.2	orig=10.6R|orig.time=9:00PM|orig.date=1864-04-27
1864	4	28	4	58	0	12	orig=9.6R|orig.time=7:00AM|orig.date=1864-04-28
1864	4	28	9	58	0	8.5	orig=6.8R|orig.time=Noon|orig.date=1864-04-28
1864	4	28	11	58	0	8.9	orig=7.1R|orig.time=2:00PM|orig.date=1864-04-28
1864	4	28	18	58	0	6.6	orig=5.3R|orig.time=9:00PM|orig.date=1864-04-28
1864	4	29	4	58	0	6.8	orig=5.4R|orig.time=7:00AM|orig.date=1864-04-29
1864	4	29	9	58	0	13	orig=10.4R|orig.time=Noon|orig.date=1864-04-29
1864	4	29	11	58	0	13.6	orig=10.9R|orig.time=2:00PM|orig.date=1864-04-29
1864	4	29	18	58	0	6.4	orig=5.1R|orig.time=9:00PM|orig.date=1864-04-29
1864	4	30	4	58	0	2.8	orig=2.2R|orig.time=7:00AM|orig.date=1864-04-30
1864	4	30	9	58	0	10.1	orig=8.1R|orig.time=Noon|orig.date=1864-04-30
1864	4	30	11	58	0	11.1	orig=8.9R|orig.time=2:00PM|orig.date=1864-04-30
1864	4	30	18	58	0	6.9	orig=5.5R|orig.time=9:00PM|orig.date=1864-04-30
1864	5	1	4	58	0	5.4	orig=4.3R|orig.time=7:00AM|orig.date=1864-05-01
1864	5	1	9	58	0	10.5	orig=8.4R|orig.time=Noon|orig.date=1864-05-01
1864	5	1	11	58	0	10.1	orig=8.1R|orig.time=2:00PM|orig.date=1864-05-01
1864	5	1	18	58	0	1.9	orig=1.5R|orig.time=9:00PM|orig.date=1864-05-01
1864	5	2	4	58	0	0.6	orig=0.5R|orig.time=7:00AM|orig.date=1864-05-02
1864	5	2	11	58	0	3.5	orig=2.8R|orig.time=2:00PM|orig.date=1864-05-02
1864	5	2	18	58	0	0.8	orig=0.6R|orig.time=9:00PM|orig.date=1864-05-02
1864	5	3	4	58	0	0.6	orig=0.5R|orig.time=7:00AM|orig.date=1864-05-03
1864	5	3	9	58	0	8.2	orig=6.6R|orig.time=Noon|orig.date=1864-05-03
1864	5	3	11	58	0	8.5	orig=6.8R|orig.time=2:00PM|orig.date=1864-05-03
1864	5	3	18	58	0	8.1	orig=6.5R|orig.time=9:00PM|orig.date=1864-05-03
1864	5	4	4	58	0	5.6	orig=4.5R|orig.time=7:00AM|orig.date=1864-05-04
1864	5	4	9	58	0	5.1	orig=4.1R|orig.time=Noon|orig.date=1864-05-04
1864	5	4	11	58	0	5.8	orig=4.6R|orig.time=2:00PM|orig.date=1864-05-04
1864	5	4	18	58	0	1.5	orig=1.2R|orig.time=9:00PM|orig.date=1864-05-04
1864	5	5	4	58	0	-0.4	orig=-0.3R|orig.time=7:00AM|orig.date=1864-05-05
1864	5	5	9	58	0	-0.5	orig=-0.4R|orig.time=Noon|orig.date=1864-05-05
1864	5	5	11	58	0	-0.2	orig=-0.2R|orig.time=2:00PM|orig.date=1864-05-05
1864	5	5	18	58	0	-1.5	orig=-1.2R|orig.time=9:00PM|orig.date=1864-05-05
1864	5	6	4	58	0	-0.2	orig=-0.2R|orig.time=7:00AM|orig.date=1864-05-06
1864	5	6	9	58	0	2	orig=1.6R|orig.time=Noon|orig.date=1864-05-06
1864	5	6	11	58	0	3.5	orig=2.8R|orig.time=2:00PM|orig.date=1864-05-06
1864	5	6	18	58	0	-0.1	orig=-0.1R|orig.time=9:00PM|orig.date=1864-05-06
1864	5	7	4	58	0	0	orig=0R|orig.time=7:00AM|orig.date=1864-05-07
1864	5	7	9	58	0	6.9	orig=5.5R|orig.time=Noon|orig.date=1864-05-07
1864	5	7	11	58	0	6.6	orig=5.3R|orig.time=2:00PM|orig.date=1864-05-07
1864	5	7	18	58	0	2.2	orig=1.8R|orig.time=9:00PM|orig.date=1864-05-07
1864	5	8	4	58	0	-3.6	orig=-2.9R|orig.time=7:00AM|orig.date=1864-05-08
1864	5	8	9	58	0	6.8	orig=5.4R|orig.time=Noon|orig.date=1864-05-08
1864	5	8	11	58	0	8.2	orig=6.6R|orig.time=2:00PM|orig.date=1864-05-08
1864	5	8	18	58	0	8	orig=6.4R|orig.time=9:00PM|orig.date=1864-05-08
1864	5	9	4	58	0	3.6	orig=2.9R|orig.time=7:00AM|orig.date=1864-05-09
1864	5	9	9	58	0	5.8	orig=4.6R|orig.time=Noon|orig.date=1864-05-09
1864	5	9	11	58	0	9.8	orig=7.8R|orig.time=2:00PM|orig.date=1864-05-09
1864	5	9	18	58	0	4.5	orig=3.6R|orig.time=9:00PM|orig.date=1864-05-09
1864	5	10	4	58	0	4.2	orig=3.4R|orig.time=7:00AM|orig.date=1864-05-10
1864	5	10	9	58	0	13.4	orig=10.7R|orig.time=Noon|orig.date=1864-05-10
1864	5	10	11	58	0	14.8	orig=11.8R|orig.time=2:00PM|orig.date=1864-05-10
1864	5	10	18	58	0	9.4	orig=7.5R|orig.time=9:00PM|orig.date=1864-05-10
1864	5	11	4	58	0	7	orig=5.6R|orig.time=7:00AM|orig.date=1864-05-11
1864	5	11	9	58	0	11.8	orig=9.4R|orig.time=Noon|orig.date=1864-05-11
1864	5	11	11	58	0	12.9	orig=10.3R|orig.time=2:00PM|orig.date=1864-05-11
1864	5	11	18	58	0	7.5	orig=6R|orig.time=9:00PM|orig.date=1864-05-11
1864	5	12	4	58	0	5.9	orig=4.7R|orig.time=7:00AM|orig.date=1864-05-12
1864	5	12	9	58	0	12.5	orig=10R|orig.time=Noon|orig.date=1864-05-12
1864	5	12	11	58	0	11.6	orig=9.3R|orig.time=2:00PM|orig.date=1864-05-12
1864	5	12	18	58	0	7.2	orig=5.8R|orig.time=9:00PM|orig.date=1864-05-12
1864	5	13	4	58	0	6.2	orig=5R|orig.time=7:00AM|orig.date=1864-05-13
1864	5	13	9	58	0	10	orig=8R|orig.time=Noon|orig.date=1864-05-13
1864	5	13	11	58	0	10.2	orig=8.2R|orig.time=2:00PM|orig.date=1864-05-13
1864	5	13	18	58	0	7.5	orig=6R|orig.time=9:00PM|orig.date=1864-05-13
1864	5	14	4	58	0	7.5	orig=6R|orig.time=7:00AM|orig.date=1864-05-14
1864	5	14	9	58	0	13.2	orig=10.6R|orig.time=Noon|orig.date=1864-05-14
1864	5	14	11	58	0	14.5	orig=11.6R|orig.time=2:00PM|orig.date=1864-05-14
1864	5	14	18	58	0	10.2	orig=8.2R|orig.time=9:00PM|orig.date=1864-05-14
1864	5	15	4	58	0	9.1	orig=7.3R|orig.time=7:00AM|orig.date=1864-05-15
1864	5	15	9	58	0	17.4	orig=13.9R|orig.time=Noon|orig.date=1864-05-15
1864	5	15	11	58	0	19.6	orig=15.7R|orig.time=2:00PM|orig.date=1864-05-15
1864	5	15	18	58	0	11.6	orig=9.3R|orig.time=9:00PM|orig.date=1864-05-15
1864	5	16	4	58	0	14	orig=11.2R|orig.time=7:00AM|orig.date=1864-05-16
1864	5	16	9	58	0	21.8	orig=17.4R|orig.time=Noon|orig.date=1864-05-16
1864	5	16	11	58	0	21.6	orig=17.3R|orig.time=2:00PM|orig.date=1864-05-16
1864	5	16	18	58	0	16.8	orig=13.4R|orig.time=9:00PM|orig.date=1864-05-16
1864	5	17	4	58	0	9.2	orig=7.4R|orig.time=7:00AM|orig.date=1864-05-17
1864	5	17	9	58	0	13.5	orig=10.8R|orig.time=Noon|orig.date=1864-05-17
1864	5	17	11	58	0	14.8	orig=11.8R|orig.time=2:00PM|orig.date=1864-05-17
1864	5	17	18	58	0	6.8	orig=5.4R|orig.time=9:00PM|orig.date=1864-05-17
1864	5	18	4	58	0	5	orig=4R|orig.time=7:00AM|orig.date=1864-05-18
1864	5	18	9	58	0	9.4	orig=7.5R|orig.time=Noon|orig.date=1864-05-18
1864	5	18	11	58	0	12.8	orig=10.2R|orig.time=2:00PM|orig.date=1864-05-18
1864	5	18	18	58	0	9.4	orig=7.5R|orig.time=9:00PM|orig.date=1864-05-18
1864	5	19	4	58	0	10.6	orig=8.5R|orig.time=7:00AM|orig.date=1864-05-19
1864	5	19	9	58	0	18	orig=14.4R|orig.time=Noon|orig.date=1864-05-19
1864	5	19	11	58	0	20.6	orig=16.5R|orig.time=2:00PM|orig.date=1864-05-19
1864	5	19	18	58	0	10.6	orig=8.5R|orig.time=9:00PM|orig.date=1864-05-19
1864	5	20	4	58	0	7.1	orig=5.7R|orig.time=7:00AM|orig.date=1864-05-20
1864	5	20	9	58	0	9.6	orig=7.7R|orig.time=Noon|orig.date=1864-05-20
1864	5	20	11	58	0	9.8	orig=7.8R|orig.time=2:00PM|orig.date=1864-05-20
1864	5	20	18	58	0	5.2	orig=4.2R|orig.time=9:00PM|orig.date=1864-05-20
1864	5	21	4	58	0	5.5	orig=4.4R|orig.time=7:00AM|orig.date=1864-05-21
1864	5	21	9	58	0	12.8	orig=10.2R|orig.time=Noon|orig.date=1864-05-21
1864	5	21	11	58	0	13.5	orig=10.8R|orig.time=2:00PM|orig.date=1864-05-21
1864	5	21	18	58	0	8.6	orig=6.9R|orig.time=9:00PM|orig.date=1864-05-21
1864	5	22	4	58	0	9.9	orig=7.9R|orig.time=7:00AM|orig.date=1864-05-22
1864	5	22	9	58	0	20.9	orig=16.7R|orig.time=Noon|orig.date=1864-05-22
1864	5	22	11	58	0	16.9	orig=13.5R|orig.time=2:00PM|orig.date=1864-05-22
1864	5	22	18	58	0	12.2	orig=9.8R|orig.time=9:00PM|orig.date=1864-05-22
1864	5	23	4	58	0	10.8	orig=8.6R|orig.time=7:00AM|orig.date=1864-05-23
1864	5	23	9	58	0	16.2	orig=13R|orig.time=Noon|orig.date=1864-05-23
1864	5	23	11	58	0	17	orig=13.6R|orig.time=2:00PM|orig.date=1864-05-23
1864	5	23	18	58	0	9.8	orig=7.8R|orig.time=9:00PM|orig.date=1864-05-23
1864	5	24	4	58	0	10.5	orig=8.4R|orig.time=7:00AM|orig.date=1864-05-24
1864	5	24	9	58	0	21.2	orig=17R|orig.time=Noon|orig.date=1864-05-24
1864	5	24	11	58	0	19.9	orig=15.9R|orig.time=2:00PM|orig.date=1864-05-24
1864	5	24	18	58	0	8.5	orig=6.8R|orig.time=9:00PM|orig.date=1864-05-24
1864	5	25	4	58	0	6.5	orig=5.2R|orig.time=7:00AM|orig.date=1864-05-25
1864	5	25	9	58	0	10.6	orig=8.5R|orig.time=Noon|orig.date=1864-05-25
1864	5	25	11	58	0	11.1	orig=8.9R|orig.time=2:00PM|orig.date=1864-05-25
1864	5	25	18	58	0	5.6	orig=4.5R|orig.time=9:00PM|orig.date=1864-05-25
1864	5	26	4	58	0	8.2	orig=6.6R|orig.time=7:00AM|orig.date=1864-05-26
1864	5	26	9	58	0	17.1	orig=13.7R|orig.time=Noon|orig.date=1864-05-26
1864	5	26	11	58	0	17.9	orig=14.3R|orig.time=2:00PM|orig.date=1864-05-26
1864	5	26	18	58	0	9.6	orig=7.7R|orig.time=9:00PM|orig.date=1864-05-26
1864	5	27	4	58	0	10.2	orig=8.2R|orig.time=7:00AM|orig.date=1864-05-27
1864	5	27	9	58	0	18	orig=14.4R|orig.time=Noon|orig.date=1864-05-27
1864	5	27	11	58	0	19.8	orig=15.8R|orig.time=2:00PM|orig.date=1864-05-27
1864	5	27	18	58	0	13	orig=10.4R|orig.time=9:00PM|orig.date=1864-05-27
1864	5	28	4	58	0	12.5	orig=10R|orig.time=7:00AM|orig.date=1864-05-28
1864	5	28	9	58	0	19.2	orig=15.4R|orig.time=Noon|orig.date=1864-05-28
1864	5	28	11	58	0	20.4	orig=16.3R|orig.time=2:00PM|orig.date=1864-05-28
1864	5	28	18	58	0	13.8	orig=11R|orig.time=9:00PM|orig.date=1864-05-28
1864	5	29	4	58	0	14.4	orig=11.5R|orig.time=7:00AM|orig.date=1864-05-29
1864	5	29	9	58	0	21.9	orig=17.5R|orig.time=Noon|orig.date=1864-05-29
1864	5	29	11	58	0	19.9	orig=15.9R|orig.time=2:00PM|orig.date=1864-05-29
1864	5	29	18	58	0	12.1	orig=9.7R|orig.time=9:00PM|orig.date=1864-05-29
1864	5	30	4	58	0	11.5	orig=9.2R|orig.time=7:00AM|orig.date=1864-05-30
1864	5	30	9	58	0	18	orig=14.4R|orig.time=Noon|orig.date=1864-05-30
1864	5	30	11	58	0	18.5	orig=14.8R|orig.time=2:00PM|orig.date=1864-05-30
1864	5	30	18	58	0	16.8	orig=13.4R|orig.time=9:00PM|orig.date=1864-05-30
1864	5	31	4	58	0	16.1	orig=12.9R|orig.time=7:00AM|orig.date=1864-05-31
1864	5	31	9	58	0	21.4	orig=17.1R|orig.time=Noon|orig.date=1864-05-31
1864	5	31	11	58	0	22.1	orig=17.7R|orig.time=2:00PM|orig.date=1864-05-31
1864	5	31	18	58	0	17.8	orig=14.2R|orig.time=9:00PM|orig.date=1864-05-31
1864	6	1	4	58	0	14	orig=11.2R|orig.time=7:00AM|orig.date=1864-06-01
1864	6	1	9	58	0	21.8	orig=17.4R|orig.time=Noon|orig.date=1864-06-01
1864	6	1	11	58	0	22.4	orig=17.9R|orig.time=2:00PM|orig.date=1864-06-01
1864	6	1	18	58	0	17.9	orig=14.3R|orig.time=9:00PM|orig.date=1864-06-01
1864	6	2	4	58	0	17.8	orig=14.2R|orig.time=7:00AM|orig.date=1864-06-02
1864	6	2	9	58	0	25.4	orig=20.3R|orig.time=Noon|orig.date=1864-06-02
1864	6	2	11	58	0	24.4	orig=19.5R|orig.time=2:00PM|orig.date=1864-06-02
1864	6	2	18	58	0	18	orig=14.4R|orig.time=9:00PM|orig.date=1864-06-02
1864	6	3	4	58	0	18.2	orig=14.6R|orig.time=7:00AM|orig.date=1864-06-03
1864	6	3	9	58	0	26.9	orig=21.5R|orig.time=Noon|orig.date=1864-06-03
1864	6	3	11	58	0	26	orig=20.8R|orig.time=2:00PM|orig.date=1864-06-03
1864	6	3	18	58	0	20.4	orig=16.3R|orig.time=9:00PM|orig.date=1864-06-03
1864	6	4	4	58	0	20.4	orig=16.3R|orig.time=7:00AM|orig.date=1864-06-04
1864	6	4	9	58	0	26	orig=20.8R|orig.time=Noon|orig.date=1864-06-04
1864	6	4	11	58	0	26.2	orig=21R|orig.time=2:00PM|orig.date=1864-06-04
1864	6	4	18	58	0	19.5	orig=15.6R|orig.time=9:00PM|orig.date=1864-06-04
1864	6	5	4	58	0	15.2	orig=12.2R|orig.time=7:00AM|orig.date=1864-06-05
1864	6	5	9	58	0	18.5	orig=14.8R|orig.time=Noon|orig.date=1864-06-05
1864	6	5	11	58	0	21	orig=16.8R|orig.time=2:00PM|orig.date=1864-06-05
1864	6	5	18	58	0	17	orig=13.6R|orig.time=9:00PM|orig.date=1864-06-05
1864	6	6	4	58	0	16	orig=12.8R|orig.time=7:00AM|orig.date=1864-06-06
1864	6	6	9	58	0	18.5	orig=14.8R|orig.time=Noon|orig.date=1864-06-06
1864	6	6	11	58	0	18.9	orig=15.1R|orig.time=2:00PM|orig.date=1864-06-06
1864	6	6	18	58	0	17.8	orig=14.2R|orig.time=9:00PM|orig.date=1864-06-06
1864	6	7	4	58	0	18	orig=14.4R|orig.time=7:00AM|orig.date=1864-06-07
1864	6	7	9	58	0	25.5	orig=20.4R|orig.time=Noon|orig.date=1864-06-07
1864	6	7	11	58	0	26.1	orig=20.9R|orig.time=2:00PM|orig.date=1864-06-07
1864	6	7	18	58	0	13.8	orig=11R|orig.time=9:00PM|orig.date=1864-06-07
1864	6	8	4	58	0	12.5	orig=10R|orig.time=7:00AM|orig.date=1864-06-08
1864	6	8	9	58	0	11.9	orig=9.5R|orig.time=Noon|orig.date=1864-06-08
1864	6	8	11	58	0	13.6	orig=10.9R|orig.time=2:00PM|orig.date=1864-06-08
1864	6	8	18	58	0	12.2	orig=9.8R|orig.time=9:00PM|orig.date=1864-06-08
1864	6	9	4	58	0	14	orig=11.2R|orig.time=7:00AM|orig.date=1864-06-09
1864	6	9	9	58	0	18.1	orig=14.5R|orig.time=Noon|orig.date=1864-06-09
1864	6	9	11	58	0	18.1	orig=14.5R|orig.time=2:00PM|orig.date=1864-06-09
1864	6	9	18	58	0	12.5	orig=10R|orig.time=9:00PM|orig.date=1864-06-09
1864	6	10	4	58	0	12	orig=9.6R|orig.time=7:00AM|orig.date=1864-06-10
1864	6	10	9	58	0	15.8	orig=12.6R|orig.time=Noon|orig.date=1864-06-10
1864	6	10	11	58	0	16.2	orig=13R|orig.time=2:00PM|orig.date=1864-06-10
1864	6	10	18	58	0	13.4	orig=10.7R|orig.time=9:00PM|orig.date=1864-06-10
1864	6	11	4	58	0	13.2	orig=10.6R|orig.time=7:00AM|orig.date=1864-06-11
1864	6	11	9	58	0	19.9	orig=15.9R|orig.time=Noon|orig.date=1864-06-11
1864	6	11	11	58	0	17	orig=13.6R|orig.time=2:00PM|orig.date=1864-06-11
1864	6	11	18	58	0	15	orig=12R|orig.time=9:00PM|orig.date=1864-06-11
1864	6	12	4	58	0	16.1	orig=12.9R|orig.time=7:00AM|orig.date=1864-06-12
1864	6	12	9	58	0	21.2	orig=17R|orig.time=Noon|orig.date=1864-06-12
1864	6	12	11	58	0	22.1	orig=17.7R|orig.time=2:00PM|orig.date=1864-06-12
1864	6	12	18	58	0	15.4	orig=12.3R|orig.time=9:00PM|orig.date=1864-06-12
1864	6	13	4	58	0	17.5	orig=14R|orig.time=7:00AM|orig.date=1864-06-13
1864	6	13	9	58	0	22.4	orig=17.9R|orig.time=Noon|orig.date=1864-06-13
1864	6	13	11	58	0	22.2	orig=17.8R|orig.time=2:00PM|orig.date=1864-06-13
1864	6	13	18	58	0	18	orig=14.4R|orig.time=9:00PM|orig.date=1864-06-13
1864	6	14	4	58	0	17	orig=13.6R|orig.time=7:00AM|orig.date=1864-06-14
1864	6	14	9	58	0	22	orig=17.6R|orig.time=Noon|orig.date=1864-06-14
1864	6	14	11	58	0	23.1	orig=18.5R|orig.time=2:00PM|orig.date=1864-06-14
1864	6	14	18	58	0	16.9	orig=13.5R|orig.time=9:00PM|orig.date=1864-06-14
1864	6	15	4	58	0	17.2	orig=13.8R|orig.time=7:00AM|orig.date=1864-06-15
1864	6	15	9	58	0	21.5	orig=17.2R|orig.time=Noon|orig.date=1864-06-15
1864	6	15	11	58	0	23.5	orig=18.8R|orig.time=2:00PM|orig.date=1864-06-15
1864	6	15	18	58	0	19.6	orig=15.7R|orig.time=9:00PM|orig.date=1864-06-15
1864	6	16	4	58	0	20.4	orig=16.3R|orig.time=7:00AM|orig.date=1864-06-16
1864	6	16	9	58	0	27.1	orig=21.7R|orig.time=Noon|orig.date=1864-06-16
1864	6	16	11	58	0	28.2	orig=22.6R|orig.time=2:00PM|orig.date=1864-06-16
1864	6	16	18	58	0	22.2	orig=17.8R|orig.time=9:00PM|orig.date=1864-06-16
1864	6	17	4	58	0	20.5	orig=16.4R|orig.time=7:00AM|orig.date=1864-06-17
1864	6	17	9	58	0	29.1	orig=23.3R|orig.time=Noon|orig.date=1864-06-17
1864	6	17	11	58	0	29.4	orig=23.5R|orig.time=2:00PM|orig.date=1864-06-17
1864	6	17	18	58	0	19.8	orig=15.8R|orig.time=9:00PM|orig.date=1864-06-17
1864	6	18	4	58	0	20	orig=16R|orig.time=7:00AM|orig.date=1864-06-18
1864	6	18	9	58	0	25.4	orig=20.3R|orig.time=Noon|orig.date=1864-06-18
1864	6	18	11	58	0	27.8	orig=22.2R|orig.time=2:00PM|orig.date=1864-06-18
1864	6	18	18	58	0	22.9	orig=18.3R|orig.time=9:00PM|orig.date=1864-06-18
1864	6	19	4	58	0	23.4	orig=18.7R|orig.time=7:00AM|orig.date=1864-06-19
1864	6	19	9	58	0	30.4	orig=24.3R|orig.time=Noon|orig.date=1864-06-19
1864	6	19	11	58	0	31.2	orig=25R|orig.time=2:00PM|orig.date=1864-06-19
1864	6	19	18	58	0	24.2	orig=19.4R|orig.time=9:00PM|orig.date=1864-06-19
1864	6	20	4	58	0	23.2	orig=18.6R|orig.time=7:00AM|orig.date=1864-06-20
1864	6	20	9	58	0	31.2	orig=25R|orig.time=Noon|orig.date=1864-06-20
1864	6	20	11	58	0	31.6	orig=25.3R|orig.time=2:00PM|orig.date=1864-06-20
1864	6	20	18	58	0	22.1	orig=17.7R|orig.time=9:00PM|orig.date=1864-06-20
1864	6	21	4	58	0	21.5	orig=17.2R|orig.time=7:00AM|orig.date=1864-06-21
1864	6	21	9	58	0	20	orig=16R|orig.time=Noon|orig.date=1864-06-21
1864	6	21	11	58	0	22.5	orig=18R|orig.time=2:00PM|orig.date=1864-06-21
1864	6	21	18	58	0	19.4	orig=15.5R|orig.time=9:00PM|orig.date=1864-06-21
1864	6	22	4	58	0	19.8	orig=15.8R|orig.time=7:00AM|orig.date=1864-06-22
1864	6	22	9	58	0	28.2	orig=22.6R|orig.time=Noon|orig.date=1864-06-22
1864	6	22	11	58	0	29.5	orig=23.6R|orig.time=2:00PM|orig.date=1864-06-22
1864	6	22	18	58	0	23.6	orig=18.9R|orig.time=9:00PM|orig.date=1864-06-22
1864	6	23	4	58	0	21.9	orig=17.5R|orig.time=7:00AM|orig.date=1864-06-23
1864	6	23	9	58	0	24.6	orig=19.7R|orig.time=Noon|orig.date=1864-06-23
1864	6	23	11	58	0	26.1	orig=20.9R|orig.time=2:00PM|orig.date=1864-06-23
1864	6	23	18	58	0	16.8	orig=13.4R|orig.time=9:00PM|orig.date=1864-06-23
1864	6	24	4	58	0	17.4	orig=13.9R|orig.time=7:00AM|orig.date=1864-06-24
1864	6	24	9	58	0	22.1	orig=17.7R|orig.time=Noon|orig.date=1864-06-24
1864	6	24	11	58	0	24.8	orig=19.8R|orig.time=2:00PM|orig.date=1864-06-24
1864	6	24	18	58	0	19.8	orig=15.8R|orig.time=9:00PM|orig.date=1864-06-24
1864	6	25	4	58	0	18.8	orig=15R|orig.time=7:00AM|orig.date=1864-06-25
1864	6	25	9	58	0	22.4	orig=17.9R|orig.time=Noon|orig.date=1864-06-25
1864	6	25	11	58	0	24.5	orig=19.6R|orig.time=2:00PM|orig.date=1864-06-25
1864	6	25	18	58	0	20.1	orig=16.1R|orig.time=9:00PM|orig.date=1864-06-25
1864	6	26	4	58	0	16	orig=12.8R|orig.time=7:00AM|orig.date=1864-06-26
1864	6	26	9	58	0	21.1	orig=16.9R|orig.time=Noon|orig.date=1864-06-26
1864	6	26	11	58	0	22	orig=17.6R|orig.time=2:00PM|orig.date=1864-06-26
1864	6	26	18	58	0	18.1	orig=14.5R|orig.time=9:00PM|orig.date=1864-06-26
1864	6	27	4	58	0	19	orig=15.2R|orig.time=7:00AM|orig.date=1864-06-27
1864	6	27	9	58	0	22.6	orig=18.1R|orig.time=Noon|orig.date=1864-06-27
1864	6	27	11	58	0	22.4	orig=17.9R|orig.time=2:00PM|orig.date=1864-06-27
1864	6	27	18	58	0	19.2	orig=15.4R|orig.time=9:00PM|orig.date=1864-06-27
1864	6	28	4	58	0	19.2	orig=15.4R|orig.time=7:00AM|orig.date=1864-06-28
1864	6	28	9	58	0	27	orig=21.6R|orig.time=Noon|orig.date=1864-06-28
1864	6	28	11	58	0	27.8	orig=22.2R|orig.time=2:00PM|orig.date=1864-06-28
1864	6	28	18	58	0	21.4	orig=17.1R|orig.time=9:00PM|orig.date=1864-06-28
1864	6	29	4	58	0	22	orig=17.6R|orig.time=7:00AM|orig.date=1864-06-29
1864	6	29	9	58	0	29	orig=23.2R|orig.time=Noon|orig.date=1864-06-29
1864	6	29	11	58	0	28.8	orig=23R|orig.time=2:00PM|orig.date=1864-06-29
1864	6	29	18	58	0	22.8	orig=18.2R|orig.time=9:00PM|orig.date=1864-06-29
1864	6	30	4	58	0	22.2	orig=17.8R|orig.time=7:00AM|orig.date=1864-06-30
1864	6	30	9	58	0	29.8	orig=23.8R|orig.time=Noon|orig.date=1864-06-30
1864	6	30	11	58	0	29.2	orig=23.4R|orig.time=2:00PM|orig.date=1864-06-30
1864	6	30	18	58	0	19.9	orig=15.9R|orig.time=9:00PM|orig.date=1864-06-30
1864	7	1	4	58	0	20.8	orig=16.6R|orig.time=7:00AM|orig.date=1864-07-01
1864	7	1	9	58	0	27.8	orig=22.2R|orig.time=Noon|orig.date=1864-07-01
1864	7	1	11	58	0	29.8	orig=23.8R|orig.time=2:00PM|orig.date=1864-07-01
1864	7	1	18	58	0	18	orig=14.4R|orig.time=9:00PM|orig.date=1864-07-01
1864	7	2	4	58	0	17.9	orig=14.3R|orig.time=7:00AM|orig.date=1864-07-02
1864	7	2	9	58	0	22.8	orig=18.2R|orig.time=Noon|orig.date=1864-07-02
1864	7	2	11	58	0	24.9	orig=19.9R|orig.time=2:00PM|orig.date=1864-07-02
1864	7	2	18	58	0	21	orig=16.8R|orig.time=9:00PM|orig.date=1864-07-02
1864	7	3	4	58	0	19.4	orig=15.5R|orig.time=7:00AM|orig.date=1864-07-03
1864	7	3	9	58	0	26.4	orig=21.1R|orig.time=Noon|orig.date=1864-07-03
1864	7	3	11	58	0	23.2	orig=18.6R|orig.time=2:00PM|orig.date=1864-07-03
1864	7	3	18	58	0	18.8	orig=15R|orig.time=9:00PM|orig.date=1864-07-03
1864	7	4	4	58	0	20.1	orig=16.1R|orig.time=7:00AM|orig.date=1864-07-04
1864	7	4	9	58	0	23.6	orig=18.9R|orig.time=Noon|orig.date=1864-07-04
1864	7	4	11	58	0	21.1	orig=16.9R|orig.time=2:00PM|orig.date=1864-07-04
1864	7	4	18	58	0	15.6	orig=12.5R|orig.time=9:00PM|orig.date=1864-07-04
1864	7	5	4	58	0	16.1	orig=12.9R|orig.time=7:00AM|orig.date=1864-07-05
1864	7	5	9	58	0	20.9	orig=16.7R|orig.time=Noon|orig.date=1864-07-05
1864	7	5	11	58	0	20.2	orig=16.2R|orig.time=2:00PM|orig.date=1864-07-05
1864	7	5	18	58	0	14.2	orig=11.4R|orig.time=9:00PM|orig.date=1864-07-05
1864	7	6	4	58	0	15.5	orig=12.4R|orig.time=7:00AM|orig.date=1864-07-06
1864	7	6	9	58	0	18.8	orig=15R|orig.time=Noon|orig.date=1864-07-06
1864	7	6	11	58	0	18.2	orig=14.6R|orig.time=2:00PM|orig.date=1864-07-06
1864	7	6	18	58	0	12.6	orig=10.1R|orig.time=9:00PM|orig.date=1864-07-06
1864	7	7	4	58	0	13.9	orig=11.1R|orig.time=7:00AM|orig.date=1864-07-07
1864	7	7	9	58	0	23.1	orig=18.5R|orig.time=Noon|orig.date=1864-07-07
1864	7	7	11	58	0	23.6	orig=18.9R|orig.time=2:00PM|orig.date=1864-07-07
1864	7	7	18	58	0	14.2	orig=11.4R|orig.time=9:00PM|orig.date=1864-07-07
1864	7	8	4	58	0	14.6	orig=11.7R|orig.time=7:00AM|orig.date=1864-07-08
1864	7	8	9	58	0	15.8	orig=12.6R|orig.time=Noon|orig.date=1864-07-08
1864	7	8	11	58	0	19	orig=15.2R|orig.time=2:00PM|orig.date=1864-07-08
1864	7	8	18	58	0	16.8	orig=13.4R|orig.time=9:00PM|orig.date=1864-07-08
1864	7	9	4	58	0	18.1	orig=14.5R|orig.time=7:00AM|orig.date=1864-07-09
1864	7	9	9	58	0	25.6	orig=20.5R|orig.time=Noon|orig.date=1864-07-09
1864	7	9	11	58	0	25.9	orig=20.7R|orig.time=2:00PM|orig.date=1864-07-09
1864	7	9	18	58	0	20.5	orig=16.4R|orig.time=9:00PM|orig.date=1864-07-09
1864	7	10	4	58	0	20.6	orig=16.5R|orig.time=7:00AM|orig.date=1864-07-10
1864	7	10	9	58	0	24.1	orig=19.3R|orig.time=Noon|orig.date=1864-07-10
1864	7	10	11	58	0	26.8	orig=21.4R|orig.time=2:00PM|orig.date=1864-07-10
1864	7	10	18	58	0	22	orig=17.6R|orig.time=9:00PM|orig.date=1864-07-10
1864	7	11	4	58	0	19.2	orig=15.4R|orig.time=7:00AM|orig.date=1864-07-11
1864	7	11	9	58	0	25.4	orig=20.3R|orig.time=Noon|orig.date=1864-07-11
1864	7	11	11	58	0	27	orig=21.6R|orig.time=2:00PM|orig.date=1864-07-11
1864	7	11	18	58	0	21.4	orig=17.1R|orig.time=9:00PM|orig.date=1864-07-11
1864	7	12	4	58	0	19.4	orig=15.5R|orig.time=7:00AM|orig.date=1864-07-12
1864	7	12	9	58	0	23.2	orig=18.6R|orig.time=Noon|orig.date=1864-07-12
1864	7	12	11	58	0	23.6	orig=18.9R|orig.time=2:00PM|orig.date=1864-07-12
1864	7	12	18	58	0	17	orig=13.6R|orig.time=9:00PM|orig.date=1864-07-12
1864	7	13	4	58	0	19.1	orig=15.3R|orig.time=7:00AM|orig.date=1864-07-13
1864	7	13	9	58	0	22.1	orig=17.7R|orig.time=Noon|orig.date=1864-07-13
1864	7	13	11	58	0	15.9	orig=12.7R|orig.time=2:00PM|orig.date=1864-07-13
1864	7	13	18	58	0	14.5	orig=11.6R|orig.time=9:00PM|orig.date=1864-07-13
1864	7	14	4	58	0	11.8	orig=9.4R|orig.time=7:00AM|orig.date=1864-07-14
1864	7	14	9	58	0	13.1	orig=10.5R|orig.time=Noon|orig.date=1864-07-14
1864	7	14	11	58	0	15.2	orig=12.2R|orig.time=2:00PM|orig.date=1864-07-14
1864	7	14	18	58	0	11.2	orig=9R|orig.time=9:00PM|orig.date=1864-07-14
1864	7	15	4	58	0	11.8	orig=9.4R|orig.time=7:00AM|orig.date=1864-07-15
1864	7	15	9	58	0	16.2	orig=13R|orig.time=Noon|orig.date=1864-07-15
1864	7	15	11	58	0	16.6	orig=13.3R|orig.time=2:00PM|orig.date=1864-07-15
1864	7	15	18	58	0	13.4	orig=10.7R|orig.time=9:00PM|orig.date=1864-07-15
1864	7	16	4	58	0	12.6	orig=10.1R|orig.time=7:00AM|orig.date=1864-07-16
1864	7	16	9	58	0	19	orig=15.2R|orig.time=Noon|orig.date=1864-07-16
1864	7	16	11	58	0	18.4	orig=14.7R|orig.time=2:00PM|orig.date=1864-07-16
1864	7	16	18	58	0	12.8	orig=10.2R|orig.time=9:00PM|orig.date=1864-07-16
1864	7	17	4	58	0	14.2	orig=11.4R|orig.time=7:00AM|orig.date=1864-07-17
1864	7	17	9	58	0	17	orig=13.6R|orig.time=Noon|orig.date=1864-07-17
1864	7	17	11	58	0	12.2	orig=9.8R|orig.time=2:00PM|orig.date=1864-07-17
1864	7	17	18	58	0	13.5	orig=10.8R|orig.time=9:00PM|orig.date=1864-07-17
1864	7	18	4	58	0	14.5	orig=11.6R|orig.time=7:00AM|orig.date=1864-07-18
1864	7	18	9	58	0	21	orig=16.8R|orig.time=Noon|orig.date=1864-07-18
1864	7	18	11	58	0	20.2	orig=16.2R|orig.time=2:00PM|orig.date=1864-07-18
1864	7	18	18	58	0	16	orig=12.8R|orig.time=9:00PM|orig.date=1864-07-18
1864	7	19	4	58	0	18	orig=14.4R|orig.time=7:00AM|orig.date=1864-07-19
1864	7	19	9	58	0	25.4	orig=20.3R|orig.time=Noon|orig.date=1864-07-19
1864	7	19	11	58	0	24.8	orig=19.8R|orig.time=2:00PM|orig.date=1864-07-19
1864	7	19	18	58	0	16.5	orig=13.2R|orig.time=9:00PM|orig.date=1864-07-19
1864	7	20	4	58	0	15.8	orig=12.6R|orig.time=7:00AM|orig.date=1864-07-20
1864	7	20	9	58	0	20.5	orig=16.4R|orig.time=Noon|orig.date=1864-07-20
1864	7	20	11	58	0	19.8	orig=15.8R|orig.time=2:00PM|orig.date=1864-07-20
1864	7	20	18	58	0	16	orig=12.8R|orig.time=9:00PM|orig.date=1864-07-20
1864	7	21	4	58	0	15	orig=12R|orig.time=7:00AM|orig.date=1864-07-21
1864	7	21	9	58	0	19.4	orig=15.5R|orig.time=Noon|orig.date=1864-07-21
1864	7	21	11	58	0	19.6	orig=15.7R|orig.time=2:00PM|orig.date=1864-07-21
1864	7	21	18	58	0	15.2	orig=12.2R|orig.time=9:00PM|orig.date=1864-07-21
1864	7	22	4	58	0	14.8	orig=11.8R|orig.time=7:00AM|orig.date=1864-07-22
1864	7	22	9	58	0	20.9	orig=16.7R|orig.time=Noon|orig.date=1864-07-22
1864	7	22	11	58	0	21	orig=16.8R|orig.time=2:00PM|orig.date=1864-07-22
1864	7	22	18	58	0	14.6	orig=11.7R|orig.time=9:00PM|orig.date=1864-07-22
1864	7	23	4	58	0	15.5	orig=12.4R|orig.time=7:00AM|orig.date=1864-07-23
1864	7	23	9	58	0	16.8	orig=13.4R|orig.time=Noon|orig.date=1864-07-23
1864	7	23	11	58	0	19.6	orig=15.7R|orig.time=2:00PM|orig.date=1864-07-23
1864	7	23	18	58	0	14.4	orig=11.5R|orig.time=9:00PM|orig.date=1864-07-23
1864	7	24	4	58	0	15.8	orig=12.6R|orig.time=7:00AM|orig.date=1864-07-24
1864	7	24	9	58	0	21.8	orig=17.4R|orig.time=Noon|orig.date=1864-07-24
1864	7	24	11	58	0	19.6	orig=15.7R|orig.time=2:00PM|orig.date=1864-07-24
1864	7	24	18	58	0	16.2	orig=13R|orig.time=9:00PM|orig.date=1864-07-24
1864	7	25	4	58	0	16.6	orig=13.3R|orig.time=7:00AM|orig.date=1864-07-25
1864	7	25	9	58	0	23.5	orig=18.8R|orig.time=Noon|orig.date=1864-07-25
1864	7	25	11	58	0	18	orig=14.4R|orig.time=2:00PM|orig.date=1864-07-25
1864	7	25	18	58	0	17.9	orig=14.3R|orig.time=9:00PM|orig.date=1864-07-25
1864	7	26	4	58	0	16.9	orig=13.5R|orig.time=7:00AM|orig.date=1864-07-26
1864	7	26	9	58	0	22.5	orig=18R|orig.time=Noon|orig.date=1864-07-26
1864	7	26	11	58	0	19	orig=15.2R|orig.time=2:00PM|orig.date=1864-07-26
1864	7	26	18	58	0	18.2	orig=14.6R|orig.time=9:00PM|orig.date=1864-07-26
1864	7	27	4	58	0	17.6	orig=14.1R|orig.time=7:00AM|orig.date=1864-07-27
1864	7	27	9	58	0	23.6	orig=18.9R|orig.time=Noon|orig.date=1864-07-27
1864	7	27	11	58	0	23.9	orig=19.1R|orig.time=2:00PM|orig.date=1864-07-27
1864	7	27	18	58	0	19.9	orig=15.9R|orig.time=9:00PM|orig.date=1864-07-27
1864	7	28	4	58	0	17.6	orig=14.1R|orig.time=7:00AM|orig.date=1864-07-28
1864	7	28	9	58	0	21.8	orig=17.4R|orig.time=Noon|orig.date=1864-07-28
1864	7	28	11	58	0	22.8	orig=18.2R|orig.time=2:00PM|orig.date=1864-07-28
1864	7	28	18	58	0	16.8	orig=13.4R|orig.time=9:00PM|orig.date=1864-07-28
1864	7	29	4	58	0	14.2	orig=11.4R|orig.time=7:00AM|orig.date=1864-07-29
1864	7	29	9	58	0	20	orig=16R|orig.time=Noon|orig.date=1864-07-29
1864	7	29	11	58	0	20.8	orig=16.6R|orig.time=2:00PM|orig.date=1864-07-29
1864	7	29	18	58	0	14.8	orig=11.8R|orig.time=9:00PM|orig.date=1864-07-29
1864	7	30	4	58	0	15.5	orig=12.4R|orig.time=7:00AM|orig.date=1864-07-30
1864	7	30	9	58	0	22.1	orig=17.7R|orig.time=Noon|orig.date=1864-07-30
1864	7	30	11	58	0	21.8	orig=17.4R|orig.time=2:00PM|orig.date=1864-07-30
1864	7	30	18	58	0	17.8	orig=14.2R|orig.time=9:00PM|orig.date=1864-07-30
1864	7	31	4	58	0	17.4	orig=13.9R|orig.time=7:00AM|orig.date=1864-07-31
1864	7	31	9	58	0	22.1	orig=17.7R|orig.time=Noon|orig.date=1864-07-31
1864	7	31	11	58	0	22.8	orig=18.2R|orig.time=2:00PM|orig.date=1864-07-31
1864	7	31	18	58	0	18	orig=14.4R|orig.time=9:00PM|orig.date=1864-07-31
1864	8	1	4	58	0	18.1	orig=14.5R|orig.time=7:00AM|orig.date=1864-08-01
1864	8	1	9	58	0	22.8	orig=18.2R|orig.time=Noon|orig.date=1864-08-01
1864	8	1	11	58	0	23.9	orig=19.1R|orig.time=2:00PM|orig.date=1864-08-01
1864	8	1	18	58	0	17.6	orig=14.1R|orig.time=9:00PM|orig.date=1864-08-01
1864	8	2	4	58	0	18.1	orig=14.5R|orig.time=7:00AM|orig.date=1864-08-02
1864	8	2	9	58	0	24.5	orig=19.6R|orig.time=Noon|orig.date=1864-08-02
1864	8	2	11	58	0	25.8	orig=20.6R|orig.time=2:00PM|orig.date=1864-08-02
1864	8	2	18	58	0	19	orig=15.2R|orig.time=9:00PM|orig.date=1864-08-02
1864	8	3	4	58	0	19.8	orig=15.8R|orig.time=7:00AM|orig.date=1864-08-03
1864	8	3	9	58	0	28.5	orig=22.8R|orig.time=Noon|orig.date=1864-08-03
1864	8	3	11	58	0	29.2	orig=23.4R|orig.time=2:00PM|orig.date=1864-08-03
1864	8	3	18	58	0	16.1	orig=12.9R|orig.time=9:00PM|orig.date=1864-08-03
1864	8	4	4	58	0	13.1	orig=10.5R|orig.time=7:00AM|orig.date=1864-08-04
1864	8	4	9	58	0	18.2	orig=14.6R|orig.time=Noon|orig.date=1864-08-04
1864	8	4	11	58	0	19	orig=15.2R|orig.time=2:00PM|orig.date=1864-08-04
1864	8	4	18	58	0	13	orig=10.4R|orig.time=9:00PM|orig.date=1864-08-04
1864	8	5	4	58	0	13.9	orig=11.1R|orig.time=7:00AM|orig.date=1864-08-05
1864	8	5	9	58	0	18.5	orig=14.8R|orig.time=Noon|orig.date=1864-08-05
1864	8	5	11	58	0	17.6	orig=14.1R|orig.time=2:00PM|orig.date=1864-08-05
1864	8	5	18	58	0	11.8	orig=9.4R|orig.time=9:00PM|orig.date=1864-08-05
1864	8	6	4	58	0	11.9	orig=9.5R|orig.time=7:00AM|orig.date=1864-08-06
1864	8	6	9	58	0	20.5	orig=16.4R|orig.time=Noon|orig.date=1864-08-06
1864	8	6	11	58	0	21.5	orig=17.2R|orig.time=2:00PM|orig.date=1864-08-06
1864	8	6	18	58	0	16.6	orig=13.3R|orig.time=9:00PM|orig.date=1864-08-06
1864	8	7	4	58	0	16.8	orig=13.4R|orig.time=7:00AM|orig.date=1864-08-07
1864	8	7	9	58	0	23.8	orig=19R|orig.time=Noon|orig.date=1864-08-07
1864	8	7	11	58	0	20.2	orig=16.2R|orig.time=2:00PM|orig.date=1864-08-07
1864	8	7	18	58	0	17	orig=13.6R|orig.time=9:00PM|orig.date=1864-08-07
1864	8	8	4	58	0	15.4	orig=12.3R|orig.time=7:00AM|orig.date=1864-08-08
1864	8	8	9	58	0	23	orig=18.4R|orig.time=Noon|orig.date=1864-08-08
1864	8	8	11	58	0	22.6	orig=18.1R|orig.time=2:00PM|orig.date=1864-08-08
1864	8	8	18	58	0	16.2	orig=13R|orig.time=9:00PM|orig.date=1864-08-08
1864	8	9	4	58	0	13.1	orig=10.5R|orig.time=7:00AM|orig.date=1864-08-09
1864	8	9	9	58	0	20.1	orig=16.1R|orig.time=Noon|orig.date=1864-08-09
1864	8	9	11	58	0	20	orig=16R|orig.time=2:00PM|orig.date=1864-08-09
1864	8	9	18	58	0	14.1	orig=11.3R|orig.time=9:00PM|orig.date=1864-08-09
1864	8	10	4	58	0	14.6	orig=11.7R|orig.time=7:00AM|orig.date=1864-08-10
1864	8	10	9	58	0	24.1	orig=19.3R|orig.time=Noon|orig.date=1864-08-10
1864	8	10	11	58	0	24.8	orig=19.8R|orig.time=2:00PM|orig.date=1864-08-10
1864	8	10	18	58	0	20.6	orig=16.5R|orig.time=9:00PM|orig.date=1864-08-10
1864	8	11	4	58	0	18.6	orig=14.9R|orig.time=7:00AM|orig.date=1864-08-11
1864	8	11	9	58	0	11.8	orig=9.4R|orig.time=Noon|orig.date=1864-08-11
1864	8	11	11	58	0	11.8	orig=9.4R|orig.time=2:00PM|orig.date=1864-08-11
1864	8	11	18	58	0	10	orig=8R|orig.time=9:00PM|orig.date=1864-08-11
1864	8	12	4	58	0	11.5	orig=9.2R|orig.time=7:00AM|orig.date=1864-08-12
1864	8	12	9	58	0	13.5	orig=10.8R|orig.time=Noon|orig.date=1864-08-12
1864	8	12	11	58	0	14	orig=11.2R|orig.time=2:00PM|orig.date=1864-08-12
1864	8	12	18	58	0	11.8	orig=9.4R|orig.time=9:00PM|orig.date=1864-08-12
1864	8	13	4	58	0	11.2	orig=9R|orig.time=7:00AM|orig.date=1864-08-13
1864	8	13	9	58	0	15.5	orig=12.4R|orig.time=Noon|orig.date=1864-08-13
1864	8	13	11	58	0	16.8	orig=13.4R|orig.time=2:00PM|orig.date=1864-08-13
1864	8	13	18	58	0	16.5	orig=13.2R|orig.time=9:00PM|orig.date=1864-08-13
1864	8	14	4	58	0	17.9	orig=14.3R|orig.time=7:00AM|orig.date=1864-08-14
1864	8	14	9	58	0	25.6	orig=20.5R|orig.time=Noon|orig.date=1864-08-14
1864	8	14	11	58	0	25.5	orig=20.4R|orig.time=2:00PM|orig.date=1864-08-14
1864	8	14	18	58	0	16	orig=12.8R|orig.time=9:00PM|orig.date=1864-08-14
1864	8	15	4	58	0	13.5	orig=10.8R|orig.time=7:00AM|orig.date=1864-08-15
1864	8	15	9	58	0	18.6	orig=14.9R|orig.time=Noon|orig.date=1864-08-15
1864	8	15	11	58	0	19.6	orig=15.7R|orig.time=2:00PM|orig.date=1864-08-15
1864	8	15	18	58	0	14.4	orig=11.5R|orig.time=9:00PM|orig.date=1864-08-15
1864	8	16	4	58	0	14.4	orig=11.5R|orig.time=7:00AM|orig.date=1864-08-16
1864	8	16	9	58	0	22.9	orig=18.3R|orig.time=Noon|orig.date=1864-08-16
1864	8	16	11	58	0	21.2	orig=17R|orig.time=2:00PM|orig.date=1864-08-16
1864	8	16	18	58	0	13	orig=10.4R|orig.time=9:00PM|orig.date=1864-08-16
1864	8	17	4	58	0	12.9	orig=10.3R|orig.time=7:00AM|orig.date=1864-08-17
1864	8	17	9	58	0	20.9	orig=16.7R|orig.time=Noon|orig.date=1864-08-17
1864	8	17	11	58	0	21.1	orig=16.9R|orig.time=2:00PM|orig.date=1864-08-17
1864	8	17	18	58	0	15.2	orig=12.2R|orig.time=9:00PM|orig.date=1864-08-17
1864	8	18	4	58	0	12.8	orig=10.2R|orig.time=7:00AM|orig.date=1864-08-18
1864	8	18	9	58	0	15.4	orig=12.3R|orig.time=Noon|orig.date=1864-08-18
1864	8	18	11	58	0	16.5	orig=13.2R|orig.time=2:00PM|orig.date=1864-08-18
1864	8	18	18	58	0	10	orig=8R|orig.time=9:00PM|orig.date=1864-08-18
1864	8	19	4	58	0	10.8	orig=8.6R|orig.time=7:00AM|orig.date=1864-08-19
1864	8	19	9	58	0	19.2	orig=15.4R|orig.time=Noon|orig.date=1864-08-19
1864	8	19	11	58	0	22.2	orig=17.8R|orig.time=2:00PM|orig.date=1864-08-19
1864	8	19	18	58	0	16	orig=12.8R|orig.time=9:00PM|orig.date=1864-08-19
1864	8	20	4	58	0	16.8	orig=13.4R|orig.time=7:00AM|orig.date=1864-08-20
1864	8	20	9	58	0	23.5	orig=18.8R|orig.time=Noon|orig.date=1864-08-20
1864	8	20	11	58	0	25	orig=20R|orig.time=2:00PM|orig.date=1864-08-20
1864	8	20	18	58	0	18.2	orig=14.6R|orig.time=9:00PM|orig.date=1864-08-20
1864	8	21	4	58	0	17	orig=13.6R|orig.time=7:00AM|orig.date=1864-08-21
1864	8	21	9	58	0	26.1	orig=20.9R|orig.time=Noon|orig.date=1864-08-21
1864	8	21	11	58	0	27	orig=21.6R|orig.time=2:00PM|orig.date=1864-08-21
1864	8	21	18	58	0	21	orig=16.8R|orig.time=9:00PM|orig.date=1864-08-21
1864	8	22	4	58	0	16.5	orig=13.2R|orig.time=7:00AM|orig.date=1864-08-22
1864	8	22	9	58	0	20.4	orig=16.3R|orig.time=Noon|orig.date=1864-08-22
1864	8	22	11	58	0	21.2	orig=17R|orig.time=2:00PM|orig.date=1864-08-22
1864	8	22	18	58	0	18.8	orig=15R|orig.time=9:00PM|orig.date=1864-08-22
1864	8	23	4	58	0	17.2	orig=13.8R|orig.time=7:00AM|orig.date=1864-08-23
1864	8	23	9	58	0	24.6	orig=19.7R|orig.time=Noon|orig.date=1864-08-23
1864	8	23	11	58	0	26.6	orig=21.3R|orig.time=2:00PM|orig.date=1864-08-23
1864	8	23	18	58	0	20.8	orig=16.6R|orig.time=9:00PM|orig.date=1864-08-23
1864	8	24	4	58	0	21.5	orig=17.2R|orig.time=7:00AM|orig.date=1864-08-24
1864	8	24	9	58	0	29	orig=23.2R|orig.time=Noon|orig.date=1864-08-24
1864	8	24	11	58	0	29.9	orig=23.9R|orig.time=2:00PM|orig.date=1864-08-24
1864	8	24	18	58	0	21.2	orig=17R|orig.time=9:00PM|orig.date=1864-08-24
1864	8	25	4	58	0	19	orig=15.2R|orig.time=7:00AM|orig.date=1864-08-25
1864	8	25	9	58	0	27.6	orig=22.1R|orig.time=Noon|orig.date=1864-08-25
1864	8	25	11	58	0	27.9	orig=22.3R|orig.time=2:00PM|orig.date=1864-08-25
1864	8	25	18	58	0	12.4	orig=9.9R|orig.time=9:00PM|orig.date=1864-08-25
1864	8	26	4	58	0	14.6	orig=11.7R|orig.time=7:00AM|orig.date=1864-08-26
1864	8	26	9	58	0	16.1	orig=12.9R|orig.time=Noon|orig.date=1864-08-26
1864	8	26	11	58	0	17.6	orig=14.1R|orig.time=2:00PM|orig.date=1864-08-26
1864	8	26	18	58	0	15	orig=12R|orig.time=9:00PM|orig.date=1864-08-26
1864	8	27	4	58	0	13.9	orig=11.1R|orig.time=7:00AM|orig.date=1864-08-27
1864	8	27	9	58	0	18.4	orig=14.7R|orig.time=Noon|orig.date=1864-08-27
1864	8	27	11	58	0	17	orig=13.6R|orig.time=2:00PM|orig.date=1864-08-27
1864	8	27	18	58	0	11.4	orig=9.1R|orig.time=9:00PM|orig.date=1864-08-27
1864	8	28	4	58	0	13	orig=10.4R|orig.time=7:00AM|orig.date=1864-08-28
1864	8	28	9	58	0	17.6	orig=14.1R|orig.time=Noon|orig.date=1864-08-28
1864	8	28	11	58	0	19.1	orig=15.3R|orig.time=2:00PM|orig.date=1864-08-28
1864	8	28	18	58	0	13.8	orig=11R|orig.time=9:00PM|orig.date=1864-08-28
1864	8	29	4	58	0	11.2	orig=9R|orig.time=7:00AM|orig.date=1864-08-29
1864	8	29	9	58	0	12.1	orig=9.7R|orig.time=Noon|orig.date=1864-08-29
1864	8	29	11	58	0	12	orig=9.6R|orig.time=2:00PM|orig.date=1864-08-29
1864	8	29	18	58	0	11.2	orig=9R|orig.time=9:00PM|orig.date=1864-08-29
1864	8	30	4	58	0	7.5	orig=6R|orig.time=7:00AM|orig.date=1864-08-30
1864	8	30	9	58	0	14.4	orig=11.5R|orig.time=Noon|orig.date=1864-08-30
1864	8	30	11	58	0	16.5	orig=13.2R|orig.time=2:00PM|orig.date=1864-08-30
1864	8	30	18	58	0	8.4	orig=6.7R|orig.time=9:00PM|orig.date=1864-08-30
1864	8	31	4	58	0	7.9	orig=6.3R|orig.time=7:00AM|orig.date=1864-08-31
1864	8	31	9	58	0	16.4	orig=13.1R|orig.time=Noon|orig.date=1864-08-31
1864	8	31	11	58	0	17.1	orig=13.7R|orig.time=2:00PM|orig.date=1864-08-31
1864	8	31	18	58	0	13	orig=10.4R|orig.time=9:00PM|orig.date=1864-08-31
1864	9	1	4	58	0	11.6	orig=9.3R|orig.time=7:00AM|orig.date=1864-09-01
1864	9	1	9	58	0	16.9	orig=13.5R|orig.time=Noon|orig.date=1864-09-01
1864	9	1	11	58	0	15.8	orig=12.6R|orig.time=2:00PM|orig.date=1864-09-01
1864	9	1	18	58	0	10	orig=8R|orig.time=9:00PM|orig.date=1864-09-01
1864	9	2	4	58	0	9.5	orig=7.6R|orig.time=7:00AM|orig.date=1864-09-02
1864	9	2	9	58	0	18.8	orig=15R|orig.time=Noon|orig.date=1864-09-02
1864	9	2	11	58	0	19.8	orig=15.8R|orig.time=2:00PM|orig.date=1864-09-02
1864	9	2	18	58	0	14.5	orig=11.6R|orig.time=9:00PM|orig.date=1864-09-02
1864	9	3	4	58	0	13.6	orig=10.9R|orig.time=7:00AM|orig.date=1864-09-03
1864	9	3	9	58	0	23.6	orig=18.9R|orig.time=Noon|orig.date=1864-09-03
1864	9	3	11	58	0	24.6	orig=19.7R|orig.time=2:00PM|orig.date=1864-09-03
1864	9	3	18	58	0	16.5	orig=13.2R|orig.time=9:00PM|orig.date=1864-09-03
1864	9	4	4	58	0	14.9	orig=11.9R|orig.time=7:00AM|orig.date=1864-09-04
1864	9	4	9	58	0	23.9	orig=19.1R|orig.time=Noon|orig.date=1864-09-04
1864	9	4	11	58	0	24	orig=19.2R|orig.time=2:00PM|orig.date=1864-09-04
1864	9	4	18	58	0	16.4	orig=13.1R|orig.time=9:00PM|orig.date=1864-09-04
1864	9	5	4	58	0	14.6	orig=11.7R|orig.time=7:00AM|orig.date=1864-09-05
1864	9	5	9	58	0	22.9	orig=18.3R|orig.time=Noon|orig.date=1864-09-05
1864	9	5	11	58	0	24.1	orig=19.3R|orig.time=2:00PM|orig.date=1864-09-05
1864	9	5	18	58	0	19.2	orig=15.4R|orig.time=9:00PM|orig.date=1864-09-05
1864	9	6	4	58	0	16.9	orig=13.5R|orig.time=7:00AM|orig.date=1864-09-06
1864	9	6	9	58	0	24.1	orig=19.3R|orig.time=Noon|orig.date=1864-09-06
1864	9	6	11	58	0	24.1	orig=19.3R|orig.time=2:00PM|orig.date=1864-09-06
1864	9	6	18	58	0	14	orig=11.2R|orig.time=9:00PM|orig.date=1864-09-06
1864	9	7	4	58	0	10.2	orig=8.2R|orig.time=7:00AM|orig.date=1864-09-07
1864	9	7	9	58	0	17.6	orig=14.1R|orig.time=Noon|orig.date=1864-09-07
1864	9	7	11	58	0	17.8	orig=14.2R|orig.time=2:00PM|orig.date=1864-09-07
1864	9	7	18	58	0	13.8	orig=11R|orig.time=9:00PM|orig.date=1864-09-07
1864	9	8	4	58	0	10.8	orig=8.6R|orig.time=7:00AM|orig.date=1864-09-08
1864	9	8	9	58	0	14	orig=11.2R|orig.time=Noon|orig.date=1864-09-08
1864	9	8	11	58	0	13.6	orig=10.9R|orig.time=2:00PM|orig.date=1864-09-08
1864	9	8	18	58	0	10.6	orig=8.5R|orig.time=9:00PM|orig.date=1864-09-08
1864	9	9	4	58	0	10	orig=8R|orig.time=7:00AM|orig.date=1864-09-09
1864	9	9	9	58	0	12.4	orig=9.9R|orig.time=Noon|orig.date=1864-09-09
1864	9	9	11	58	0	12.5	orig=10R|orig.time=2:00PM|orig.date=1864-09-09
1864	9	9	18	58	0	10.1	orig=8.1R|orig.time=9:00PM|orig.date=1864-09-09
1864	9	10	4	58	0	10.4	orig=8.3R|orig.time=7:00AM|orig.date=1864-09-10
1864	9	10	9	58	0	14.1	orig=11.3R|orig.time=Noon|orig.date=1864-09-10
1864	9	10	11	58	0	14.2	orig=11.4R|orig.time=2:00PM|orig.date=1864-09-10
1864	9	10	18	58	0	10.4	orig=8.3R|orig.time=9:00PM|orig.date=1864-09-10
1864	9	11	4	58	0	10.9	orig=8.7R|orig.time=7:00AM|orig.date=1864-09-11
1864	9	11	9	58	0	20.2	orig=16.2R|orig.time=Noon|orig.date=1864-09-11
1864	9	11	11	58	0	19.9	orig=15.9R|orig.time=2:00PM|orig.date=1864-09-11
1864	9	11	18	58	0	14	orig=11.2R|orig.time=9:00PM|orig.date=1864-09-11
1864	9	12	4	58	0	13.4	orig=10.7R|orig.time=7:00AM|orig.date=1864-09-12
1864	9	12	9	58	0	21.5	orig=17.2R|orig.time=Noon|orig.date=1864-09-12
1864	9	12	11	58	0	21.9	orig=17.5R|orig.time=2:00PM|orig.date=1864-09-12
1864	9	12	18	58	0	14.5	orig=11.6R|orig.time=9:00PM|orig.date=1864-09-12
1864	9	13	4	58	0	11.4	orig=9.1R|orig.time=7:00AM|orig.date=1864-09-13
1864	9	13	9	58	0	21.1	orig=16.9R|orig.time=Noon|orig.date=1864-09-13
1864	9	13	11	58	0	22.8	orig=18.2R|orig.time=2:00PM|orig.date=1864-09-13
1864	9	13	18	58	0	16.9	orig=13.5R|orig.time=9:00PM|orig.date=1864-09-13
1864	9	14	4	58	0	13.4	orig=10.7R|orig.time=7:00AM|orig.date=1864-09-14
1864	9	14	9	58	0	22.5	orig=18R|orig.time=Noon|orig.date=1864-09-14
1864	9	14	11	58	0	22.5	orig=18R|orig.time=2:00PM|orig.date=1864-09-14
1864	9	14	18	58	0	15.8	orig=12.6R|orig.time=9:00PM|orig.date=1864-09-14
1864	9	15	4	58	0	12.6	orig=10.1R|orig.time=7:00AM|orig.date=1864-09-15
1864	9	15	9	58	0	21.5	orig=17.2R|orig.time=Noon|orig.date=1864-09-15
1864	9	15	11	58	0	22.2	orig=17.8R|orig.time=2:00PM|orig.date=1864-09-15
1864	9	15	18	58	0	15	orig=12R|orig.time=9:00PM|orig.date=1864-09-15
1864	9	16	4	58	0	12.8	orig=10.2R|orig.time=7:00AM|orig.date=1864-09-16
1864	9	16	9	58	0	14.9	orig=11.9R|orig.time=Noon|orig.date=1864-09-16
1864	9	16	11	58	0	14.8	orig=11.8R|orig.time=2:00PM|orig.date=1864-09-16
1864	9	16	18	58	0	11.6	orig=9.3R|orig.time=9:00PM|orig.date=1864-09-16
1864	9	17	4	58	0	12.2	orig=9.8R|orig.time=7:00AM|orig.date=1864-09-17
1864	9	17	9	58	0	15.6	orig=12.5R|orig.time=Noon|orig.date=1864-09-17
1864	9	17	11	58	0	16.4	orig=13.1R|orig.time=2:00PM|orig.date=1864-09-17
1864	9	17	18	58	0	13.8	orig=11R|orig.time=9:00PM|orig.date=1864-09-17
1864	9	18	4	58	0	13.4	orig=10.7R|orig.time=7:00AM|orig.date=1864-09-18
1864	9	18	9	58	0	17	orig=13.6R|orig.time=Noon|orig.date=1864-09-18
1864	9	18	11	58	0	17.2	orig=13.8R|orig.time=2:00PM|orig.date=1864-09-18
1864	9	18	18	58	0	12.2	orig=9.8R|orig.time=9:00PM|orig.date=1864-09-18
1864	9	19	4	58	0	9.6	orig=7.7R|orig.time=7:00AM|orig.date=1864-09-19
1864	9	19	9	58	0	18.6	orig=14.9R|orig.time=Noon|orig.date=1864-09-19
1864	9	19	11	58	0	19.9	orig=15.9R|orig.time=2:00PM|orig.date=1864-09-19
1864	9	19	18	58	0	14	orig=11.2R|orig.time=9:00PM|orig.date=1864-09-19
1864	9	20	4	58	0	12.5	orig=10R|orig.time=7:00AM|orig.date=1864-09-20
1864	9	20	9	58	0	21.1	orig=16.9R|orig.time=Noon|orig.date=1864-09-20
1864	9	20	11	58	0	24.1	orig=19.3R|orig.time=2:00PM|orig.date=1864-09-20
1864	9	20	18	58	0	17.8	orig=14.2R|orig.time=9:00PM|orig.date=1864-09-20
1864	9	21	4	58	0	17.2	orig=13.8R|orig.time=7:00AM|orig.date=1864-09-21
1864	9	21	9	58	0	24.4	orig=19.5R|orig.time=Noon|orig.date=1864-09-21
1864	9	21	11	58	0	27.9	orig=22.3R|orig.time=2:00PM|orig.date=1864-09-21
1864	9	21	18	58	0	20.5	orig=16.4R|orig.time=9:00PM|orig.date=1864-09-21
1864	9	22	4	58	0	16.1	orig=12.9R|orig.time=7:00AM|orig.date=1864-09-22
1864	9	22	9	58	0	19.1	orig=15.3R|orig.time=Noon|orig.date=1864-09-22
1864	9	22	11	58	0	19.5	orig=15.6R|orig.time=2:00PM|orig.date=1864-09-22
1864	9	22	18	58	0	13	orig=10.4R|orig.time=9:00PM|orig.date=1864-09-22
1864	9	23	4	58	0	9.6	orig=7.7R|orig.time=7:00AM|orig.date=1864-09-23
1864	9	23	9	58	0	17.4	orig=13.9R|orig.time=Noon|orig.date=1864-09-23
1864	9	23	11	58	0	18.6	orig=14.9R|orig.time=2:00PM|orig.date=1864-09-23
1864	9	23	18	58	0	13.2	orig=10.6R|orig.time=9:00PM|orig.date=1864-09-23
1864	9	24	4	58	0	8.5	orig=6.8R|orig.time=7:00AM|orig.date=1864-09-24
1864	9	24	9	58	0	18.1	orig=14.5R|orig.time=Noon|orig.date=1864-09-24
1864	9	24	11	58	0	18.4	orig=14.7R|orig.time=2:00PM|orig.date=1864-09-24
1864	9	24	18	58	0	11.9	orig=9.5R|orig.time=9:00PM|orig.date=1864-09-24
1864	9	25	4	58	0	9.1	orig=7.3R|orig.time=7:00AM|orig.date=1864-09-25
1864	9	25	9	58	0	18.2	orig=14.6R|orig.time=Noon|orig.date=1864-09-25
1864	9	25	11	58	0	19.5	orig=15.6R|orig.time=2:00PM|orig.date=1864-09-25
1864	9	25	18	58	0	12.8	orig=10.2R|orig.time=9:00PM|orig.date=1864-09-25
1864	9	26	4	58	0	10.9	orig=8.7R|orig.time=7:00AM|orig.date=1864-09-26
1864	9	26	9	58	0	13.5	orig=10.8R|orig.time=Noon|orig.date=1864-09-26
1864	9	26	11	58	0	14	orig=11.2R|orig.time=2:00PM|orig.date=1864-09-26
1864	9	26	18	58	0	9.2	orig=7.4R|orig.time=9:00PM|orig.date=1864-09-26
1864	9	27	4	58	0	6.2	orig=5R|orig.time=7:00AM|orig.date=1864-09-27
1864	9	27	9	58	0	10.4	orig=8.3R|orig.time=Noon|orig.date=1864-09-27
1864	9	27	11	58	0	11	orig=8.8R|orig.time=2:00PM|orig.date=1864-09-27
1864	9	27	18	58	0	7.1	orig=5.7R|orig.time=9:00PM|orig.date=1864-09-27
1864	9	28	4	58	0	1.9	orig=1.5R|orig.time=7:00AM|orig.date=1864-09-28
1864	9	28	9	58	0	6.6	orig=5.3R|orig.time=Noon|orig.date=1864-09-28
1864	9	28	11	58	0	6.6	orig=5.3R|orig.time=2:00PM|orig.date=1864-09-28
1864	9	28	18	58	0	3.8	orig=3R|orig.time=9:00PM|orig.date=1864-09-28
1864	9	29	4	58	0	3	orig=2.4R|orig.time=7:00AM|orig.date=1864-09-29
1864	9	29	9	58	0	10.6	orig=8.5R|orig.time=Noon|orig.date=1864-09-29
1864	9	29	11	58	0	10.9	orig=8.7R|orig.time=2:00PM|orig.date=1864-09-29
1864	9	29	18	58	0	7.8	orig=6.2R|orig.time=9:00PM|orig.date=1864-09-29
1864	9	30	4	58	0	7.4	orig=5.9R|orig.time=7:00AM|orig.date=1864-09-30
1864	9	30	9	58	0	11.2	orig=9R|orig.time=Noon|orig.date=1864-09-30
1864	9	30	11	58	0	10.9	orig=8.7R|orig.time=2:00PM|orig.date=1864-09-30
1864	9	30	18	58	0	7.2	orig=5.8R|orig.time=9:00PM|orig.date=1864-09-30
1864	10	1	4	58	0	5.6	orig=4.5R|orig.time=7:00AM|orig.date=1864-10-01
1864	10	1	9	58	0	9	orig=7.2R|orig.time=Noon|orig.date=1864-10-01
1864	10	1	11	58	0	9.8	orig=7.8R|orig.time=2:00PM|orig.date=1864-10-01
1864	10	1	18	58	0	4.8	orig=3.8R|orig.time=9:00PM|orig.date=1864-10-01
1864	10	2	4	58	0	2.8	orig=2.2R|orig.time=7:00AM|orig.date=1864-10-02
1864	10	2	9	58	0	9.9	orig=7.9R|orig.time=Noon|orig.date=1864-10-02
1864	10	2	11	58	0	12.1	orig=9.7R|orig.time=2:00PM|orig.date=1864-10-02
1864	10	2	18	58	0	7.8	orig=6.2R|orig.time=9:00PM|orig.date=1864-10-02
1864	10	3	4	58	0	7.2	orig=5.8R|orig.time=7:00AM|orig.date=1864-10-03
1864	10	3	9	58	0	9.4	orig=7.5R|orig.time=Noon|orig.date=1864-10-03
1864	10	3	11	58	0	8.9	orig=7.1R|orig.time=2:00PM|orig.date=1864-10-03
1864	10	3	18	58	0	3.5	orig=2.8R|orig.time=9:00PM|orig.date=1864-10-03
1864	10	4	4	58	0	2	orig=1.6R|orig.time=7:00AM|orig.date=1864-10-04
1864	10	4	9	58	0	5	orig=4R|orig.time=Noon|orig.date=1864-10-04
1864	10	4	11	58	0	3.6	orig=2.9R|orig.time=2:00PM|orig.date=1864-10-04
1864	10	4	18	58	0	0.8	orig=0.6R|orig.time=9:00PM|orig.date=1864-10-04
1864	10	5	4	58	0	-2.5	orig=-2R|orig.time=7:00AM|orig.date=1864-10-05
1864	10	5	9	58	0	-1.1	orig=-0.9R|orig.time=Noon|orig.date=1864-10-05
1864	10	5	11	58	0	-1.2	orig=-1R|orig.time=2:00PM|orig.date=1864-10-05
1864	10	5	18	58	0	-3.8	orig=-3R|orig.time=9:00PM|orig.date=1864-10-05
1864	10	6	4	58	0	-0.4	orig=-0.3R|orig.time=7:00AM|orig.date=1864-10-06
1864	10	6	9	58	0	5.6	orig=4.5R|orig.time=Noon|orig.date=1864-10-06
1864	10	6	11	58	0	6.1	orig=4.9R|orig.time=2:00PM|orig.date=1864-10-06
1864	10	6	18	58	0	2.5	orig=2R|orig.time=9:00PM|orig.date=1864-10-06
1864	10	7	4	58	0	3.1	orig=2.5R|orig.time=7:00AM|orig.date=1864-10-07
1864	10	7	9	58	0	6.9	orig=5.5R|orig.time=Noon|orig.date=1864-10-07
1864	10	7	11	58	0	7.5	orig=6R|orig.time=2:00PM|orig.date=1864-10-07
1864	10	7	18	58	0	5.2	orig=4.2R|orig.time=9:00PM|orig.date=1864-10-07
1864	10	8	4	58	0	4.5	orig=3.6R|orig.time=7:00AM|orig.date=1864-10-08
1864	10	8	9	58	0	6.9	orig=5.5R|orig.time=Noon|orig.date=1864-10-08
1864	10	8	11	58	0	7.9	orig=6.3R|orig.time=2:00PM|orig.date=1864-10-08
1864	10	8	18	58	0	4.5	orig=3.6R|orig.time=9:00PM|orig.date=1864-10-08
1864	10	9	4	58	0	4.2	orig=3.4R|orig.time=7:00AM|orig.date=1864-10-09
1864	10	9	9	58	0	8.6	orig=6.9R|orig.time=Noon|orig.date=1864-10-09
1864	10	9	11	58	0	8.1	orig=6.5R|orig.time=2:00PM|orig.date=1864-10-09
1864	10	9	18	58	0	2.6	orig=2.1R|orig.time=9:00PM|orig.date=1864-10-09
1864	10	10	4	58	0	4.5	orig=3.6R|orig.time=7:00AM|orig.date=1864-10-10
1864	10	10	9	58	0	5.6	orig=4.5R|orig.time=Noon|orig.date=1864-10-10
1864	10	10	11	58	0	7.5	orig=6R|orig.time=2:00PM|orig.date=1864-10-10
1864	10	10	18	58	0	0.6	orig=0.5R|orig.time=9:00PM|orig.date=1864-10-10
1864	10	11	4	58	0	0.2	orig=0.2R|orig.time=7:00AM|orig.date=1864-10-11
1864	10	11	9	58	0	9.2	orig=7.4R|orig.time=Noon|orig.date=1864-10-11
1864	10	11	11	58	0	7.1	orig=5.7R|orig.time=2:00PM|orig.date=1864-10-11
1864	10	11	18	58	0	0.9	orig=0.7R|orig.time=9:00PM|orig.date=1864-10-11
1864	10	12	4	58	0	1.8	orig=1.4R|orig.time=7:00AM|orig.date=1864-10-12
1864	10	12	9	58	0	7.9	orig=6.3R|orig.time=Noon|orig.date=1864-10-12
1864	10	12	11	58	0	8.4	orig=6.7R|orig.time=2:00PM|orig.date=1864-10-12
1864	10	12	18	58	0	6.5	orig=5.2R|orig.time=9:00PM|orig.date=1864-10-12
1864	10	13	4	58	0	5.2	orig=4.2R|orig.time=7:00AM|orig.date=1864-10-13
1864	10	13	9	58	0	7.1	orig=5.7R|orig.time=Noon|orig.date=1864-10-13
1864	10	13	11	58	0	7.9	orig=6.3R|orig.time=2:00PM|orig.date=1864-10-13
1864	10	13	18	58	0	6.2	orig=5R|orig.time=9:00PM|orig.date=1864-10-13
1864	10	14	4	58	0	8.1	orig=6.5R|orig.time=7:00AM|orig.date=1864-10-14
1864	10	14	9	58	0	7.2	orig=5.8R|orig.time=Noon|orig.date=1864-10-14
1864	10	14	11	58	0	6.9	orig=5.5R|orig.time=2:00PM|orig.date=1864-10-14
1864	10	14	18	58	0	2.9	orig=2.3R|orig.time=9:00PM|orig.date=1864-10-14
1864	10	15	4	58	0	4	orig=3.2R|orig.time=7:00AM|orig.date=1864-10-15
1864	10	15	9	58	0	4.2	orig=3.4R|orig.time=Noon|orig.date=1864-10-15
1864	10	15	11	58	0	3.8	orig=3R|orig.time=2:00PM|orig.date=1864-10-15
1864	10	15	18	58	0	0.4	orig=0.3R|orig.time=9:00PM|orig.date=1864-10-15
1864	10	16	4	58	0	-0.1	orig=-0.1R|orig.time=7:00AM|orig.date=1864-10-16
1864	10	16	9	58	0	1.1	orig=0.9R|orig.time=Noon|orig.date=1864-10-16
1864	10	16	11	58	0	1.8	orig=1.4R|orig.time=2:00PM|orig.date=1864-10-16
1864	10	16	18	58	0	-1.8	orig=-1.4R|orig.time=9:00PM|orig.date=1864-10-16
1864	10	17	4	58	0	-3.6	orig=-2.9R|orig.time=7:00AM|orig.date=1864-10-17
1864	10	17	9	58	0	5.6	orig=4.5R|orig.time=Noon|orig.date=1864-10-17
1864	10	17	11	58	0	5.6	orig=4.5R|orig.time=2:00PM|orig.date=1864-10-17
1864	10	17	18	58	0	1	orig=0.8R|orig.time=9:00PM|orig.date=1864-10-17
1864	10	18	4	58	0	-1.8	orig=-1.4R|orig.time=7:00AM|orig.date=1864-10-18
1864	10	18	9	58	0	8.4	orig=6.7R|orig.time=Noon|orig.date=1864-10-18
1864	10	18	11	58	0	8.6	orig=6.9R|orig.time=2:00PM|orig.date=1864-10-18
1864	10	18	18	58	0	4.5	orig=3.6R|orig.time=9:00PM|orig.date=1864-10-18
1864	10	19	4	58	0	2.9	orig=2.3R|orig.time=7:00AM|orig.date=1864-10-19
1864	10	19	9	58	0	12.6	orig=10.1R|orig.time=Noon|orig.date=1864-10-19
1864	10	19	11	58	0	14.2	orig=11.4R|orig.time=2:00PM|orig.date=1864-10-19
1864	10	19	18	58	0	6.8	orig=5.4R|orig.time=9:00PM|orig.date=1864-10-19
1864	10	20	4	58	0	2.9	orig=2.3R|orig.time=7:00AM|orig.date=1864-10-20
1864	10	20	9	58	0	11.9	orig=9.5R|orig.time=Noon|orig.date=1864-10-20
1864	10	20	11	58	0	13.5	orig=10.8R|orig.time=2:00PM|orig.date=1864-10-20
1864	10	20	18	58	0	7.8	orig=6.2R|orig.time=9:00PM|orig.date=1864-10-20
1864	10	21	4	58	0	2.8	orig=2.2R|orig.time=7:00AM|orig.date=1864-10-21
1864	10	21	9	58	0	10.5	orig=8.4R|orig.time=Noon|orig.date=1864-10-21
1864	10	21	11	58	0	11	orig=8.8R|orig.time=2:00PM|orig.date=1864-10-21
1864	10	21	18	58	0	4.8	orig=3.8R|orig.time=9:00PM|orig.date=1864-10-21
1864	10	22	4	58	0	3.2	orig=2.6R|orig.time=7:00AM|orig.date=1864-10-22
1864	10	22	9	58	0	9.5	orig=7.6R|orig.time=Noon|orig.date=1864-10-22
1864	10	22	11	58	0	10.1	orig=8.1R|orig.time=2:00PM|orig.date=1864-10-22
1864	10	22	18	58	0	3.6	orig=2.9R|orig.time=9:00PM|orig.date=1864-10-22
1864	10	23	4	58	0	6.1	orig=4.9R|orig.time=7:00AM|orig.date=1864-10-23
1864	10	23	9	58	0	9.5	orig=7.6R|orig.time=Noon|orig.date=1864-10-23
1864	10	23	11	58	0	10.8	orig=8.6R|orig.time=2:00PM|orig.date=1864-10-23
1864	10	23	18	58	0	4.5	orig=3.6R|orig.time=9:00PM|orig.date=1864-10-23
1864	10	24	4	58	0	8	orig=6.4R|orig.time=7:00AM|orig.date=1864-10-24
1864	10	24	9	58	0	12.9	orig=10.3R|orig.time=Noon|orig.date=1864-10-24
1864	10	24	11	58	0	13.6	orig=10.9R|orig.time=2:00PM|orig.date=1864-10-24
1864	10	24	18	58	0	11.2	orig=9R|orig.time=9:00PM|orig.date=1864-10-24
1864	10	25	4	58	0	10.4	orig=8.3R|orig.time=7:00AM|orig.date=1864-10-25
1864	10	25	9	58	0	11	orig=8.8R|orig.time=Noon|orig.date=1864-10-25
1864	10	25	11	58	0	10.9	orig=8.7R|orig.time=2:00PM|orig.date=1864-10-25
1864	10	25	18	58	0	10.4	orig=8.3R|orig.time=9:00PM|orig.date=1864-10-25
1864	10	26	4	58	0	10.6	orig=8.5R|orig.time=7:00AM|orig.date=1864-10-26
1864	10	26	9	58	0	12.2	orig=9.8R|orig.time=Noon|orig.date=1864-10-26
1864	10	26	11	58	0	12.5	orig=10R|orig.time=2:00PM|orig.date=1864-10-26
1864	10	26	18	58	0	10.8	orig=8.6R|orig.time=9:00PM|orig.date=1864-10-26
1864	10	27	4	58	0	11.4	orig=9.1R|orig.time=7:00AM|orig.date=1864-10-27
1864	10	27	9	58	0	15	orig=12R|orig.time=Noon|orig.date=1864-10-27
1864	10	27	11	58	0	13.5	orig=10.8R|orig.time=2:00PM|orig.date=1864-10-27
1864	10	27	18	58	0	13.1	orig=10.5R|orig.time=9:00PM|orig.date=1864-10-27
1864	10	28	4	58	0	12.6	orig=10.1R|orig.time=7:00AM|orig.date=1864-10-28
1864	10	28	9	58	0	17.4	orig=13.9R|orig.time=Noon|orig.date=1864-10-28
1864	10	28	11	58	0	17.8	orig=14.2R|orig.time=2:00PM|orig.date=1864-10-28
1864	10	28	18	58	0	10.1	orig=8.1R|orig.time=9:00PM|orig.date=1864-10-28
1864	10	29	4	58	0	10	orig=8R|orig.time=7:00AM|orig.date=1864-10-29
1864	10	29	9	58	0	13.2	orig=10.6R|orig.time=Noon|orig.date=1864-10-29
1864	10	29	11	58	0	13.6	orig=10.9R|orig.time=2:00PM|orig.date=1864-10-29
1864	10	29	18	58	0	4.9	orig=3.9R|orig.time=9:00PM|orig.date=1864-10-29
1864	10	30	4	58	0	-0.8	orig=-0.6R|orig.time=7:00AM|orig.date=1864-10-30
1864	10	30	9	58	0	-1.8	orig=-1.4R|orig.time=Noon|orig.date=1864-10-30
1864	10	30	11	58	0	-2	orig=-1.6R|orig.time=2:00PM|orig.date=1864-10-30
1864	10	30	18	58	0	-3.1	orig=-2.5R|orig.time=9:00PM|orig.date=1864-10-30
1864	10	31	4	58	0	-0.4	orig=-0.3R|orig.time=7:00AM|orig.date=1864-10-31
1864	10	31	9	58	0	-1	orig=-0.8R|orig.time=Noon|orig.date=1864-10-31
1864	10	31	11	58	0	-1.2	orig=-1R|orig.time=2:00PM|orig.date=1864-10-31
1864	10	31	18	58	0	-1.6	orig=-1.3R|orig.time=9:00PM|orig.date=1864-10-31
1864	11	1	4	58	0	-3.2	orig=-2.6R|orig.time=7:00AM|orig.date=1864-11-01
1864	11	1	9	58	0	-1.6	orig=-1.3R|orig.time=Noon|orig.date=1864-11-01
1864	11	1	11	58	0	-2.9	orig=-2.3R|orig.time=2:00PM|orig.date=1864-11-01
1864	11	1	18	58	0	-5.5	orig=-4.4R|orig.time=9:00PM|orig.date=1864-11-01
1864	11	2	4	58	0	-11.1	orig=-8.9R|orig.time=7:00AM|orig.date=1864-11-02
1864	11	2	9	58	0	-4.4	orig=-3.5R|orig.time=Noon|orig.date=1864-11-02
1864	11	2	11	58	0	-4.5	orig=-3.6R|orig.time=2:00PM|orig.date=1864-11-02
1864	11	2	18	58	0	-8.9	orig=-7.1R|orig.time=9:00PM|orig.date=1864-11-02
1864	11	3	4	58	0	-7.5	orig=-6R|orig.time=7:00AM|orig.date=1864-11-03
1864	11	3	9	58	0	-1.8	orig=-1.4R|orig.time=Noon|orig.date=1864-11-03
1864	11	3	11	58	0	-1.4	orig=-1.1R|orig.time=2:00PM|orig.date=1864-11-03
1864	11	3	18	58	0	-4.5	orig=-3.6R|orig.time=9:00PM|orig.date=1864-11-03
1864	11	4	4	58	0	-5.5	orig=-4.4R|orig.time=7:00AM|orig.date=1864-11-04
1864	11	4	9	58	0	-0.1	orig=-0.1R|orig.time=Noon|orig.date=1864-11-04
1864	11	4	11	58	0	0.9	orig=0.7R|orig.time=2:00PM|orig.date=1864-11-04
1864	11	4	18	58	0	-1.5	orig=-1.2R|orig.time=9:00PM|orig.date=1864-11-04
1864	11	5	4	58	0	-10.5	orig=-8.4R|orig.time=7:00AM|orig.date=1864-11-05
1864	11	5	9	58	0	-5	orig=-4R|orig.time=Noon|orig.date=1864-11-05
1864	11	5	11	58	0	-4.2	orig=-3.4R|orig.time=2:00PM|orig.date=1864-11-05
1864	11	5	18	58	0	-9.2	orig=-7.4R|orig.time=9:00PM|orig.date=1864-11-05
1864	11	6	4	58	0	-1.9	orig=-1.5R|orig.time=7:00AM|orig.date=1864-11-06
1864	11	6	9	58	0	2.8	orig=2.2R|orig.time=Noon|orig.date=1864-11-06
1864	11	6	11	58	0	2.1	orig=1.7R|orig.time=2:00PM|orig.date=1864-11-06
1864	11	6	18	58	0	0	orig=0R|orig.time=9:00PM|orig.date=1864-11-06
1864	11	7	4	58	0	0.1	orig=0.1R|orig.time=7:00AM|orig.date=1864-11-07
1864	11	7	9	58	0	-1.9	orig=-1.5R|orig.time=Noon|orig.date=1864-11-07
1864	11	7	11	58	0	-3.2	orig=-2.6R|orig.time=2:00PM|orig.date=1864-11-07
1864	11	7	18	58	0	-5.5	orig=-4.4R|orig.time=9:00PM|orig.date=1864-11-07
1864	11	8	4	58	0	-5.9	orig=-4.7R|orig.time=7:00AM|orig.date=1864-11-08
1864	11	8	9	58	0	-3.4	orig=-2.7R|orig.time=Noon|orig.date=1864-11-08
1864	11	8	11	58	0	-4.2	orig=-3.4R|orig.time=2:00PM|orig.date=1864-11-08
1864	11	8	18	58	0	-8.1	orig=-6.5R|orig.time=9:00PM|orig.date=1864-11-08
1864	11	9	4	58	0	-3.5	orig=-2.8R|orig.time=7:00AM|orig.date=1864-11-09
1864	11	9	9	58	0	-0.2	orig=-0.2R|orig.time=Noon|orig.date=1864-11-09
1864	11	9	11	58	0	-0.4	orig=-0.3R|orig.time=2:00PM|orig.date=1864-11-09
1864	11	9	18	58	0	-1.9	orig=-1.5R|orig.time=9:00PM|orig.date=1864-11-09
1864	11	10	4	58	0	-8.9	orig=-7.1R|orig.time=7:00AM|orig.date=1864-11-10
1864	11	10	9	58	0	-5	orig=-4R|orig.time=Noon|orig.date=1864-11-10
1864	11	10	11	58	0	-4.1	orig=-3.3R|orig.time=2:00PM|orig.date=1864-11-10
1864	11	10	18	58	0	-8.8	orig=-7R|orig.time=9:00PM|orig.date=1864-11-10
1864	11	11	4	58	0	-8.6	orig=-6.9R|orig.time=7:00AM|orig.date=1864-11-11
1864	11	11	9	58	0	-2.9	orig=-2.3R|orig.time=Noon|orig.date=1864-11-11
1864	11	11	11	58	0	-2	orig=-1.6R|orig.time=2:00PM|orig.date=1864-11-11
1864	11	11	18	58	0	-6.2	orig=-5R|orig.time=9:00PM|orig.date=1864-11-11
1864	11	12	4	58	0	-8.9	orig=-7.1R|orig.time=7:00AM|orig.date=1864-11-12
1864	11	12	9	58	0	-2.4	orig=-1.9R|orig.time=Noon|orig.date=1864-11-12
1864	11	12	11	58	0	-0.9	orig=-0.7R|orig.time=2:00PM|orig.date=1864-11-12
1864	11	12	18	58	0	-6.8	orig=-5.4R|orig.time=9:00PM|orig.date=1864-11-12
1864	11	13	4	58	0	-3.8	orig=-3R|orig.time=7:00AM|orig.date=1864-11-13
1864	11	13	9	58	0	0.4	orig=0.3R|orig.time=Noon|orig.date=1864-11-13
1864	11	13	11	58	0	0.8	orig=0.6R|orig.time=2:00PM|orig.date=1864-11-13
1864	11	13	18	58	0	0.2	orig=0.2R|orig.time=9:00PM|orig.date=1864-11-13
1864	11	14	4	58	0	0.1	orig=0.1R|orig.time=7:00AM|orig.date=1864-11-14
1864	11	14	9	58	0	1.9	orig=1.5R|orig.time=Noon|orig.date=1864-11-14
1864	11	14	11	58	0	2.4	orig=1.9R|orig.time=2:00PM|orig.date=1864-11-14
1864	11	14	18	58	0	2	orig=1.6R|orig.time=9:00PM|orig.date=1864-11-14
1864	11	15	4	58	0	2.9	orig=2.3R|orig.time=7:00AM|orig.date=1864-11-15
1864	11	15	9	58	0	4.9	orig=3.9R|orig.time=Noon|orig.date=1864-11-15
1864	11	15	11	58	0	5.4	orig=4.3R|orig.time=2:00PM|orig.date=1864-11-15
1864	11	15	18	58	0	4	orig=3.2R|orig.time=9:00PM|orig.date=1864-11-15
1864	11	16	4	58	0	6.2	orig=5R|orig.time=7:00AM|orig.date=1864-11-16
1864	11	16	9	58	0	10.1	orig=8.1R|orig.time=Noon|orig.date=1864-11-16
1864	11	16	11	58	0	10.4	orig=8.3R|orig.time=2:00PM|orig.date=1864-11-16
1864	11	16	18	58	0	6.4	orig=5.1R|orig.time=9:00PM|orig.date=1864-11-16
1864	11	17	4	58	0	5.4	orig=4.3R|orig.time=7:00AM|orig.date=1864-11-17
1864	11	17	9	58	0	5.5	orig=4.4R|orig.time=Noon|orig.date=1864-11-17
1864	11	17	11	58	0	5.5	orig=4.4R|orig.time=2:00PM|orig.date=1864-11-17
1864	11	17	18	58	0	4.5	orig=3.6R|orig.time=9:00PM|orig.date=1864-11-17
1864	11	18	4	58	0	5	orig=4R|orig.time=7:00AM|orig.date=1864-11-18
1864	11	18	9	58	0	6.8	orig=5.4R|orig.time=Noon|orig.date=1864-11-18
1864	11	18	11	58	0	6.6	orig=5.3R|orig.time=2:00PM|orig.date=1864-11-18
1864	11	18	18	58	0	6.8	orig=5.4R|orig.time=9:00PM|orig.date=1864-11-18
1864	11	19	4	58	0	5.4	orig=4.3R|orig.time=7:00AM|orig.date=1864-11-19
1864	11	19	9	58	0	5.8	orig=4.6R|orig.time=Noon|orig.date=1864-11-19
1864	11	19	11	58	0	5.5	orig=4.4R|orig.time=2:00PM|orig.date=1864-11-19
1864	11	19	18	58	0	5	orig=4R|orig.time=9:00PM|orig.date=1864-11-19
1864	11	20	4	58	0	6.2	orig=5R|orig.time=7:00AM|orig.date=1864-11-20
1864	11	20	9	58	0	8.8	orig=7R|orig.time=Noon|orig.date=1864-11-20
1864	11	20	11	58	0	9.5	orig=7.6R|orig.time=2:00PM|orig.date=1864-11-20
1864	11	20	18	58	0	8.8	orig=7R|orig.time=9:00PM|orig.date=1864-11-20
1864	11	21	4	58	0	3.8	orig=3R|orig.time=7:00AM|orig.date=1864-11-21
1864	11	21	9	58	0	3.9	orig=3.1R|orig.time=Noon|orig.date=1864-11-21
1864	11	21	11	58	0	4	orig=3.2R|orig.time=2:00PM|orig.date=1864-11-21
1864	11	21	18	58	0	3.9	orig=3.1R|orig.time=9:00PM|orig.date=1864-11-21
1864	11	22	4	58	0	0.9	orig=0.7R|orig.time=7:00AM|orig.date=1864-11-22
1864	11	22	9	58	0	2.9	orig=2.3R|orig.time=Noon|orig.date=1864-11-22
1864	11	22	11	58	0	3.2	orig=2.6R|orig.time=2:00PM|orig.date=1864-11-22
1864	11	22	18	58	0	1.1	orig=0.9R|orig.time=9:00PM|orig.date=1864-11-22
1864	11	23	4	58	0	-1.8	orig=-1.4R|orig.time=7:00AM|orig.date=1864-11-23
1864	11	23	9	58	0	-2.2	orig=-1.8R|orig.time=Noon|orig.date=1864-11-23
1864	11	23	11	58	0	-2.6	orig=-2.1R|orig.time=2:00PM|orig.date=1864-11-23
1864	11	23	18	58	0	-4.2	orig=-3.4R|orig.time=9:00PM|orig.date=1864-11-23
1864	11	24	4	58	0	-7.9	orig=-6.3R|orig.time=7:00AM|orig.date=1864-11-24
1864	11	24	9	58	0	-5.2	orig=-4.2R|orig.time=Noon|orig.date=1864-11-24
1864	11	24	11	58	0	-5.5	orig=-4.4R|orig.time=2:00PM|orig.date=1864-11-24
1864	11	24	18	58	0	-7	orig=-5.6R|orig.time=9:00PM|orig.date=1864-11-24
1864	11	25	4	58	0	-11	orig=-8.8R|orig.time=7:00AM|orig.date=1864-11-25
1864	11	25	9	58	0	-7.6	orig=-6.1R|orig.time=Noon|orig.date=1864-11-25
1864	11	25	11	58	0	-7.1	orig=-5.7R|orig.time=2:00PM|orig.date=1864-11-25
1864	11	25	18	58	0	-8.6	orig=-6.9R|orig.time=9:00PM|orig.date=1864-11-25
1864	11	26	4	58	0	-8.4	orig=-6.7R|orig.time=7:00AM|orig.date=1864-11-26
1864	11	26	9	58	0	-8	orig=-6.4R|orig.time=Noon|orig.date=1864-11-26
1864	11	26	11	58	0	-8.6	orig=-6.9R|orig.time=2:00PM|orig.date=1864-11-26
1864	11	26	18	58	0	-8.1	orig=-6.5R|orig.time=9:00PM|orig.date=1864-11-26
1864	11	27	4	58	0	-8.1	orig=-6.5R|orig.time=7:00AM|orig.date=1864-11-27
1864	11	27	9	58	0	-6.9	orig=-5.5R|orig.time=Noon|orig.date=1864-11-27
1864	11	27	11	58	0	-7	orig=-5.6R|orig.time=2:00PM|orig.date=1864-11-27
1864	11	27	18	58	0	-8.6	orig=-6.9R|orig.time=9:00PM|orig.date=1864-11-27
1864	11	28	4	58	0	-10.1	orig=-8.1R|orig.time=7:00AM|orig.date=1864-11-28
1864	11	28	9	58	0	-8.8	orig=-7R|orig.time=Noon|orig.date=1864-11-28
1864	11	28	11	58	0	-8.6	orig=-6.9R|orig.time=2:00PM|orig.date=1864-11-28
1864	11	28	18	58	0	-8.4	orig=-6.7R|orig.time=9:00PM|orig.date=1864-11-28
1864	11	29	4	58	0	-10	orig=-8R|orig.time=7:00AM|orig.date=1864-11-29
1864	11	29	9	58	0	-10.2	orig=-8.2R|orig.time=Noon|orig.date=1864-11-29
1864	11	29	11	58	0	-9.9	orig=-7.9R|orig.time=2:00PM|orig.date=1864-11-29
1864	11	29	18	58	0	-9.4	orig=-7.5R|orig.time=9:00PM|orig.date=1864-11-29
1864	11	30	4	58	0	-11.1	orig=-8.9R|orig.time=7:00AM|orig.date=1864-11-30
1864	11	30	9	58	0	-9.9	orig=-7.9R|orig.time=Noon|orig.date=1864-11-30
1864	11	30	11	58	0	-8.1	orig=-6.5R|orig.time=2:00PM|orig.date=1864-11-30
1864	11	30	18	58	0	-12	orig=-9.6R|orig.time=9:00PM|orig.date=1864-11-30
1864	12	1	4	58	0	-17.2	orig=-13.8R|orig.time=7:00AM|orig.date=1864-12-01
1864	12	1	9	58	0	-14.2	orig=-11.4R|orig.time=Noon|orig.date=1864-12-01
1864	12	1	11	58	0	-14.1	orig=-11.3R|orig.time=2:00PM|orig.date=1864-12-01
1864	12	1	18	58	0	-11.6	orig=-9.3R|orig.time=9:00PM|orig.date=1864-12-01
1864	12	2	4	58	0	-11.2	orig=-9R|orig.time=7:00AM|orig.date=1864-12-02
1864	12	2	9	58	0	-10.2	orig=-8.2R|orig.time=Noon|orig.date=1864-12-02
1864	12	2	11	58	0	-9.5	orig=-7.6R|orig.time=2:00PM|orig.date=1864-12-02
1864	12	2	18	58	0	-10.5	orig=-8.4R|orig.time=9:00PM|orig.date=1864-12-02
1864	12	3	4	58	0	-9.5	orig=-7.6R|orig.time=7:00AM|orig.date=1864-12-03
1864	12	3	9	58	0	-7.5	orig=-6R|orig.time=Noon|orig.date=1864-12-03
1864	12	3	11	58	0	-7.5	orig=-6R|orig.time=2:00PM|orig.date=1864-12-03
1864	12	3	18	58	0	-7.2	orig=-5.8R|orig.time=9:00PM|orig.date=1864-12-03
1864	12	4	4	58	0	-7.1	orig=-5.7R|orig.time=7:00AM|orig.date=1864-12-04
1864	12	4	9	58	0	-6.2	orig=-5R|orig.time=Noon|orig.date=1864-12-04
1864	12	4	11	58	0	-6.5	orig=-5.2R|orig.time=2:00PM|orig.date=1864-12-04
1864	12	4	18	58	0	-10.2	orig=-8.2R|orig.time=9:00PM|orig.date=1864-12-04
1864	12	5	4	58	0	-15.2	orig=-12.2R|orig.time=7:00AM|orig.date=1864-12-05
1864	12	5	9	58	0	-11.9	orig=-9.5R|orig.time=Noon|orig.date=1864-12-05
1864	12	5	11	58	0	-10.5	orig=-8.4R|orig.time=2:00PM|orig.date=1864-12-05
1864	12	5	18	58	0	-13	orig=-10.4R|orig.time=9:00PM|orig.date=1864-12-05
1864	12	6	4	58	0	-10.6	orig=-8.5R|orig.time=7:00AM|orig.date=1864-12-06
1864	12	6	9	58	0	-6.5	orig=-5.2R|orig.time=Noon|orig.date=1864-12-06
1864	12	6	11	58	0	-6.4	orig=-5.1R|orig.time=2:00PM|orig.date=1864-12-06
1864	12	6	18	58	0	-7.6	orig=-6.1R|orig.time=9:00PM|orig.date=1864-12-06
1864	12	7	4	58	0	-7.2	orig=-5.8R|orig.time=7:00AM|orig.date=1864-12-07
1864	12	7	9	58	0	-3.8	orig=-3R|orig.time=Noon|orig.date=1864-12-07
1864	12	7	11	58	0	-3	orig=-2.4R|orig.time=2:00PM|orig.date=1864-12-07
1864	12	7	18	58	0	-3.6	orig=-2.9R|orig.time=9:00PM|orig.date=1864-12-07
1864	12	8	4	58	0	-2.2	orig=-1.8R|orig.time=7:00AM|orig.date=1864-12-08
1864	12	8	9	58	0	-0.2	orig=-0.2R|orig.time=Noon|orig.date=1864-12-08
1864	12	8	11	58	0	-0.1	orig=-0.1R|orig.time=2:00PM|orig.date=1864-12-08
1864	12	8	18	58	0	-0.9	orig=-0.7R|orig.time=9:00PM|orig.date=1864-12-08
1864	12	9	4	58	0	-0.9	orig=-0.7R|orig.time=7:00AM|orig.date=1864-12-09
1864	12	9	9	58	0	0.1	orig=0.1R|orig.time=Noon|orig.date=1864-12-09
1864	12	9	11	58	0	-0.4	orig=-0.3R|orig.time=2:00PM|orig.date=1864-12-09
1864	12	9	18	58	0	-4.5	orig=-3.6R|orig.time=9:00PM|orig.date=1864-12-09
1864	12	10	4	58	0	-4.6	orig=-3.7R|orig.time=7:00AM|orig.date=1864-12-10
1864	12	10	9	58	0	-4.5	orig=-3.6R|orig.time=Noon|orig.date=1864-12-10
1864	12	10	11	58	0	-4.5	orig=-3.6R|orig.time=2:00PM|orig.date=1864-12-10
1864	12	10	18	58	0	-5.5	orig=-4.4R|orig.time=9:00PM|orig.date=1864-12-10
1864	12	11	4	58	0	-6.6	orig=-5.3R|orig.time=7:00AM|orig.date=1864-12-11
1864	12	11	9	58	0	-6.1	orig=-4.9R|orig.time=Noon|orig.date=1864-12-11
1864	12	11	11	58	0	-6.9	orig=-5.5R|orig.time=2:00PM|orig.date=1864-12-11
1864	12	11	18	58	0	-7.5	orig=-6R|orig.time=9:00PM|orig.date=1864-12-11
1864	12	12	4	58	0	-7.5	orig=-6R|orig.time=7:00AM|orig.date=1864-12-12
1864	12	12	9	58	0	-6.5	orig=-5.2R|orig.time=Noon|orig.date=1864-12-12
1864	12	12	11	58	0	-7.8	orig=-6.2R|orig.time=2:00PM|orig.date=1864-12-12
1864	12	12	18	58	0	-11.1	orig=-8.9R|orig.time=9:00PM|orig.date=1864-12-12
1864	12	13	4	58	0	-13.2	orig=-10.6R|orig.time=7:00AM|orig.date=1864-12-13
1864	12	13	9	58	0	-11.9	orig=-9.5R|orig.time=Noon|orig.date=1864-12-13
1864	12	13	11	58	0	-12.1	orig=-9.7R|orig.time=2:00PM|orig.date=1864-12-13
1864	12	13	18	58	0	-13.8	orig=-11R|orig.time=9:00PM|orig.date=1864-12-13
1864	12	14	4	58	0	-15.5	orig=-12.4R|orig.time=7:00AM|orig.date=1864-12-14
1864	12	14	9	58	0	-13.4	orig=-10.7R|orig.time=Noon|orig.date=1864-12-14
1864	12	14	11	58	0	-13.1	orig=-10.5R|orig.time=2:00PM|orig.date=1864-12-14
1864	12	14	18	58	0	-12	orig=-9.6R|orig.time=9:00PM|orig.date=1864-12-14
1864	12	15	4	58	0	-8.8	orig=-7R|orig.time=7:00AM|orig.date=1864-12-15
1864	12	15	9	58	0	-8.6	orig=-6.9R|orig.time=Noon|orig.date=1864-12-15
1864	12	15	11	58	0	-9.5	orig=-7.6R|orig.time=2:00PM|orig.date=1864-12-15
1864	12	15	18	58	0	-10.5	orig=-8.4R|orig.time=9:00PM|orig.date=1864-12-15
1864	12	16	4	58	0	-9.4	orig=-7.5R|orig.time=7:00AM|orig.date=1864-12-16
1864	12	16	9	58	0	-6.5	orig=-5.2R|orig.time=Noon|orig.date=1864-12-16
1864	12	16	11	58	0	-6.9	orig=-5.5R|orig.time=2:00PM|orig.date=1864-12-16
1864	12	16	18	58	0	-9.9	orig=-7.9R|orig.time=9:00PM|orig.date=1864-12-16
1864	12	17	4	58	0	-10.4	orig=-8.3R|orig.time=7:00AM|orig.date=1864-12-17
1864	12	17	9	58	0	-9.4	orig=-7.5R|orig.time=Noon|orig.date=1864-12-17
1864	12	17	11	58	0	-10.4	orig=-8.3R|orig.time=2:00PM|orig.date=1864-12-17
1864	12	17	18	58	0	-10.1	orig=-8.1R|orig.time=9:00PM|orig.date=1864-12-17
1864	12	18	4	58	0	-9.2	orig=-7.4R|orig.time=7:00AM|orig.date=1864-12-18
1864	12	18	9	58	0	-12	orig=-9.6R|orig.time=Noon|orig.date=1864-12-18
1864	12	18	11	58	0	-11.1	orig=-8.9R|orig.time=2:00PM|orig.date=1864-12-18
1864	12	18	18	58	0	-10.4	orig=-8.3R|orig.time=9:00PM|orig.date=1864-12-18
1864	12	19	4	58	0	-13	orig=-10.4R|orig.time=7:00AM|orig.date=1864-12-19
1864	12	19	9	58	0	-14.9	orig=-11.9R|orig.time=Noon|orig.date=1864-12-19
1864	12	19	11	58	0	-14.1	orig=-11.3R|orig.time=2:00PM|orig.date=1864-12-19
1864	12	19	18	58	0	-15.4	orig=-12.3R|orig.time=9:00PM|orig.date=1864-12-19
1864	12	20	4	58	0	-15.2	orig=-12.2R|orig.time=7:00AM|orig.date=1864-12-20
1864	12	20	9	58	0	-11.5	orig=-9.2R|orig.time=Noon|orig.date=1864-12-20
1864	12	20	11	58	0	-11.6	orig=-9.3R|orig.time=2:00PM|orig.date=1864-12-20
1864	12	20	18	58	0	-12.8	orig=-10.2R|orig.time=9:00PM|orig.date=1864-12-20
1864	12	21	4	58	0	-12	orig=-9.6R|orig.time=7:00AM|orig.date=1864-12-21
1864	12	21	9	58	0	-9.2	orig=-7.4R|orig.time=Noon|orig.date=1864-12-21
1864	12	21	11	58	0	-9.8	orig=-7.8R|orig.time=2:00PM|orig.date=1864-12-21
1864	12	21	18	58	0	-10.8	orig=-8.6R|orig.time=9:00PM|orig.date=1864-12-21
1864	12	22	4	58	0	-10.9	orig=-8.7R|orig.time=7:00AM|orig.date=1864-12-22
1864	12	22	9	58	0	-11	orig=-8.8R|orig.time=Noon|orig.date=1864-12-22
1864	12	22	11	58	0	-11.1	orig=-8.9R|orig.time=2:00PM|orig.date=1864-12-22
1864	12	22	18	58	0	-12.8	orig=-10.2R|orig.time=9:00PM|orig.date=1864-12-22
1864	12	23	4	58	0	-14.1	orig=-11.3R|orig.time=7:00AM|orig.date=1864-12-23
1864	12	23	9	58	0	-13.4	orig=-10.7R|orig.time=Noon|orig.date=1864-12-23
1864	12	23	11	58	0	-14.5	orig=-11.6R|orig.time=2:00PM|orig.date=1864-12-23
1864	12	23	18	58	0	-13.5	orig=-10.8R|orig.time=9:00PM|orig.date=1864-12-23
1864	12	24	4	58	0	-9.9	orig=-7.9R|orig.time=7:00AM|orig.date=1864-12-24
1864	12	24	9	58	0	-7.9	orig=-6.3R|orig.time=Noon|orig.date=1864-12-24
1864	12	24	11	58	0	-7.9	orig=-6.3R|orig.time=2:00PM|orig.date=1864-12-24
1864	12	24	18	58	0	-7.9	orig=-6.3R|orig.time=9:00PM|orig.date=1864-12-24
1864	12	25	4	58	0	-7.5	orig=-6R|orig.time=7:00AM|orig.date=1864-12-25
1864	12	25	9	58	0	-5.5	orig=-4.4R|orig.time=Noon|orig.date=1864-12-25
1864	12	25	11	58	0	-5	orig=-4R|orig.time=2:00PM|orig.date=1864-12-25
1864	12	25	18	58	0	-5.6	orig=-4.5R|orig.time=9:00PM|orig.date=1864-12-25
1864	12	26	4	58	0	-5.4	orig=-4.3R|orig.time=7:00AM|orig.date=1864-12-26
1864	12	26	9	58	0	-3.6	orig=-2.9R|orig.time=Noon|orig.date=1864-12-26
1864	12	26	11	58	0	-5.1	orig=-4.1R|orig.time=2:00PM|orig.date=1864-12-26
1864	12	26	18	58	0	-4.9	orig=-3.9R|orig.time=9:00PM|orig.date=1864-12-26
1864	12	27	4	58	0	-4.2	orig=-3.4R|orig.time=7:00AM|orig.date=1864-12-27
1864	12	27	9	58	0	-2.5	orig=-2R|orig.time=Noon|orig.date=1864-12-27
1864	12	27	11	58	0	-2.1	orig=-1.7R|orig.time=2:00PM|orig.date=1864-12-27
1864	12	27	18	58	0	-4	orig=-3.2R|orig.time=9:00PM|orig.date=1864-12-27
1864	12	28	4	58	0	-4.2	orig=-3.4R|orig.time=7:00AM|orig.date=1864-12-28
1864	12	28	9	58	0	-5.2	orig=-4.2R|orig.time=Noon|orig.date=1864-12-28
1864	12	28	11	58	0	-4.4	orig=-3.5R|orig.time=2:00PM|orig.date=1864-12-28
1864	12	28	18	58	0	-3.5	orig=-2.8R|orig.time=9:00PM|orig.date=1864-12-28
1864	12	29	4	58	0	-5.2	orig=-4.2R|orig.time=7:00AM|orig.date=1864-12-29
1864	12	29	9	58	0	-2.9	orig=-2.3R|orig.time=Noon|orig.date=1864-12-29
1864	12	29	11	58	0	-0.9	orig=-0.7R|orig.time=2:00PM|orig.date=1864-12-29
1864	12	29	18	58	0	-3.8	orig=-3R|orig.time=9:00PM|orig.date=1864-12-29
1864	12	30	4	58	0	-8.4	orig=-6.7R|orig.time=7:00AM|orig.date=1864-12-30
1864	12	30	9	58	0	-4.5	orig=-3.6R|orig.time=Noon|orig.date=1864-12-30
1864	12	30	11	58	0	-3.9	orig=-3.1R|orig.time=2:00PM|orig.date=1864-12-30
1864	12	30	18	58	0	-7.6	orig=-6.1R|orig.time=9:00PM|orig.date=1864-12-30
1864	12	31	4	58	0	-10.8	orig=-8.6R|orig.time=7:00AM|orig.date=1864-12-31
1864	12	31	9	58	0	-6.8	orig=-5.4R|orig.time=Noon|orig.date=1864-12-31
1864	12	31	11	58	0	-6.4	orig=-5.1R|orig.time=2:00PM|orig.date=1864-12-31
1864	12	31	18	58	0	-12.2	orig=-9.8R|orig.time=9:00PM|orig.date=1864-12-31
1865	1	1	4	58	0	-11	orig=-8.8R|orig.time=7:00AM|orig.date=1865-01-01
1865	1	1	9	58	0	-8.1	orig=-6.5R|orig.time=Noon|orig.date=1865-01-01
1865	1	1	11	58	0	-7	orig=-5.6R|orig.time=2:00PM|orig.date=1865-01-01
1865	1	1	18	58	0	-9.6	orig=-7.7R|orig.time=9:00PM|orig.date=1865-01-01
1865	1	2	4	58	0	-8.5	orig=-6.8R|orig.time=7:00AM|orig.date=1865-01-02
1865	1	2	9	58	0	-7.6	orig=-6.1R|orig.time=Noon|orig.date=1865-01-02
1865	1	2	11	58	0	-7.4	orig=-5.9R|orig.time=2:00PM|orig.date=1865-01-02
1865	1	2	18	58	0	-9	orig=-7.2R|orig.time=9:00PM|orig.date=1865-01-02
1865	1	3	4	58	0	-10.2	orig=-8.2R|orig.time=7:00AM|orig.date=1865-01-03
1865	1	3	9	58	0	-9	orig=-7.2R|orig.time=Noon|orig.date=1865-01-03
1865	1	3	11	58	0	-9.6	orig=-7.7R|orig.time=2:00PM|orig.date=1865-01-03
1865	1	3	18	58	0	-11.2	orig=-9R|orig.time=9:00PM|orig.date=1865-01-03
1865	1	4	4	58	0	-12.5	orig=-10R|orig.time=7:00AM|orig.date=1865-01-04
1865	1	4	9	58	0	-9.4	orig=-7.5R|orig.time=Noon|orig.date=1865-01-04
1865	1	4	11	58	0	-7.9	orig=-6.3R|orig.time=2:00PM|orig.date=1865-01-04
1865	1	4	18	58	0	-6.1	orig=-4.9R|orig.time=9:00PM|orig.date=1865-01-04
1865	1	5	4	58	0	-9.5	orig=-7.6R|orig.time=7:00AM|orig.date=1865-01-05
1865	1	5	9	58	0	-9.6	orig=-7.7R|orig.time=Noon|orig.date=1865-01-05
1865	1	5	11	58	0	-7.5	orig=-6R|orig.time=2:00PM|orig.date=1865-01-05
1865	1	5	18	58	0	-3	orig=-2.4R|orig.time=9:00PM|orig.date=1865-01-05
1865	1	6	4	58	0	-1.1	orig=-0.9R|orig.time=7:00AM|orig.date=1865-01-06
1865	1	6	9	58	0	0.8	orig=0.6R|orig.time=Noon|orig.date=1865-01-06
1865	1	6	11	58	0	0.9	orig=0.7R|orig.time=2:00PM|orig.date=1865-01-06
1865	1	6	18	58	0	-1.1	orig=-0.9R|orig.time=9:00PM|orig.date=1865-01-06
1865	1	7	4	58	0	0.1	orig=0.1R|orig.time=7:00AM|orig.date=1865-01-07
1865	1	7	9	58	0	1	orig=0.8R|orig.time=Noon|orig.date=1865-01-07
1865	1	7	11	58	0	1	orig=0.8R|orig.time=2:00PM|orig.date=1865-01-07
1865	1	7	18	58	0	-4.2	orig=-3.4R|orig.time=9:00PM|orig.date=1865-01-07
1865	1	8	4	58	0	-7.4	orig=-5.9R|orig.time=7:00AM|orig.date=1865-01-08
1865	1	8	9	58	0	-1.4	orig=-1.1R|orig.time=Noon|orig.date=1865-01-08
1865	1	8	11	58	0	1	orig=0.8R|orig.time=2:00PM|orig.date=1865-01-08
1865	1	8	18	58	0	-4.8	orig=-3.8R|orig.time=9:00PM|orig.date=1865-01-08
1865	1	9	4	58	0	-2.9	orig=-2.3R|orig.time=7:00AM|orig.date=1865-01-09
1865	1	9	9	58	0	0.9	orig=0.7R|orig.time=Noon|orig.date=1865-01-09
1865	1	9	11	58	0	1.6	orig=1.3R|orig.time=2:00PM|orig.date=1865-01-09
1865	1	9	18	58	0	-1	orig=-0.8R|orig.time=9:00PM|orig.date=1865-01-09
1865	1	10	4	58	0	-5.2	orig=-4.2R|orig.time=7:00AM|orig.date=1865-01-10
1865	1	10	9	58	0	1.4	orig=1.1R|orig.time=Noon|orig.date=1865-01-10
1865	1	10	11	58	0	3	orig=2.4R|orig.time=2:00PM|orig.date=1865-01-10
1865	1	10	18	58	0	1	orig=0.8R|orig.time=9:00PM|orig.date=1865-01-10
1865	1	11	4	58	0	1.2	orig=1R|orig.time=7:00AM|orig.date=1865-01-11
1865	1	11	9	58	0	3.1	orig=2.5R|orig.time=Noon|orig.date=1865-01-11
1865	1	11	11	58	0	3.2	orig=2.6R|orig.time=2:00PM|orig.date=1865-01-11
1865	1	11	18	58	0	1.4	orig=1.1R|orig.time=9:00PM|orig.date=1865-01-11
1865	1	12	4	58	0	1.6	orig=1.3R|orig.time=7:00AM|orig.date=1865-01-12
1865	1	12	9	58	0	2.2	orig=1.8R|orig.time=Noon|orig.date=1865-01-12
1865	1	12	11	58	0	2.5	orig=2R|orig.time=2:00PM|orig.date=1865-01-12
1865	1	12	18	58	0	0.9	orig=0.7R|orig.time=9:00PM|orig.date=1865-01-12
1865	1	13	4	58	0	-1.6	orig=-1.3R|orig.time=7:00AM|orig.date=1865-01-13
1865	1	13	9	58	0	-2.1	orig=-1.7R|orig.time=Noon|orig.date=1865-01-13
1865	1	13	11	58	0	-2	orig=-1.6R|orig.time=2:00PM|orig.date=1865-01-13
1865	1	13	18	58	0	-3.8	orig=-3R|orig.time=9:00PM|orig.date=1865-01-13
1865	1	14	4	58	0	-1.5	orig=-1.2R|orig.time=7:00AM|orig.date=1865-01-14
1865	1	14	9	58	0	-2.4	orig=-1.9R|orig.time=Noon|orig.date=1865-01-14
1865	1	14	11	58	0	-2.5	orig=-2R|orig.time=2:00PM|orig.date=1865-01-14
1865	1	14	18	58	0	-3.6	orig=-2.9R|orig.time=9:00PM|orig.date=1865-01-14
1865	1	15	4	58	0	-4.9	orig=-3.9R|orig.time=7:00AM|orig.date=1865-01-15
1865	1	15	9	58	0	-1.1	orig=-0.9R|orig.time=Noon|orig.date=1865-01-15
1865	1	15	11	58	0	-0.4	orig=-0.3R|orig.time=2:00PM|orig.date=1865-01-15
1865	1	15	18	58	0	0.5	orig=0.4R|orig.time=9:00PM|orig.date=1865-01-15
1865	1	16	4	58	0	-0.5	orig=-0.4R|orig.time=7:00AM|orig.date=1865-01-16
1865	1	16	9	58	0	0.6	orig=0.5R|orig.time=Noon|orig.date=1865-01-16
1865	1	16	11	58	0	0.5	orig=0.4R|orig.time=2:00PM|orig.date=1865-01-16
1865	1	16	18	58	0	-1.1	orig=-0.9R|orig.time=9:00PM|orig.date=1865-01-16
1865	1	17	4	58	0	-0.2	orig=-0.2R|orig.time=7:00AM|orig.date=1865-01-17
1865	1	17	9	58	0	2.2	orig=1.8R|orig.time=Noon|orig.date=1865-01-17
1865	1	17	11	58	0	2.9	orig=2.3R|orig.time=2:00PM|orig.date=1865-01-17
1865	1	17	18	58	0	2.2	orig=1.8R|orig.time=9:00PM|orig.date=1865-01-17
1865	1	18	4	58	0	-0.1	orig=-0.1R|orig.time=7:00AM|orig.date=1865-01-18
1865	1	18	9	58	0	0.8	orig=0.6R|orig.time=Noon|orig.date=1865-01-18
1865	1	18	11	58	0	0.6	orig=0.5R|orig.time=2:00PM|orig.date=1865-01-18
1865	1	18	18	58	0	2.4	orig=1.9R|orig.time=9:00PM|orig.date=1865-01-18
1865	1	19	4	58	0	1.4	orig=1.1R|orig.time=7:00AM|orig.date=1865-01-19
1865	1	19	9	58	0	0.9	orig=0.7R|orig.time=Noon|orig.date=1865-01-19
1865	1	19	11	58	0	0.9	orig=0.7R|orig.time=2:00PM|orig.date=1865-01-19
1865	1	19	18	58	0	0.9	orig=0.7R|orig.time=9:00PM|orig.date=1865-01-19
1865	1	20	4	58	0	-0.4	orig=-0.3R|orig.time=7:00AM|orig.date=1865-01-20
1865	1	20	9	58	0	-0.1	orig=-0.1R|orig.time=Noon|orig.date=1865-01-20
1865	1	20	11	58	0	-0.5	orig=-0.4R|orig.time=2:00PM|orig.date=1865-01-20
1865	1	20	18	58	0	-3.8	orig=-3R|orig.time=9:00PM|orig.date=1865-01-20
1865	1	21	4	58	0	-7.1	orig=-5.7R|orig.time=7:00AM|orig.date=1865-01-21
1865	1	21	11	58	0	-2.6	orig=-2.1R|orig.time=2:00PM|orig.date=1865-01-21
1865	1	21	18	58	0	-2.4	orig=-1.9R|orig.time=9:00PM|orig.date=1865-01-21
1865	1	22	4	58	0	-5.9	orig=-4.7R|orig.time=7:00AM|orig.date=1865-01-22
1865	1	22	9	58	0	-3.4	orig=-2.7R|orig.time=Noon|orig.date=1865-01-22
1865	1	22	11	58	0	-2.2	orig=-1.8R|orig.time=2:00PM|orig.date=1865-01-22
1865	1	22	18	58	0	-7.1	orig=-5.7R|orig.time=9:00PM|orig.date=1865-01-22
1865	1	23	4	58	0	-5.2	orig=-4.2R|orig.time=7:00AM|orig.date=1865-01-23
1865	1	23	9	58	0	-1.8	orig=-1.4R|orig.time=Noon|orig.date=1865-01-23
1865	1	23	11	58	0	-2.9	orig=-2.3R|orig.time=2:00PM|orig.date=1865-01-23
1865	1	23	18	58	0	-5.6	orig=-4.5R|orig.time=9:00PM|orig.date=1865-01-23
1865	1	24	4	58	0	-6	orig=-4.8R|orig.time=7:00AM|orig.date=1865-01-24
1865	1	24	9	58	0	-5	orig=-4R|orig.time=Noon|orig.date=1865-01-24
1865	1	24	11	58	0	-5	orig=-4R|orig.time=2:00PM|orig.date=1865-01-24
1865	1	24	18	58	0	-5.8	orig=-4.6R|orig.time=9:00PM|orig.date=1865-01-24
1865	1	25	4	58	0	-8.1	orig=-6.5R|orig.time=7:00AM|orig.date=1865-01-25
1865	1	25	9	58	0	-6.6	orig=-5.3R|orig.time=Noon|orig.date=1865-01-25
1865	1	25	11	58	0	-6.1	orig=-4.9R|orig.time=2:00PM|orig.date=1865-01-25
1865	1	25	18	58	0	-7.8	orig=-6.2R|orig.time=9:00PM|orig.date=1865-01-25
1865	1	26	4	58	0	-8.8	orig=-7R|orig.time=7:00AM|orig.date=1865-01-26
1865	1	26	9	58	0	-5	orig=-4R|orig.time=Noon|orig.date=1865-01-26
1865	1	26	11	58	0	-4.1	orig=-3.3R|orig.time=2:00PM|orig.date=1865-01-26
1865	1	26	18	58	0	-5.5	orig=-4.4R|orig.time=9:00PM|orig.date=1865-01-26
1865	1	27	4	58	0	-5.5	orig=-4.4R|orig.time=7:00AM|orig.date=1865-01-27
1865	1	27	9	58	0	-3	orig=-2.4R|orig.time=Noon|orig.date=1865-01-27
1865	1	27	11	58	0	-3.5	orig=-2.8R|orig.time=2:00PM|orig.date=1865-01-27
1865	1	27	18	58	0	-5.2	orig=-4.2R|orig.time=9:00PM|orig.date=1865-01-27
1865	1	28	4	58	0	-5.9	orig=-4.7R|orig.time=7:00AM|orig.date=1865-01-28
1865	1	28	9	58	0	-5.6	orig=-4.5R|orig.time=Noon|orig.date=1865-01-28
1865	1	28	11	58	0	-3.9	orig=-3.1R|orig.time=2:00PM|orig.date=1865-01-28
1865	1	28	18	58	0	-3	orig=-2.4R|orig.time=9:00PM|orig.date=1865-01-28
1865	1	29	4	58	0	-2.8	orig=-2.2R|orig.time=7:00AM|orig.date=1865-01-29
1865	1	29	9	58	0	-2	orig=-1.6R|orig.time=Noon|orig.date=1865-01-29
1865	1	29	11	58	0	-1.2	orig=-1R|orig.time=2:00PM|orig.date=1865-01-29
1865	1	29	18	58	0	-1.8	orig=-1.4R|orig.time=9:00PM|orig.date=1865-01-29
1865	1	30	4	58	0	-7.4	orig=-5.9R|orig.time=7:00AM|orig.date=1865-01-30
1865	1	30	9	58	0	-3	orig=-2.4R|orig.time=Noon|orig.date=1865-01-30
1865	1	30	11	58	0	-1.6	orig=-1.3R|orig.time=2:00PM|orig.date=1865-01-30
1865	1	30	18	58	0	-5.8	orig=-4.6R|orig.time=9:00PM|orig.date=1865-01-30
1865	1	31	4	58	0	-8.2	orig=-6.6R|orig.time=7:00AM|orig.date=1865-01-31
1865	1	31	9	58	0	-3.8	orig=-3R|orig.time=Noon|orig.date=1865-01-31
1865	1	31	11	58	0	-2.4	orig=-1.9R|orig.time=2:00PM|orig.date=1865-01-31
1865	1	31	18	58	0	-6	orig=-4.8R|orig.time=9:00PM|orig.date=1865-01-31
1865	2	1	4	58	0	-11.1	orig=-8.9R|orig.time=7:00AM|orig.date=1865-02-01
1865	2	1	9	58	0	-6	orig=-4.8R|orig.time=Noon|orig.date=1865-02-01
1865	2	1	11	58	0	-5.4	orig=-4.3R|orig.time=2:00PM|orig.date=1865-02-01
1865	2	1	18	58	0	-4.6	orig=-3.7R|orig.time=9:00PM|orig.date=1865-02-01
1865	2	2	4	58	0	-6.6	orig=-5.3R|orig.time=7:00AM|orig.date=1865-02-02
1865	2	2	9	58	0	-4.6	orig=-3.7R|orig.time=Noon|orig.date=1865-02-02
1865	2	2	11	58	0	-3.2	orig=-2.6R|orig.time=2:00PM|orig.date=1865-02-02
1865	2	2	18	58	0	-5.6	orig=-4.5R|orig.time=9:00PM|orig.date=1865-02-02
1865	2	3	4	58	0	-7.4	orig=-5.9R|orig.time=7:00AM|orig.date=1865-02-03
1865	2	3	9	58	0	-4.9	orig=-3.9R|orig.time=Noon|orig.date=1865-02-03
1865	2	3	11	58	0	-5.5	orig=-4.4R|orig.time=2:00PM|orig.date=1865-02-03
1865	2	3	18	58	0	-8.4	orig=-6.7R|orig.time=9:00PM|orig.date=1865-02-03
1865	2	4	4	58	0	-10.2	orig=-8.2R|orig.time=7:00AM|orig.date=1865-02-04
1865	2	4	9	58	0	-8.6	orig=-6.9R|orig.time=Noon|orig.date=1865-02-04
1865	2	4	11	58	0	-7.2	orig=-5.8R|orig.time=2:00PM|orig.date=1865-02-04
1865	2	4	18	58	0	-10.8	orig=-8.6R|orig.time=9:00PM|orig.date=1865-02-04
1865	2	5	4	58	0	-13.8	orig=-11R|orig.time=7:00AM|orig.date=1865-02-05
1865	2	5	9	58	0	-8.1	orig=-6.5R|orig.time=Noon|orig.date=1865-02-05
1865	2	5	11	58	0	-8	orig=-6.4R|orig.time=2:00PM|orig.date=1865-02-05
1865	2	5	18	58	0	-10.5	orig=-8.4R|orig.time=9:00PM|orig.date=1865-02-05
1865	2	6	4	58	0	-21.5	orig=-17.2R|orig.time=7:00AM|orig.date=1865-02-06
1865	2	6	9	58	0	-17.6	orig=-14.1R|orig.time=Noon|orig.date=1865-02-06
1865	2	6	11	58	0	-17.1	orig=-13.7R|orig.time=2:00PM|orig.date=1865-02-06
1865	2	6	18	58	0	-20.2	orig=-16.2R|orig.time=9:00PM|orig.date=1865-02-06
1865	2	7	4	58	0	-22	orig=-17.6R|orig.time=7:00AM|orig.date=1865-02-07
1865	2	7	9	58	0	-14.9	orig=-11.9R|orig.time=Noon|orig.date=1865-02-07
1865	2	7	11	58	0	-11	orig=-8.8R|orig.time=2:00PM|orig.date=1865-02-07
1865	2	7	18	58	0	-18.6	orig=-14.9R|orig.time=9:00PM|orig.date=1865-02-07
1865	2	8	4	58	0	-21	orig=-16.8R|orig.time=7:00AM|orig.date=1865-02-08
1865	2	8	9	58	0	-14.6	orig=-11.7R|orig.time=Noon|orig.date=1865-02-08
1865	2	8	11	58	0	-13.4	orig=-10.7R|orig.time=2:00PM|orig.date=1865-02-08
1865	2	8	18	58	0	-17.9	orig=-14.3R|orig.time=9:00PM|orig.date=1865-02-08
1865	2	9	4	58	0	-17.9	orig=-14.3R|orig.time=7:00AM|orig.date=1865-02-09
1865	2	9	9	58	0	-13.1	orig=-10.5R|orig.time=Noon|orig.date=1865-02-09
1865	2	9	11	58	0	-12.9	orig=-10.3R|orig.time=2:00PM|orig.date=1865-02-09
1865	2	9	18	58	0	-15.1	orig=-12.1R|orig.time=9:00PM|orig.date=1865-02-09
1865	2	10	4	58	0	-15.8	orig=-12.6R|orig.time=7:00AM|orig.date=1865-02-10
1865	2	10	9	58	0	-11.2	orig=-9R|orig.time=Noon|orig.date=1865-02-10
1865	2	10	11	58	0	-11.4	orig=-9.1R|orig.time=2:00PM|orig.date=1865-02-10
1865	2	10	18	58	0	-12.6	orig=-10.1R|orig.time=9:00PM|orig.date=1865-02-10
1865	2	11	4	58	0	-16.2	orig=-13R|orig.time=7:00AM|orig.date=1865-02-11
1865	2	11	9	58	0	-12.6	orig=-10.1R|orig.time=Noon|orig.date=1865-02-11
1865	2	11	11	58	0	-11.9	orig=-9.5R|orig.time=2:00PM|orig.date=1865-02-11
1865	2	11	18	58	0	-16.8	orig=-13.4R|orig.time=9:00PM|orig.date=1865-02-11
1865	2	12	4	58	0	-22.1	orig=-17.7R|orig.time=7:00AM|orig.date=1865-02-12
1865	2	12	9	58	0	-17.8	orig=-14.2R|orig.time=Noon|orig.date=1865-02-12
1865	2	12	11	58	0	-16.6	orig=-13.3R|orig.time=2:00PM|orig.date=1865-02-12
1865	2	12	18	58	0	-20.6	orig=-16.5R|orig.time=9:00PM|orig.date=1865-02-12
1865	2	13	4	58	0	-24.4	orig=-19.5R|orig.time=7:00AM|orig.date=1865-02-13
1865	2	13	9	58	0	-16.9	orig=-13.5R|orig.time=Noon|orig.date=1865-02-13
1865	2	13	11	58	0	-14.8	orig=-11.8R|orig.time=2:00PM|orig.date=1865-02-13
1865	2	13	18	58	0	-19.2	orig=-15.4R|orig.time=9:00PM|orig.date=1865-02-13
1865	2	14	4	58	0	-21.9	orig=-17.5R|orig.time=7:00AM|orig.date=1865-02-14
1865	2	14	9	58	0	-13.4	orig=-10.7R|orig.time=Noon|orig.date=1865-02-14
1865	2	14	11	58	0	-10.8	orig=-8.6R|orig.time=2:00PM|orig.date=1865-02-14
1865	2	14	18	58	0	-16.2	orig=-13R|orig.time=9:00PM|orig.date=1865-02-14
1865	2	15	4	58	0	-16.5	orig=-13.2R|orig.time=7:00AM|orig.date=1865-02-15
1865	2	15	9	58	0	-8.1	orig=-6.5R|orig.time=Noon|orig.date=1865-02-15
1865	2	15	11	58	0	-5.8	orig=-4.6R|orig.time=2:00PM|orig.date=1865-02-15
1865	2	15	18	58	0	-10.4	orig=-8.3R|orig.time=9:00PM|orig.date=1865-02-15
1865	2	16	4	58	0	-10	orig=-8R|orig.time=7:00AM|orig.date=1865-02-16
1865	2	16	9	58	0	-7.8	orig=-6.2R|orig.time=Noon|orig.date=1865-02-16
1865	2	16	11	58	0	-6.5	orig=-5.2R|orig.time=2:00PM|orig.date=1865-02-16
1865	2	16	18	58	0	-11.9	orig=-9.5R|orig.time=9:00PM|orig.date=1865-02-16
1865	2	17	4	58	0	-14.9	orig=-11.9R|orig.time=7:00AM|orig.date=1865-02-17
1865	2	17	9	58	0	-6.2	orig=-5R|orig.time=Noon|orig.date=1865-02-17
1865	2	17	11	58	0	-5.5	orig=-4.4R|orig.time=2:00PM|orig.date=1865-02-17
1865	2	17	18	58	0	-5.8	orig=-4.6R|orig.time=9:00PM|orig.date=1865-02-17
1865	2	18	4	58	0	-4.9	orig=-3.9R|orig.time=7:00AM|orig.date=1865-02-18
1865	2	18	9	58	0	-2	orig=-1.6R|orig.time=Noon|orig.date=1865-02-18
1865	2	18	11	58	0	-1	orig=-0.8R|orig.time=2:00PM|orig.date=1865-02-18
1865	2	18	18	58	0	-2.9	orig=-2.3R|orig.time=9:00PM|orig.date=1865-02-18
1865	2	19	4	58	0	-4.2	orig=-3.4R|orig.time=7:00AM|orig.date=1865-02-19
1865	2	19	9	58	0	-2.2	orig=-1.8R|orig.time=Noon|orig.date=1865-02-19
1865	2	19	11	58	0	-1.2	orig=-1R|orig.time=2:00PM|orig.date=1865-02-19
1865	2	19	18	58	0	-6.8	orig=-5.4R|orig.time=9:00PM|orig.date=1865-02-19
1865	2	20	4	58	0	-8.2	orig=-6.6R|orig.time=7:00AM|orig.date=1865-02-20
1865	2	20	9	58	0	-4.5	orig=-3.6R|orig.time=Noon|orig.date=1865-02-20
1865	2	20	11	58	0	-4	orig=-3.2R|orig.time=2:00PM|orig.date=1865-02-20
1865	2	20	18	58	0	-4.2	orig=-3.4R|orig.time=9:00PM|orig.date=1865-02-20
1865	2	21	4	58	0	-4.1	orig=-3.3R|orig.time=7:00AM|orig.date=1865-02-21
1865	2	21	9	58	0	-1.6	orig=-1.3R|orig.time=Noon|orig.date=1865-02-21
1865	2	21	11	58	0	-1.9	orig=-1.5R|orig.time=2:00PM|orig.date=1865-02-21
1865	2	21	18	58	0	-2.9	orig=-2.3R|orig.time=9:00PM|orig.date=1865-02-21
1865	2	22	4	58	0	-3	orig=-2.4R|orig.time=7:00AM|orig.date=1865-02-22
1865	2	22	9	58	0	-0.2	orig=-0.2R|orig.time=Noon|orig.date=1865-02-22
1865	2	22	11	58	0	-0.8	orig=-0.6R|orig.time=2:00PM|orig.date=1865-02-22
1865	2	22	18	58	0	-3.2	orig=-2.6R|orig.time=9:00PM|orig.date=1865-02-22
1865	2	23	4	58	0	-2.8	orig=-2.2R|orig.time=7:00AM|orig.date=1865-02-23
1865	2	23	9	58	0	-0.2	orig=-0.2R|orig.time=Noon|orig.date=1865-02-23
1865	2	23	11	58	0	-0.6	orig=-0.5R|orig.time=2:00PM|orig.date=1865-02-23
1865	2	23	18	58	0	-2.1	orig=-1.7R|orig.time=9:00PM|orig.date=1865-02-23
1865	2	24	4	58	0	-4.5	orig=-3.6R|orig.time=7:00AM|orig.date=1865-02-24
1865	2	24	9	58	0	-4.8	orig=-3.8R|orig.time=Noon|orig.date=1865-02-24
1865	2	24	11	58	0	-4.5	orig=-3.6R|orig.time=2:00PM|orig.date=1865-02-24
1865	2	24	18	58	0	-7.2	orig=-5.8R|orig.time=9:00PM|orig.date=1865-02-24
1865	2	25	4	58	0	-8.4	orig=-6.7R|orig.time=7:00AM|orig.date=1865-02-25
1865	2	25	9	58	0	-6.1	orig=-4.9R|orig.time=Noon|orig.date=1865-02-25
1865	2	25	11	58	0	-6.4	orig=-5.1R|orig.time=2:00PM|orig.date=1865-02-25
1865	2	25	18	58	0	-6.5	orig=-5.2R|orig.time=9:00PM|orig.date=1865-02-25
1865	2	26	4	58	0	-6	orig=-4.8R|orig.time=7:00AM|orig.date=1865-02-26
1865	2	26	9	58	0	-3.8	orig=-3R|orig.time=Noon|orig.date=1865-02-26
1865	2	26	11	58	0	-2.6	orig=-2.1R|orig.time=2:00PM|orig.date=1865-02-26
1865	2	26	18	58	0	-4	orig=-3.2R|orig.time=9:00PM|orig.date=1865-02-26
1865	2	27	4	58	0	-3.8	orig=-3R|orig.time=7:00AM|orig.date=1865-02-27
1865	2	27	9	58	0	-0.2	orig=-0.2R|orig.time=Noon|orig.date=1865-02-27
1865	2	27	11	58	0	0.8	orig=0.6R|orig.time=2:00PM|orig.date=1865-02-27
1865	2	27	18	58	0	-2.8	orig=-2.2R|orig.time=9:00PM|orig.date=1865-02-27
1865	2	28	4	58	0	-4.2	orig=-3.4R|orig.time=7:00AM|orig.date=1865-02-28
1865	2	28	9	58	0	-0.1	orig=-0.1R|orig.time=Noon|orig.date=1865-02-28
1865	2	28	11	58	0	0.4	orig=0.3R|orig.time=2:00PM|orig.date=1865-02-28
1865	2	28	18	58	0	-2.9	orig=-2.3R|orig.time=9:00PM|orig.date=1865-02-28
1865	3	1	4	58	0	-2.5	orig=-2R|orig.time=7:00AM|orig.date=1865-03-01
1865	3	1	9	58	0	3	orig=2.4R|orig.time=Noon|orig.date=1865-03-01
1865	3	1	11	58	0	2.2	orig=1.8R|orig.time=2:00PM|orig.date=1865-03-01
1865	3	1	18	58	0	-2.8	orig=-2.2R|orig.time=9:00PM|orig.date=1865-03-01
1865	3	2	4	58	0	-4.9	orig=-3.9R|orig.time=7:00AM|orig.date=1865-03-02
1865	3	2	9	58	0	-1.2	orig=-1R|orig.time=Noon|orig.date=1865-03-02
1865	3	2	11	58	0	-0.5	orig=-0.4R|orig.time=2:00PM|orig.date=1865-03-02
1865	3	2	18	58	0	-3.5	orig=-2.8R|orig.time=9:00PM|orig.date=1865-03-02
1865	3	3	4	58	0	-3	orig=-2.4R|orig.time=7:00AM|orig.date=1865-03-03
1865	3	3	9	58	0	-0.1	orig=-0.1R|orig.time=Noon|orig.date=1865-03-03
1865	3	3	11	58	0	0	orig=0R|orig.time=2:00PM|orig.date=1865-03-03
1865	3	3	18	58	0	-6	orig=-4.8R|orig.time=9:00PM|orig.date=1865-03-03
1865	3	4	4	58	0	-8.4	orig=-6.7R|orig.time=7:00AM|orig.date=1865-03-04
1865	3	4	9	58	0	-2.5	orig=-2R|orig.time=Noon|orig.date=1865-03-04
1865	3	4	11	58	0	-2.1	orig=-1.7R|orig.time=2:00PM|orig.date=1865-03-04
1865	3	4	18	58	0	-5.6	orig=-4.5R|orig.time=9:00PM|orig.date=1865-03-04
1865	3	5	4	58	0	-5.8	orig=-4.6R|orig.time=7:00AM|orig.date=1865-03-05
1865	3	5	9	58	0	-0.1	orig=-0.1R|orig.time=Noon|orig.date=1865-03-05
1865	3	5	11	58	0	-0.4	orig=-0.3R|orig.time=2:00PM|orig.date=1865-03-05
1865	3	5	18	58	0	-4.5	orig=-3.6R|orig.time=9:00PM|orig.date=1865-03-05
1865	3	6	4	58	0	-5.6	orig=-4.5R|orig.time=7:00AM|orig.date=1865-03-06
1865	3	6	9	58	0	-3.8	orig=-3R|orig.time=Noon|orig.date=1865-03-06
1865	3	6	11	58	0	-4.4	orig=-3.5R|orig.time=2:00PM|orig.date=1865-03-06
1865	3	6	18	58	0	-5.5	orig=-4.4R|orig.time=9:00PM|orig.date=1865-03-06
1865	3	7	4	58	0	-5.2	orig=-4.2R|orig.time=7:00AM|orig.date=1865-03-07
1865	3	7	9	58	0	-1.4	orig=-1.1R|orig.time=Noon|orig.date=1865-03-07
1865	3	7	11	58	0	-2.6	orig=-2.1R|orig.time=2:00PM|orig.date=1865-03-07
1865	3	7	18	58	0	-4.2	orig=-3.4R|orig.time=9:00PM|orig.date=1865-03-07
1865	3	8	4	58	0	-5.2	orig=-4.2R|orig.time=7:00AM|orig.date=1865-03-08
1865	3	8	9	58	0	-2.9	orig=-2.3R|orig.time=Noon|orig.date=1865-03-08
1865	3	8	11	58	0	-2	orig=-1.6R|orig.time=2:00PM|orig.date=1865-03-08
1865	3	8	18	58	0	-5	orig=-4R|orig.time=9:00PM|orig.date=1865-03-08
1865	3	9	4	58	0	-2.8	orig=-2.2R|orig.time=7:00AM|orig.date=1865-03-09
1865	3	9	9	58	0	-1.8	orig=-1.4R|orig.time=Noon|orig.date=1865-03-09
1865	3	9	11	58	0	-1.2	orig=-1R|orig.time=2:00PM|orig.date=1865-03-09
1865	3	9	18	58	0	-1.6	orig=-1.3R|orig.time=9:00PM|orig.date=1865-03-09
1865	3	10	4	58	0	-6.5	orig=-5.2R|orig.time=7:00AM|orig.date=1865-03-10
1865	3	10	9	58	0	-2.2	orig=-1.8R|orig.time=Noon|orig.date=1865-03-10
1865	3	10	11	58	0	-1.5	orig=-1.2R|orig.time=2:00PM|orig.date=1865-03-10
1865	3	10	18	58	0	-5	orig=-4R|orig.time=9:00PM|orig.date=1865-03-10
1865	3	11	4	58	0	-8.5	orig=-6.8R|orig.time=7:00AM|orig.date=1865-03-11
1865	3	11	9	58	0	-6.6	orig=-5.3R|orig.time=Noon|orig.date=1865-03-11
1865	3	11	11	58	0	-4	orig=-3.2R|orig.time=2:00PM|orig.date=1865-03-11
1865	3	11	18	58	0	-2.8	orig=-2.2R|orig.time=9:00PM|orig.date=1865-03-11
1865	3	12	4	58	0	-3.2	orig=-2.6R|orig.time=7:00AM|orig.date=1865-03-12
1865	3	12	9	58	0	-1.2	orig=-1R|orig.time=Noon|orig.date=1865-03-12
1865	3	12	11	58	0	-2.2	orig=-1.8R|orig.time=2:00PM|orig.date=1865-03-12
1865	3	12	18	58	0	-2.9	orig=-2.3R|orig.time=9:00PM|orig.date=1865-03-12
1865	3	13	4	58	0	-4.2	orig=-3.4R|orig.time=7:00AM|orig.date=1865-03-13
1865	3	13	9	58	0	-1.2	orig=-1R|orig.time=Noon|orig.date=1865-03-13
1865	3	13	11	58	0	-1.2	orig=-1R|orig.time=2:00PM|orig.date=1865-03-13
1865	3	13	18	58	0	-0.2	orig=-0.2R|orig.time=9:00PM|orig.date=1865-03-13
1865	3	14	4	58	0	-3.1	orig=-2.5R|orig.time=7:00AM|orig.date=1865-03-14
1865	3	14	9	58	0	5.8	orig=4.6R|orig.time=Noon|orig.date=1865-03-14
1865	3	14	11	58	0	3.8	orig=3R|orig.time=2:00PM|orig.date=1865-03-14
1865	3	14	18	58	0	-0.5	orig=-0.4R|orig.time=9:00PM|orig.date=1865-03-14
1865	3	15	4	58	0	-1.8	orig=-1.4R|orig.time=7:00AM|orig.date=1865-03-15
1865	3	15	9	58	0	1.5	orig=1.2R|orig.time=Noon|orig.date=1865-03-15
1865	3	15	11	58	0	1.5	orig=1.2R|orig.time=2:00PM|orig.date=1865-03-15
1865	3	15	18	58	0	0.2	orig=0.2R|orig.time=9:00PM|orig.date=1865-03-15
1865	3	16	4	58	0	-0.6	orig=-0.5R|orig.time=7:00AM|orig.date=1865-03-16
1865	3	16	9	58	0	2.9	orig=2.3R|orig.time=Noon|orig.date=1865-03-16
1865	3	16	11	58	0	2.8	orig=2.2R|orig.time=2:00PM|orig.date=1865-03-16
1865	3	16	18	58	0	-1.9	orig=-1.5R|orig.time=9:00PM|orig.date=1865-03-16
1865	3	17	4	58	0	-4.5	orig=-3.6R|orig.time=7:00AM|orig.date=1865-03-17
1865	3	17	9	58	0	-4.5	orig=-3.6R|orig.time=Noon|orig.date=1865-03-17
1865	3	17	11	58	0	-5	orig=-4R|orig.time=2:00PM|orig.date=1865-03-17
1865	3	17	18	58	0	-3.8	orig=-3R|orig.time=9:00PM|orig.date=1865-03-17
1865	3	18	4	58	0	-7.5	orig=-6R|orig.time=7:00AM|orig.date=1865-03-18
1865	3	18	9	58	0	-7.8	orig=-6.2R|orig.time=Noon|orig.date=1865-03-18
1865	3	18	11	58	0	-7.2	orig=-5.8R|orig.time=2:00PM|orig.date=1865-03-18
1865	3	18	18	58	0	-10.2	orig=-8.2R|orig.time=9:00PM|orig.date=1865-03-18
1865	3	19	4	58	0	-11.2	orig=-9R|orig.time=7:00AM|orig.date=1865-03-19
1865	3	19	9	58	0	-9.9	orig=-7.9R|orig.time=Noon|orig.date=1865-03-19
1865	3	19	11	58	0	-9.1	orig=-7.3R|orig.time=2:00PM|orig.date=1865-03-19
1865	3	19	18	58	0	-10.4	orig=-8.3R|orig.time=9:00PM|orig.date=1865-03-19
1865	3	20	4	58	0	-13.6	orig=-10.9R|orig.time=7:00AM|orig.date=1865-03-20
1865	3	20	9	58	0	-8.6	orig=-6.9R|orig.time=Noon|orig.date=1865-03-20
1865	3	20	11	58	0	-7.9	orig=-6.3R|orig.time=2:00PM|orig.date=1865-03-20
1865	3	20	18	58	0	-12.8	orig=-10.2R|orig.time=9:00PM|orig.date=1865-03-20
1865	3	21	4	58	0	-15.2	orig=-12.2R|orig.time=7:00AM|orig.date=1865-03-21
1865	3	21	9	58	0	-8.4	orig=-6.7R|orig.time=Noon|orig.date=1865-03-21
1865	3	21	11	58	0	-6	orig=-4.8R|orig.time=2:00PM|orig.date=1865-03-21
1865	3	21	18	58	0	-11.9	orig=-9.5R|orig.time=9:00PM|orig.date=1865-03-21
1865	3	22	4	58	0	-14.2	orig=-11.4R|orig.time=7:00AM|orig.date=1865-03-22
1865	3	22	9	58	0	-5.6	orig=-4.5R|orig.time=Noon|orig.date=1865-03-22
1865	3	22	11	58	0	-5.4	orig=-4.3R|orig.time=2:00PM|orig.date=1865-03-22
1865	3	22	18	58	0	-10.2	orig=-8.2R|orig.time=9:00PM|orig.date=1865-03-22
1865	3	23	4	58	0	-6.2	orig=-5R|orig.time=7:00AM|orig.date=1865-03-23
1865	3	23	9	58	0	-2	orig=-1.6R|orig.time=Noon|orig.date=1865-03-23
1865	3	23	11	58	0	0	orig=0R|orig.time=2:00PM|orig.date=1865-03-23
1865	3	23	18	58	0	0.4	orig=0.3R|orig.time=9:00PM|orig.date=1865-03-23
1865	3	24	4	58	0	1	orig=0.8R|orig.time=7:00AM|orig.date=1865-03-24
1865	3	24	9	58	0	2.9	orig=2.3R|orig.time=Noon|orig.date=1865-03-24
1865	3	24	11	58	0	1	orig=0.8R|orig.time=2:00PM|orig.date=1865-03-24
1865	3	24	18	58	0	-3	orig=-2.4R|orig.time=9:00PM|orig.date=1865-03-24
1865	3	25	4	58	0	-6	orig=-4.8R|orig.time=7:00AM|orig.date=1865-03-25
1865	3	25	9	58	0	0.8	orig=0.6R|orig.time=Noon|orig.date=1865-03-25
1865	3	25	11	58	0	-0.1	orig=-0.1R|orig.time=2:00PM|orig.date=1865-03-25
1865	3	25	18	58	0	-0.2	orig=-0.2R|orig.time=9:00PM|orig.date=1865-03-25
1865	3	26	4	58	0	-4.8	orig=-3.8R|orig.time=7:00AM|orig.date=1865-03-26
1865	3	26	9	58	0	-1	orig=-0.8R|orig.time=Noon|orig.date=1865-03-26
1865	3	26	11	58	0	-0.8	orig=-0.6R|orig.time=2:00PM|orig.date=1865-03-26
1865	3	26	18	58	0	-4	orig=-3.2R|orig.time=9:00PM|orig.date=1865-03-26
1865	3	27	4	58	0	-5.2	orig=-4.2R|orig.time=7:00AM|orig.date=1865-03-27
1865	3	27	9	58	0	1.5	orig=1.2R|orig.time=Noon|orig.date=1865-03-27
1865	3	27	11	58	0	3.4	orig=2.7R|orig.time=2:00PM|orig.date=1865-03-27
1865	3	27	18	58	0	-1.8	orig=-1.4R|orig.time=9:00PM|orig.date=1865-03-27
1865	3	28	4	58	0	-2.9	orig=-2.3R|orig.time=7:00AM|orig.date=1865-03-28
1865	3	28	9	58	0	2.6	orig=2.1R|orig.time=Noon|orig.date=1865-03-28
1865	3	28	11	58	0	1.6	orig=1.3R|orig.time=2:00PM|orig.date=1865-03-28
1865	3	28	18	58	0	-0.8	orig=-0.6R|orig.time=9:00PM|orig.date=1865-03-28
1865	3	29	4	58	0	0.1	orig=0.1R|orig.time=7:00AM|orig.date=1865-03-29
1865	3	29	9	58	0	0.9	orig=0.7R|orig.time=Noon|orig.date=1865-03-29
1865	3	29	11	58	0	1.2	orig=1R|orig.time=2:00PM|orig.date=1865-03-29
1865	3	29	18	58	0	1.2	orig=1R|orig.time=9:00PM|orig.date=1865-03-29
1865	3	30	4	58	0	-0.4	orig=-0.3R|orig.time=7:00AM|orig.date=1865-03-30
1865	3	30	9	58	0	2.5	orig=2R|orig.time=Noon|orig.date=1865-03-30
1865	3	30	11	58	0	3.5	orig=2.8R|orig.time=2:00PM|orig.date=1865-03-30
1865	3	30	18	58	0	1.5	orig=1.2R|orig.time=9:00PM|orig.date=1865-03-30
1865	3	31	4	58	0	-0.2	orig=-0.2R|orig.time=7:00AM|orig.date=1865-03-31
1865	3	31	9	58	0	2.5	orig=2R|orig.time=Noon|orig.date=1865-03-31
1865	3	31	11	58	0	4	orig=3.2R|orig.time=2:00PM|orig.date=1865-03-31
1865	3	31	18	58	0	0.8	orig=0.6R|orig.time=9:00PM|orig.date=1865-03-31
1865	4	1	4	58	0	-1.8	orig=-1.4R|orig.time=7:00AM|orig.date=1865-04-01
1865	4	1	9	58	0	2	orig=1.6R|orig.time=Noon|orig.date=1865-04-01
1865	4	1	11	58	0	3.1	orig=2.5R|orig.time=2:00PM|orig.date=1865-04-01
1865	4	1	18	58	0	0.2	orig=0.2R|orig.time=9:00PM|orig.date=1865-04-01
1865	4	2	4	58	0	-0.4	orig=-0.3R|orig.time=7:00AM|orig.date=1865-04-02
1865	4	2	9	58	0	4.4	orig=3.5R|orig.time=Noon|orig.date=1865-04-02
1865	4	2	11	58	0	5	orig=4R|orig.time=2:00PM|orig.date=1865-04-02
1865	4	2	18	58	0	1.2	orig=1R|orig.time=9:00PM|orig.date=1865-04-02
1865	4	3	4	58	0	-0.4	orig=-0.3R|orig.time=7:00AM|orig.date=1865-04-03
1865	4	3	9	58	0	5.9	orig=4.7R|orig.time=Noon|orig.date=1865-04-03
1865	4	3	11	58	0	7.4	orig=5.9R|orig.time=2:00PM|orig.date=1865-04-03
1865	4	3	18	58	0	2.9	orig=2.3R|orig.time=9:00PM|orig.date=1865-04-03
1865	4	4	4	58	0	-1.6	orig=-1.3R|orig.time=7:00AM|orig.date=1865-04-04
1865	4	4	9	58	0	6.4	orig=5.1R|orig.time=Noon|orig.date=1865-04-04
1865	4	4	11	58	0	7.8	orig=6.2R|orig.time=2:00PM|orig.date=1865-04-04
1865	4	4	18	58	0	1	orig=0.8R|orig.time=9:00PM|orig.date=1865-04-04
1865	4	5	4	58	0	-0.5	orig=-0.4R|orig.time=7:00AM|orig.date=1865-04-05
1865	4	5	9	58	0	4.8	orig=3.8R|orig.time=Noon|orig.date=1865-04-05
1865	4	5	11	58	0	5.8	orig=4.6R|orig.time=2:00PM|orig.date=1865-04-05
1865	4	5	18	58	0	1.5	orig=1.2R|orig.time=9:00PM|orig.date=1865-04-05
1865	4	6	4	58	0	0.2	orig=0.2R|orig.time=7:00AM|orig.date=1865-04-06
1865	4	6	9	58	0	6.4	orig=5.1R|orig.time=Noon|orig.date=1865-04-06
1865	4	6	11	58	0	6.6	orig=5.3R|orig.time=2:00PM|orig.date=1865-04-06
1865	4	6	18	58	0	2.2	orig=1.8R|orig.time=9:00PM|orig.date=1865-04-06
1865	4	7	4	58	0	0.4	orig=0.3R|orig.time=7:00AM|orig.date=1865-04-07
1865	4	7	9	58	0	5.5	orig=4.4R|orig.time=Noon|orig.date=1865-04-07
1865	4	7	11	58	0	6.9	orig=5.5R|orig.time=2:00PM|orig.date=1865-04-07
1865	4	7	18	58	0	5.2	orig=4.2R|orig.time=9:00PM|orig.date=1865-04-07
1865	4	8	4	58	0	2.5	orig=2R|orig.time=7:00AM|orig.date=1865-04-08
1865	4	8	9	58	0	9.2	orig=7.4R|orig.time=Noon|orig.date=1865-04-08
1865	4	8	11	58	0	10.5	orig=8.4R|orig.time=2:00PM|orig.date=1865-04-08
1865	4	8	18	58	0	5.1	orig=4.1R|orig.time=9:00PM|orig.date=1865-04-08
1865	4	9	4	58	0	5	orig=4R|orig.time=7:00AM|orig.date=1865-04-09
1865	4	9	9	58	0	10.5	orig=8.4R|orig.time=Noon|orig.date=1865-04-09
1865	4	9	11	58	0	12.2	orig=9.8R|orig.time=2:00PM|orig.date=1865-04-09
1865	4	9	18	58	0	7.4	orig=5.9R|orig.time=9:00PM|orig.date=1865-04-09
1865	4	10	4	58	0	5.1	orig=4.1R|orig.time=7:00AM|orig.date=1865-04-10
1865	4	10	9	58	0	14.5	orig=11.6R|orig.time=Noon|orig.date=1865-04-10
1865	4	10	11	58	0	14.8	orig=11.8R|orig.time=2:00PM|orig.date=1865-04-10
1865	4	10	18	58	0	7.6	orig=6.1R|orig.time=9:00PM|orig.date=1865-04-10
1865	4	11	4	58	0	5.6	orig=4.5R|orig.time=7:00AM|orig.date=1865-04-11
1865	4	11	9	58	0	8.5	orig=6.8R|orig.time=Noon|orig.date=1865-04-11
1865	4	11	11	58	0	5.5	orig=4.4R|orig.time=2:00PM|orig.date=1865-04-11
1865	4	11	18	58	0	1.5	orig=1.2R|orig.time=9:00PM|orig.date=1865-04-11
1865	4	12	4	58	0	1.9	orig=1.5R|orig.time=7:00AM|orig.date=1865-04-12
1865	4	12	9	58	0	5	orig=4R|orig.time=Noon|orig.date=1865-04-12
1865	4	12	11	58	0	5.1	orig=4.1R|orig.time=2:00PM|orig.date=1865-04-12
1865	4	12	18	58	0	1.4	orig=1.1R|orig.time=9:00PM|orig.date=1865-04-12
1865	4	13	4	58	0	1.4	orig=1.1R|orig.time=7:00AM|orig.date=1865-04-13
1865	4	13	9	58	0	7.9	orig=6.3R|orig.time=Noon|orig.date=1865-04-13
1865	4	13	11	58	0	9	orig=7.2R|orig.time=2:00PM|orig.date=1865-04-13
1865	4	13	18	58	0	5.5	orig=4.4R|orig.time=9:00PM|orig.date=1865-04-13
1865	4	14	4	58	0	4.8	orig=3.8R|orig.time=7:00AM|orig.date=1865-04-14
1865	4	14	9	58	0	14	orig=11.2R|orig.time=Noon|orig.date=1865-04-14
1865	4	14	11	58	0	16	orig=12.8R|orig.time=2:00PM|orig.date=1865-04-14
1865	4	14	18	58	0	11.1	orig=8.9R|orig.time=9:00PM|orig.date=1865-04-14
1865	4	15	4	58	0	8.2	orig=6.6R|orig.time=7:00AM|orig.date=1865-04-15
1865	4	15	9	58	0	17.6	orig=14.1R|orig.time=Noon|orig.date=1865-04-15
1865	4	15	11	58	0	19.8	orig=15.8R|orig.time=2:00PM|orig.date=1865-04-15
1865	4	15	18	58	0	15	orig=12R|orig.time=9:00PM|orig.date=1865-04-15
1865	4	16	4	58	0	9.8	orig=7.8R|orig.time=7:00AM|orig.date=1865-04-16
1865	4	16	9	58	0	10.9	orig=8.7R|orig.time=Noon|orig.date=1865-04-16
1865	4	16	11	58	0	9.2	orig=7.4R|orig.time=2:00PM|orig.date=1865-04-16
1865	4	16	18	58	0	5.9	orig=4.7R|orig.time=9:00PM|orig.date=1865-04-16
1865	4	17	4	58	0	4.2	orig=3.4R|orig.time=7:00AM|orig.date=1865-04-17
1865	4	17	9	58	0	5	orig=4R|orig.time=Noon|orig.date=1865-04-17
1865	4	17	11	58	0	4.2	orig=3.4R|orig.time=2:00PM|orig.date=1865-04-17
1865	4	17	18	58	0	4.4	orig=3.5R|orig.time=9:00PM|orig.date=1865-04-17
1865	4	18	4	58	0	0.2	orig=0.2R|orig.time=7:00AM|orig.date=1865-04-18
1865	4	18	9	58	0	3.6	orig=2.9R|orig.time=Noon|orig.date=1865-04-18
1865	4	18	11	58	0	4.6	orig=3.7R|orig.time=2:00PM|orig.date=1865-04-18
1865	4	18	18	58	0	1.9	orig=1.5R|orig.time=9:00PM|orig.date=1865-04-18
1865	4	19	4	58	0	0.2	orig=0.2R|orig.time=7:00AM|orig.date=1865-04-19
1865	4	19	9	58	0	5.4	orig=4.3R|orig.time=Noon|orig.date=1865-04-19
1865	4	19	11	58	0	6.1	orig=4.9R|orig.time=2:00PM|orig.date=1865-04-19
1865	4	19	18	58	0	3.4	orig=2.7R|orig.time=9:00PM|orig.date=1865-04-19
1865	4	20	4	58	0	4.6	orig=3.7R|orig.time=7:00AM|orig.date=1865-04-20
1865	4	20	9	58	0	10	orig=8R|orig.time=Noon|orig.date=1865-04-20
1865	4	20	11	58	0	10	orig=8R|orig.time=2:00PM|orig.date=1865-04-20
1865	4	20	18	58	0	5.6	orig=4.5R|orig.time=9:00PM|orig.date=1865-04-20
1865	4	21	4	58	0	1.8	orig=1.4R|orig.time=7:00AM|orig.date=1865-04-21
1865	4	21	9	58	0	6	orig=4.8R|orig.time=Noon|orig.date=1865-04-21
1865	4	21	11	58	0	6.2	orig=5R|orig.time=2:00PM|orig.date=1865-04-21
1865	4	21	18	58	0	4.8	orig=3.8R|orig.time=9:00PM|orig.date=1865-04-21
1865	4	22	4	58	0	2.6	orig=2.1R|orig.time=7:00AM|orig.date=1865-04-22
1865	4	22	9	58	0	10.2	orig=8.2R|orig.time=Noon|orig.date=1865-04-22
1865	4	22	11	58	0	12.2	orig=9.8R|orig.time=2:00PM|orig.date=1865-04-22
1865	4	22	18	58	0	8.2	orig=6.6R|orig.time=9:00PM|orig.date=1865-04-22
1865	4	23	4	58	0	6.2	orig=5R|orig.time=7:00AM|orig.date=1865-04-23
1865	4	23	9	58	0	15.2	orig=12.2R|orig.time=Noon|orig.date=1865-04-23
1865	4	23	11	58	0	16.5	orig=13.2R|orig.time=2:00PM|orig.date=1865-04-23
1865	4	23	18	58	0	10.5	orig=8.4R|orig.time=9:00PM|orig.date=1865-04-23
1865	4	24	4	58	0	5.9	orig=4.7R|orig.time=7:00AM|orig.date=1865-04-24
1865	4	24	9	58	0	5.9	orig=4.7R|orig.time=Noon|orig.date=1865-04-24
1865	4	24	11	58	0	7.1	orig=5.7R|orig.time=2:00PM|orig.date=1865-04-24
1865	4	24	18	58	0	2.2	orig=1.8R|orig.time=9:00PM|orig.date=1865-04-24
1865	4	25	4	58	0	1.5	orig=1.2R|orig.time=7:00AM|orig.date=1865-04-25
1865	4	25	9	58	0	8.8	orig=7R|orig.time=Noon|orig.date=1865-04-25
1865	4	25	11	58	0	10.4	orig=8.3R|orig.time=2:00PM|orig.date=1865-04-25
1865	4	25	18	58	0	6.1	orig=4.9R|orig.time=9:00PM|orig.date=1865-04-25
1865	4	26	4	58	0	7.2	orig=5.8R|orig.time=7:00AM|orig.date=1865-04-26
1865	4	26	9	58	0	16.9	orig=13.5R|orig.time=Noon|orig.date=1865-04-26
1865	4	26	11	58	0	18.6	orig=14.9R|orig.time=2:00PM|orig.date=1865-04-26
1865	4	26	18	58	0	11.5	orig=9.2R|orig.time=9:00PM|orig.date=1865-04-26
1865	4	27	4	58	0	7.6	orig=6.1R|orig.time=7:00AM|orig.date=1865-04-27
1865	4	27	9	58	0	8.6	orig=6.9R|orig.time=Noon|orig.date=1865-04-27
1865	4	27	11	58	0	7.6	orig=6.1R|orig.time=2:00PM|orig.date=1865-04-27
1865	4	27	18	58	0	5.2	orig=4.2R|orig.time=9:00PM|orig.date=1865-04-27
1865	4	28	4	58	0	4.2	orig=3.4R|orig.time=7:00AM|orig.date=1865-04-28
1865	4	28	9	58	0	8.8	orig=7R|orig.time=Noon|orig.date=1865-04-28
1865	4	28	11	58	0	5.9	orig=4.7R|orig.time=2:00PM|orig.date=1865-04-28
1865	4	28	18	58	0	3	orig=2.4R|orig.time=9:00PM|orig.date=1865-04-28
1865	4	29	4	58	0	1.8	orig=1.4R|orig.time=7:00AM|orig.date=1865-04-29
1865	4	29	9	58	0	6.8	orig=5.4R|orig.time=Noon|orig.date=1865-04-29
1865	4	29	11	58	0	5.8	orig=4.6R|orig.time=2:00PM|orig.date=1865-04-29
1865	4	29	18	58	0	2.2	orig=1.8R|orig.time=9:00PM|orig.date=1865-04-29
1865	4	30	4	58	0	0.2	orig=0.2R|orig.time=7:00AM|orig.date=1865-04-30
1865	4	30	9	58	0	6	orig=4.8R|orig.time=Noon|orig.date=1865-04-30
1865	4	30	11	58	0	6.9	orig=5.5R|orig.time=2:00PM|orig.date=1865-04-30
1865	4	30	18	58	0	4.4	orig=3.5R|orig.time=9:00PM|orig.date=1865-04-30
1865	5	1	4	58	0	2	orig=1.6R|orig.time=7:00AM|orig.date=1865-05-01
1865	5	1	9	58	0	6.1	orig=4.9R|orig.time=Noon|orig.date=1865-05-01
1865	5	1	11	58	0	3.6	orig=2.9R|orig.time=2:00PM|orig.date=1865-05-01
1865	5	1	18	58	0	3	orig=2.4R|orig.time=9:00PM|orig.date=1865-05-01
1865	5	2	4	58	0	2.1	orig=1.7R|orig.time=7:00AM|orig.date=1865-05-02
1865	5	2	9	58	0	5.5	orig=4.4R|orig.time=Noon|orig.date=1865-05-02
1865	5	2	11	58	0	5.2	orig=4.2R|orig.time=2:00PM|orig.date=1865-05-02
1865	5	2	18	58	0	2.8	orig=2.2R|orig.time=9:00PM|orig.date=1865-05-02
1865	5	3	4	58	0	3	orig=2.4R|orig.time=7:00AM|orig.date=1865-05-03
1865	5	3	9	58	0	8.2	orig=6.6R|orig.time=Noon|orig.date=1865-05-03
1865	5	3	11	58	0	8.8	orig=7R|orig.time=2:00PM|orig.date=1865-05-03
1865	5	3	18	58	0	6.1	orig=4.9R|orig.time=9:00PM|orig.date=1865-05-03
1865	5	4	4	58	0	4.8	orig=3.8R|orig.time=7:00AM|orig.date=1865-05-04
1865	5	4	9	58	0	10.8	orig=8.6R|orig.time=Noon|orig.date=1865-05-04
1865	5	4	11	58	0	12	orig=9.6R|orig.time=2:00PM|orig.date=1865-05-04
1865	5	4	18	58	0	8.5	orig=6.8R|orig.time=9:00PM|orig.date=1865-05-04
1865	5	5	4	58	0	7.8	orig=6.2R|orig.time=7:00AM|orig.date=1865-05-05
1865	5	5	9	58	0	12.8	orig=10.2R|orig.time=Noon|orig.date=1865-05-05
1865	5	5	11	58	0	14.6	orig=11.7R|orig.time=2:00PM|orig.date=1865-05-05
1865	5	5	18	58	0	10.8	orig=8.6R|orig.time=9:00PM|orig.date=1865-05-05
1865	5	6	4	58	0	11.8	orig=9.4R|orig.time=7:00AM|orig.date=1865-05-06
1865	5	6	9	58	0	22.5	orig=18R|orig.time=Noon|orig.date=1865-05-06
1865	5	6	11	58	0	23.8	orig=19R|orig.time=2:00PM|orig.date=1865-05-06
1865	5	6	18	58	0	16.8	orig=13.4R|orig.time=9:00PM|orig.date=1865-05-06
1865	5	7	4	58	0	15.8	orig=12.6R|orig.time=7:00AM|orig.date=1865-05-07
1865	5	7	9	58	0	23.9	orig=19.1R|orig.time=Noon|orig.date=1865-05-07
1865	5	7	11	58	0	25.1	orig=20.1R|orig.time=2:00PM|orig.date=1865-05-07
1865	5	7	18	58	0	13.6	orig=10.9R|orig.time=9:00PM|orig.date=1865-05-07
1865	5	8	4	58	0	12.5	orig=10R|orig.time=7:00AM|orig.date=1865-05-08
1865	5	8	9	58	0	16.6	orig=13.3R|orig.time=Noon|orig.date=1865-05-08
1865	5	8	11	58	0	17.1	orig=13.7R|orig.time=2:00PM|orig.date=1865-05-08
1865	5	8	18	58	0	11.2	orig=9R|orig.time=9:00PM|orig.date=1865-05-08
1865	5	9	4	58	0	8.2	orig=6.6R|orig.time=7:00AM|orig.date=1865-05-09
1865	5	9	9	58	0	11.9	orig=9.5R|orig.time=Noon|orig.date=1865-05-09
1865	5	9	11	58	0	12.2	orig=9.8R|orig.time=2:00PM|orig.date=1865-05-09
1865	5	9	18	58	0	7.9	orig=6.3R|orig.time=9:00PM|orig.date=1865-05-09
1865	5	10	4	58	0	10	orig=8R|orig.time=7:00AM|orig.date=1865-05-10
1865	5	10	9	58	0	11.6	orig=9.3R|orig.time=Noon|orig.date=1865-05-10
1865	5	10	11	58	0	12.5	orig=10R|orig.time=2:00PM|orig.date=1865-05-10
1865	5	10	18	58	0	9.1	orig=7.3R|orig.time=9:00PM|orig.date=1865-05-10
1865	5	11	4	58	0	7.2	orig=5.8R|orig.time=7:00AM|orig.date=1865-05-11
1865	5	11	9	58	0	16.9	orig=13.5R|orig.time=Noon|orig.date=1865-05-11
1865	5	11	11	58	0	19.4	orig=15.5R|orig.time=2:00PM|orig.date=1865-05-11
1865	5	11	18	58	0	12.5	orig=10R|orig.time=9:00PM|orig.date=1865-05-11
1865	5	12	4	58	0	15.2	orig=12.2R|orig.time=7:00AM|orig.date=1865-05-12
1865	5	12	9	58	0	21	orig=16.8R|orig.time=Noon|orig.date=1865-05-12
1865	5	12	11	58	0	22	orig=17.6R|orig.time=2:00PM|orig.date=1865-05-12
1865	5	12	18	58	0	14.4	orig=11.5R|orig.time=9:00PM|orig.date=1865-05-12
1865	5	13	4	58	0	15	orig=12R|orig.time=7:00AM|orig.date=1865-05-13
1865	5	13	9	58	0	18.2	orig=14.6R|orig.time=Noon|orig.date=1865-05-13
1865	5	13	11	58	0	18.8	orig=15R|orig.time=2:00PM|orig.date=1865-05-13
1865	5	13	18	58	0	12.4	orig=9.9R|orig.time=9:00PM|orig.date=1865-05-13
1865	5	14	4	58	0	10.2	orig=8.2R|orig.time=7:00AM|orig.date=1865-05-14
1865	5	14	9	58	0	17	orig=13.6R|orig.time=Noon|orig.date=1865-05-14
1865	5	14	11	58	0	15.2	orig=12.2R|orig.time=2:00PM|orig.date=1865-05-14
1865	5	14	18	58	0	10.2	orig=8.2R|orig.time=9:00PM|orig.date=1865-05-14
1865	5	15	4	58	0	10.6	orig=8.5R|orig.time=7:00AM|orig.date=1865-05-15
1865	5	15	9	58	0	16.6	orig=13.3R|orig.time=Noon|orig.date=1865-05-15
1865	5	15	11	58	0	18.8	orig=15R|orig.time=2:00PM|orig.date=1865-05-15
1865	5	15	18	58	0	13.8	orig=11R|orig.time=9:00PM|orig.date=1865-05-15
1865	5	16	4	58	0	14.5	orig=11.6R|orig.time=7:00AM|orig.date=1865-05-16
1865	5	16	9	58	0	21.1	orig=16.9R|orig.time=Noon|orig.date=1865-05-16
1865	5	16	11	58	0	22.8	orig=18.2R|orig.time=2:00PM|orig.date=1865-05-16
1865	5	16	18	58	0	17.5	orig=14R|orig.time=9:00PM|orig.date=1865-05-16
1865	5	17	4	58	0	14	orig=11.2R|orig.time=7:00AM|orig.date=1865-05-17
1865	5	17	9	58	0	21.8	orig=17.4R|orig.time=Noon|orig.date=1865-05-17
1865	5	17	11	58	0	22.9	orig=18.3R|orig.time=2:00PM|orig.date=1865-05-17
1865	5	17	18	58	0	17.1	orig=13.7R|orig.time=9:00PM|orig.date=1865-05-17
1865	5	18	4	58	0	14.1	orig=11.3R|orig.time=7:00AM|orig.date=1865-05-18
1865	5	18	9	58	0	18	orig=14.4R|orig.time=Noon|orig.date=1865-05-18
1865	5	18	11	58	0	22.6	orig=18.1R|orig.time=2:00PM|orig.date=1865-05-18
1865	5	18	18	58	0	17.4	orig=13.9R|orig.time=9:00PM|orig.date=1865-05-18
1865	5	19	4	58	0	17	orig=13.6R|orig.time=7:00AM|orig.date=1865-05-19
1865	5	19	9	58	0	22.9	orig=18.3R|orig.time=Noon|orig.date=1865-05-19
1865	5	19	11	58	0	23.6	orig=18.9R|orig.time=2:00PM|orig.date=1865-05-19
1865	5	19	18	58	0	14.8	orig=11.8R|orig.time=9:00PM|orig.date=1865-05-19
1865	5	20	4	58	0	18.4	orig=14.7R|orig.time=7:00AM|orig.date=1865-05-20
1865	5	20	9	58	0	24.1	orig=19.3R|orig.time=Noon|orig.date=1865-05-20
1865	5	20	11	58	0	25	orig=20R|orig.time=2:00PM|orig.date=1865-05-20
1865	5	20	18	58	0	19.8	orig=15.8R|orig.time=9:00PM|orig.date=1865-05-20
1865	5	21	4	58	0	19	orig=15.2R|orig.time=7:00AM|orig.date=1865-05-21
1865	5	21	9	58	0	24.6	orig=19.7R|orig.time=Noon|orig.date=1865-05-21
1865	5	21	11	58	0	25.1	orig=20.1R|orig.time=2:00PM|orig.date=1865-05-21
1865	5	21	18	58	0	20.4	orig=16.3R|orig.time=9:00PM|orig.date=1865-05-21
1865	5	22	4	58	0	16.2	orig=13R|orig.time=7:00AM|orig.date=1865-05-22
1865	5	22	9	58	0	24.6	orig=19.7R|orig.time=Noon|orig.date=1865-05-22
1865	5	22	11	58	0	25.8	orig=20.6R|orig.time=2:00PM|orig.date=1865-05-22
1865	5	22	18	58	0	21	orig=16.8R|orig.time=9:00PM|orig.date=1865-05-22
1865	5	23	4	58	0	14.8	orig=11.8R|orig.time=7:00AM|orig.date=1865-05-23
1865	5	23	9	58	0	22.4	orig=17.9R|orig.time=Noon|orig.date=1865-05-23
1865	5	23	11	58	0	23.1	orig=18.5R|orig.time=2:00PM|orig.date=1865-05-23
1865	5	23	18	58	0	17.2	orig=13.8R|orig.time=9:00PM|orig.date=1865-05-23
1865	5	24	4	58	0	14.5	orig=11.6R|orig.time=7:00AM|orig.date=1865-05-24
1865	5	24	9	58	0	19.6	orig=15.7R|orig.time=Noon|orig.date=1865-05-24
1865	5	24	11	58	0	20	orig=16R|orig.time=2:00PM|orig.date=1865-05-24
1865	5	24	18	58	0	16.4	orig=13.1R|orig.time=9:00PM|orig.date=1865-05-24
1865	5	25	4	58	0	16	orig=12.8R|orig.time=7:00AM|orig.date=1865-05-25
1865	5	25	9	58	0	22.6	orig=18.1R|orig.time=Noon|orig.date=1865-05-25
1865	5	25	11	58	0	24	orig=19.2R|orig.time=2:00PM|orig.date=1865-05-25
1865	5	25	18	58	0	18	orig=14.4R|orig.time=9:00PM|orig.date=1865-05-25
1865	5	26	4	58	0	16.8	orig=13.4R|orig.time=7:00AM|orig.date=1865-05-26
1865	5	26	9	58	0	25.8	orig=20.6R|orig.time=Noon|orig.date=1865-05-26
1865	5	26	11	58	0	25.4	orig=20.3R|orig.time=2:00PM|orig.date=1865-05-26
1865	5	26	18	58	0	17.1	orig=13.7R|orig.time=9:00PM|orig.date=1865-05-26
1865	5	27	4	58	0	16.5	orig=13.2R|orig.time=7:00AM|orig.date=1865-05-27
1865	5	27	9	58	0	26.9	orig=21.5R|orig.time=Noon|orig.date=1865-05-27
1865	5	27	11	58	0	20.9	orig=16.7R|orig.time=2:00PM|orig.date=1865-05-27
1865	5	27	18	58	0	17	orig=13.6R|orig.time=9:00PM|orig.date=1865-05-27
1865	5	28	4	58	0	17.4	orig=13.9R|orig.time=7:00AM|orig.date=1865-05-28
1865	5	28	9	58	0	20.9	orig=16.7R|orig.time=Noon|orig.date=1865-05-28
1865	5	28	11	58	0	21.9	orig=17.5R|orig.time=2:00PM|orig.date=1865-05-28
1865	5	28	18	58	0	18	orig=14.4R|orig.time=9:00PM|orig.date=1865-05-28
1865	5	29	4	58	0	16.9	orig=13.5R|orig.time=7:00AM|orig.date=1865-05-29
1865	5	29	9	58	0	28	orig=22.4R|orig.time=Noon|orig.date=1865-05-29
1865	5	29	11	58	0	28.2	orig=22.6R|orig.time=2:00PM|orig.date=1865-05-29
1865	5	29	18	58	0	21.2	orig=17R|orig.time=9:00PM|orig.date=1865-05-29
1865	5	30	4	58	0	20.1	orig=16.1R|orig.time=7:00AM|orig.date=1865-05-30
1865	5	30	9	58	0	23.1	orig=18.5R|orig.time=Noon|orig.date=1865-05-30
1865	5	30	11	58	0	20.8	orig=16.6R|orig.time=2:00PM|orig.date=1865-05-30
1865	5	30	18	58	0	20	orig=16R|orig.time=9:00PM|orig.date=1865-05-30
1865	5	31	4	58	0	20.8	orig=16.6R|orig.time=7:00AM|orig.date=1865-05-31
1865	5	31	9	58	0	28.6	orig=22.9R|orig.time=Noon|orig.date=1865-05-31
1865	5	31	11	58	0	30	orig=24R|orig.time=2:00PM|orig.date=1865-05-31
1865	5	31	18	58	0	20.2	orig=16.2R|orig.time=9:00PM|orig.date=1865-05-31
1865	6	1	4	58	0	16.2	orig=13R|orig.time=7:00AM|orig.date=1865-06-01
1865	6	1	9	58	0	23.1	orig=18.5R|orig.time=Noon|orig.date=1865-06-01
1865	6	1	11	58	0	22.9	orig=18.3R|orig.time=2:00PM|orig.date=1865-06-01
1865	6	1	18	58	0	14.8	orig=11.8R|orig.time=9:00PM|orig.date=1865-06-01
1865	6	2	4	58	0	12.2	orig=9.8R|orig.time=7:00AM|orig.date=1865-06-02
1865	6	2	9	58	0	15.6	orig=12.5R|orig.time=Noon|orig.date=1865-06-02
1865	6	2	11	58	0	16.9	orig=13.5R|orig.time=2:00PM|orig.date=1865-06-02
1865	6	2	18	58	0	11.6	orig=9.3R|orig.time=9:00PM|orig.date=1865-06-02
1865	6	3	4	58	0	11.2	orig=9R|orig.time=7:00AM|orig.date=1865-06-03
1865	6	3	9	58	0	16.2	orig=13R|orig.time=Noon|orig.date=1865-06-03
1865	6	3	11	58	0	17.4	orig=13.9R|orig.time=2:00PM|orig.date=1865-06-03
1865	6	3	18	58	0	14.8	orig=11.8R|orig.time=9:00PM|orig.date=1865-06-03
1865	6	4	4	58	0	9.4	orig=7.5R|orig.time=7:00AM|orig.date=1865-06-04
1865	6	4	9	58	0	11.2	orig=9R|orig.time=Noon|orig.date=1865-06-04
1865	6	4	11	58	0	11.5	orig=9.2R|orig.time=2:00PM|orig.date=1865-06-04
1865	6	4	18	58	0	11	orig=8.8R|orig.time=9:00PM|orig.date=1865-06-04
1865	6	5	4	58	0	10.9	orig=8.7R|orig.time=7:00AM|orig.date=1865-06-05
1865	6	5	9	58	0	15.8	orig=12.6R|orig.time=Noon|orig.date=1865-06-05
1865	6	5	11	58	0	18.2	orig=14.6R|orig.time=2:00PM|orig.date=1865-06-05
1865	6	5	18	58	0	15	orig=12R|orig.time=9:00PM|orig.date=1865-06-05
1865	6	6	4	58	0	16.8	orig=13.4R|orig.time=7:00AM|orig.date=1865-06-06
1865	6	6	9	58	0	22.9	orig=18.3R|orig.time=Noon|orig.date=1865-06-06
1865	6	6	11	58	0	22.2	orig=17.8R|orig.time=2:00PM|orig.date=1865-06-06
1865	6	6	18	58	0	16.6	orig=13.3R|orig.time=9:00PM|orig.date=1865-06-06
1865	6	7	4	58	0	17.6	orig=14.1R|orig.time=7:00AM|orig.date=1865-06-07
1865	6	7	9	58	0	25.6	orig=20.5R|orig.time=Noon|orig.date=1865-06-07
1865	6	7	11	58	0	25.1	orig=20.1R|orig.time=2:00PM|orig.date=1865-06-07
1865	6	7	18	58	0	19.9	orig=15.9R|orig.time=9:00PM|orig.date=1865-06-07
1865	6	8	4	58	0	16.5	orig=13.2R|orig.time=7:00AM|orig.date=1865-06-08
1865	6	8	9	58	0	12.9	orig=10.3R|orig.time=Noon|orig.date=1865-06-08
1865	6	8	11	58	0	15	orig=12R|orig.time=2:00PM|orig.date=1865-06-08
1865	6	8	18	58	0	11.1	orig=8.9R|orig.time=9:00PM|orig.date=1865-06-08
1865	6	9	4	58	0	8.9	orig=7.1R|orig.time=7:00AM|orig.date=1865-06-09
1865	6	9	9	58	0	11	orig=8.8R|orig.time=Noon|orig.date=1865-06-09
1865	6	9	11	58	0	11.9	orig=9.5R|orig.time=2:00PM|orig.date=1865-06-09
1865	6	9	18	58	0	8.2	orig=6.6R|orig.time=9:00PM|orig.date=1865-06-09
1865	6	10	4	58	0	8.5	orig=6.8R|orig.time=7:00AM|orig.date=1865-06-10
1865	6	10	9	58	0	12.6	orig=10.1R|orig.time=Noon|orig.date=1865-06-10
1865	6	10	11	58	0	13.6	orig=10.9R|orig.time=2:00PM|orig.date=1865-06-10
1865	6	10	18	58	0	9.9	orig=7.9R|orig.time=9:00PM|orig.date=1865-06-10
1865	6	11	4	58	0	10.9	orig=8.7R|orig.time=7:00AM|orig.date=1865-06-11
1865	6	11	9	58	0	17.2	orig=13.8R|orig.time=Noon|orig.date=1865-06-11
1865	6	11	11	58	0	19	orig=15.2R|orig.time=2:00PM|orig.date=1865-06-11
1865	6	11	18	58	0	15.4	orig=12.3R|orig.time=9:00PM|orig.date=1865-06-11
1865	6	12	4	58	0	11.6	orig=9.3R|orig.time=7:00AM|orig.date=1865-06-12
1865	6	12	9	58	0	15.5	orig=12.4R|orig.time=Noon|orig.date=1865-06-12
1865	6	12	11	58	0	16.4	orig=13.1R|orig.time=2:00PM|orig.date=1865-06-12
1865	6	12	18	58	0	10.8	orig=8.6R|orig.time=9:00PM|orig.date=1865-06-12
1865	6	13	4	58	0	11.1	orig=8.9R|orig.time=7:00AM|orig.date=1865-06-13
1865	6	13	9	58	0	18.2	orig=14.6R|orig.time=Noon|orig.date=1865-06-13
1865	6	13	11	58	0	18.9	orig=15.1R|orig.time=2:00PM|orig.date=1865-06-13
1865	6	13	18	58	0	13.4	orig=10.7R|orig.time=9:00PM|orig.date=1865-06-13
1865	6	14	4	58	0	11.6	orig=9.3R|orig.time=7:00AM|orig.date=1865-06-14
1865	6	14	9	58	0	20.1	orig=16.1R|orig.time=Noon|orig.date=1865-06-14
1865	6	14	11	58	0	12.9	orig=10.3R|orig.time=2:00PM|orig.date=1865-06-14
1865	6	14	18	58	0	7.6	orig=6.1R|orig.time=9:00PM|orig.date=1865-06-14
1865	6	15	4	58	0	10	orig=8R|orig.time=7:00AM|orig.date=1865-06-15
1865	6	15	9	58	0	14.9	orig=11.9R|orig.time=Noon|orig.date=1865-06-15
1865	6	15	11	58	0	16.4	orig=13.1R|orig.time=2:00PM|orig.date=1865-06-15
1865	6	15	18	58	0	8.6	orig=6.9R|orig.time=9:00PM|orig.date=1865-06-15
1865	6	16	4	58	0	12.4	orig=9.9R|orig.time=7:00AM|orig.date=1865-06-16
1865	6	16	9	58	0	11.9	orig=9.5R|orig.time=Noon|orig.date=1865-06-16
1865	6	16	11	58	0	12.9	orig=10.3R|orig.time=2:00PM|orig.date=1865-06-16
1865	6	16	18	58	0	8.2	orig=6.6R|orig.time=9:00PM|orig.date=1865-06-16
1865	6	17	4	58	0	13	orig=10.4R|orig.time=7:00AM|orig.date=1865-06-17
1865	6	17	9	58	0	16.9	orig=13.5R|orig.time=Noon|orig.date=1865-06-17
1865	6	17	11	58	0	16.2	orig=13R|orig.time=2:00PM|orig.date=1865-06-17
1865	6	17	18	58	0	11.8	orig=9.4R|orig.time=9:00PM|orig.date=1865-06-17
1865	6	18	4	58	0	14.4	orig=11.5R|orig.time=7:00AM|orig.date=1865-06-18
1865	6	18	9	58	0	20	orig=16R|orig.time=Noon|orig.date=1865-06-18
1865	6	18	11	58	0	19.1	orig=15.3R|orig.time=2:00PM|orig.date=1865-06-18
1865	6	18	18	58	0	14.4	orig=11.5R|orig.time=9:00PM|orig.date=1865-06-18
1865	6	19	4	58	0	15.4	orig=12.3R|orig.time=7:00AM|orig.date=1865-06-19
1865	6	19	9	58	0	21.6	orig=17.3R|orig.time=Noon|orig.date=1865-06-19
1865	6	19	11	58	0	18.4	orig=14.7R|orig.time=2:00PM|orig.date=1865-06-19
1865	6	19	18	58	0	13.5	orig=10.8R|orig.time=9:00PM|orig.date=1865-06-19
1865	6	20	4	58	0	15.6	orig=12.5R|orig.time=7:00AM|orig.date=1865-06-20
1865	6	20	9	58	0	23.2	orig=18.6R|orig.time=Noon|orig.date=1865-06-20
1865	6	20	11	58	0	22.6	orig=18.1R|orig.time=2:00PM|orig.date=1865-06-20
1865	6	20	18	58	0	14.1	orig=11.3R|orig.time=9:00PM|orig.date=1865-06-20
1865	6	21	4	58	0	13.1	orig=10.5R|orig.time=7:00AM|orig.date=1865-06-21
1865	6	21	9	58	0	15.1	orig=12.1R|orig.time=Noon|orig.date=1865-06-21
1865	6	21	11	58	0	14.1	orig=11.3R|orig.time=2:00PM|orig.date=1865-06-21
1865	6	21	18	58	0	10.6	orig=8.5R|orig.time=9:00PM|orig.date=1865-06-21
1865	6	22	4	58	0	12.5	orig=10R|orig.time=7:00AM|orig.date=1865-06-22
1865	6	22	9	58	0	16.9	orig=13.5R|orig.time=Noon|orig.date=1865-06-22
1865	6	22	11	58	0	16.4	orig=13.1R|orig.time=2:00PM|orig.date=1865-06-22
1865	6	22	18	58	0	10.5	orig=8.4R|orig.time=9:00PM|orig.date=1865-06-22
1865	6	23	4	58	0	10.9	orig=8.7R|orig.time=7:00AM|orig.date=1865-06-23
1865	6	23	9	58	0	10.1	orig=8.1R|orig.time=Noon|orig.date=1865-06-23
1865	6	23	11	58	0	10.4	orig=8.3R|orig.time=2:00PM|orig.date=1865-06-23
1865	6	23	18	58	0	7.6	orig=6.1R|orig.time=9:00PM|orig.date=1865-06-23
1865	6	24	4	58	0	10.2	orig=8.2R|orig.time=7:00AM|orig.date=1865-06-24
1865	6	24	9	58	0	16.9	orig=13.5R|orig.time=Noon|orig.date=1865-06-24
1865	6	24	11	58	0	16.6	orig=13.3R|orig.time=2:00PM|orig.date=1865-06-24
1865	6	24	18	58	0	8.4	orig=6.7R|orig.time=9:00PM|orig.date=1865-06-24
1865	6	25	4	58	0	15.1	orig=12.1R|orig.time=7:00AM|orig.date=1865-06-25
1865	6	25	9	58	0	23.5	orig=18.8R|orig.time=Noon|orig.date=1865-06-25
1865	6	25	11	58	0	25.2	orig=20.2R|orig.time=2:00PM|orig.date=1865-06-25
1865	6	25	18	58	0	16	orig=12.8R|orig.time=9:00PM|orig.date=1865-06-25
1865	6	26	4	58	0	17.5	orig=14R|orig.time=7:00AM|orig.date=1865-06-26
1865	6	26	9	58	0	25	orig=20R|orig.time=Noon|orig.date=1865-06-26
1865	6	26	11	58	0	24.6	orig=19.7R|orig.time=2:00PM|orig.date=1865-06-26
1865	6	26	18	58	0	16.4	orig=13.1R|orig.time=9:00PM|orig.date=1865-06-26
1865	6	27	4	58	0	18	orig=14.4R|orig.time=7:00AM|orig.date=1865-06-27
1865	6	27	9	58	0	20.9	orig=16.7R|orig.time=Noon|orig.date=1865-06-27
1865	6	27	11	58	0	19.4	orig=15.5R|orig.time=2:00PM|orig.date=1865-06-27
1865	6	27	18	58	0	14.9	orig=11.9R|orig.time=9:00PM|orig.date=1865-06-27
1865	6	28	4	58	0	14	orig=11.2R|orig.time=7:00AM|orig.date=1865-06-28
1865	6	28	9	58	0	15.4	orig=12.3R|orig.time=Noon|orig.date=1865-06-28
1865	6	28	11	58	0	15.6	orig=12.5R|orig.time=2:00PM|orig.date=1865-06-28
1865	6	28	18	58	0	13.4	orig=10.7R|orig.time=9:00PM|orig.date=1865-06-28
1865	6	29	4	58	0	12.1	orig=9.7R|orig.time=7:00AM|orig.date=1865-06-29
1865	6	29	9	58	0	14.6	orig=11.7R|orig.time=Noon|orig.date=1865-06-29
1865	6	29	11	58	0	17.6	orig=14.1R|orig.time=2:00PM|orig.date=1865-06-29
1865	6	29	18	58	0	9.8	orig=7.8R|orig.time=9:00PM|orig.date=1865-06-29
1865	6	30	4	58	0	11.8	orig=9.4R|orig.time=7:00AM|orig.date=1865-06-30
1865	6	30	9	58	0	18.9	orig=15.1R|orig.time=Noon|orig.date=1865-06-30
1865	6	30	11	58	0	20.5	orig=16.4R|orig.time=2:00PM|orig.date=1865-06-30
1865	6	30	18	58	0	15.8	orig=12.6R|orig.time=9:00PM|orig.date=1865-06-30
1865	7	1	4	58	0	14.1	orig=11.3R|orig.time=7:00AM|orig.date=1865-07-01
1865	7	1	9	58	0	17.4	orig=13.9R|orig.time=Noon|orig.date=1865-07-01
1865	7	1	11	58	0	21.4	orig=17.1R|orig.time=2:00PM|orig.date=1865-07-01
1865	7	1	18	58	0	18.8	orig=15R|orig.time=9:00PM|orig.date=1865-07-01
1865	7	2	4	58	0	17.1	orig=13.7R|orig.time=7:00AM|orig.date=1865-07-02
1865	7	2	9	58	0	26.8	orig=21.4R|orig.time=Noon|orig.date=1865-07-02
1865	7	2	11	58	0	30.9	orig=24.7R|orig.time=2:00PM|orig.date=1865-07-02
1865	7	2	18	58	0	18.6	orig=14.9R|orig.time=9:00PM|orig.date=1865-07-02
1865	7	3	4	58	0	17	orig=13.6R|orig.time=7:00AM|orig.date=1865-07-03
1865	7	3	9	58	0	21	orig=16.8R|orig.time=Noon|orig.date=1865-07-03
1865	7	3	11	58	0	22.1	orig=17.7R|orig.time=2:00PM|orig.date=1865-07-03
1865	7	3	18	58	0	19.4	orig=15.5R|orig.time=9:00PM|orig.date=1865-07-03
1865	7	4	4	58	0	20.6	orig=16.5R|orig.time=7:00AM|orig.date=1865-07-04
1865	7	4	9	58	0	21.5	orig=17.2R|orig.time=Noon|orig.date=1865-07-04
1865	7	4	11	58	0	22.5	orig=18R|orig.time=2:00PM|orig.date=1865-07-04
1865	7	4	18	58	0	19.5	orig=15.6R|orig.time=9:00PM|orig.date=1865-07-04
1865	7	5	4	58	0	17.4	orig=13.9R|orig.time=7:00AM|orig.date=1865-07-05
1865	7	5	9	58	0	19.2	orig=15.4R|orig.time=Noon|orig.date=1865-07-05
1865	7	5	11	58	0	20.1	orig=16.1R|orig.time=2:00PM|orig.date=1865-07-05
1865	7	5	18	58	0	17.2	orig=13.8R|orig.time=9:00PM|orig.date=1865-07-05
1865	7	6	4	58	0	18.8	orig=15R|orig.time=7:00AM|orig.date=1865-07-06
1865	7	6	9	58	0	18.9	orig=15.1R|orig.time=Noon|orig.date=1865-07-06
1865	7	6	11	58	0	22.1	orig=17.7R|orig.time=2:00PM|orig.date=1865-07-06
1865	7	6	18	58	0	18.5	orig=14.8R|orig.time=9:00PM|orig.date=1865-07-06
1865	7	7	4	58	0	18.9	orig=15.1R|orig.time=7:00AM|orig.date=1865-07-07
1865	7	7	9	58	0	22.8	orig=18.2R|orig.time=Noon|orig.date=1865-07-07
1865	7	7	11	58	0	21.6	orig=17.3R|orig.time=2:00PM|orig.date=1865-07-07
1865	7	7	18	58	0	19	orig=15.2R|orig.time=9:00PM|orig.date=1865-07-07
1865	7	8	4	58	0	18	orig=14.4R|orig.time=7:00AM|orig.date=1865-07-08
1865	7	8	9	58	0	23.9	orig=19.1R|orig.time=Noon|orig.date=1865-07-08
1865	7	8	11	58	0	24.9	orig=19.9R|orig.time=2:00PM|orig.date=1865-07-08
1865	7	8	18	58	0	21	orig=16.8R|orig.time=9:00PM|orig.date=1865-07-08
1865	7	9	4	58	0	20.8	orig=16.6R|orig.time=7:00AM|orig.date=1865-07-09
1865	7	9	9	58	0	28	orig=22.4R|orig.time=Noon|orig.date=1865-07-09
1865	7	9	11	58	0	28.8	orig=23R|orig.time=2:00PM|orig.date=1865-07-09
1865	7	9	18	58	0	23	orig=18.4R|orig.time=9:00PM|orig.date=1865-07-09
1865	7	10	4	58	0	22.4	orig=17.9R|orig.time=7:00AM|orig.date=1865-07-10
1865	7	10	9	58	0	30.1	orig=24.1R|orig.time=Noon|orig.date=1865-07-10
1865	7	10	11	58	0	30.6	orig=24.5R|orig.time=2:00PM|orig.date=1865-07-10
1865	7	10	18	58	0	22.6	orig=18.1R|orig.time=9:00PM|orig.date=1865-07-10
1865	7	11	4	58	0	22.2	orig=17.8R|orig.time=7:00AM|orig.date=1865-07-11
1865	7	11	9	58	0	29	orig=23.2R|orig.time=Noon|orig.date=1865-07-11
1865	7	11	11	58	0	29.6	orig=23.7R|orig.time=2:00PM|orig.date=1865-07-11
1865	7	11	18	58	0	19.6	orig=15.7R|orig.time=9:00PM|orig.date=1865-07-11
1865	7	12	4	58	0	18.4	orig=14.7R|orig.time=7:00AM|orig.date=1865-07-12
1865	7	12	9	58	0	23.1	orig=18.5R|orig.time=Noon|orig.date=1865-07-12
1865	7	12	11	58	0	24.8	orig=19.8R|orig.time=2:00PM|orig.date=1865-07-12
1865	7	12	18	58	0	20.9	orig=16.7R|orig.time=9:00PM|orig.date=1865-07-12
1865	7	13	4	58	0	23.1	orig=18.5R|orig.time=7:00AM|orig.date=1865-07-13
1865	7	13	9	58	0	29.8	orig=23.8R|orig.time=Noon|orig.date=1865-07-13
1865	7	13	11	58	0	30.8	orig=24.6R|orig.time=2:00PM|orig.date=1865-07-13
1865	7	13	18	58	0	19.5	orig=15.6R|orig.time=9:00PM|orig.date=1865-07-13
1865	7	14	4	58	0	20	orig=16R|orig.time=7:00AM|orig.date=1865-07-14
1865	7	14	9	58	0	24.1	orig=19.3R|orig.time=Noon|orig.date=1865-07-14
1865	7	14	11	58	0	25.6	orig=20.5R|orig.time=2:00PM|orig.date=1865-07-14
1865	7	14	18	58	0	18.6	orig=14.9R|orig.time=9:00PM|orig.date=1865-07-14
1865	7	15	4	58	0	18.6	orig=14.9R|orig.time=7:00AM|orig.date=1865-07-15
1865	7	15	9	58	0	23.8	orig=19R|orig.time=Noon|orig.date=1865-07-15
1865	7	15	11	58	0	24.6	orig=19.7R|orig.time=2:00PM|orig.date=1865-07-15
1865	7	15	18	58	0	19.5	orig=15.6R|orig.time=9:00PM|orig.date=1865-07-15
1865	7	16	4	58	0	18.5	orig=14.8R|orig.time=7:00AM|orig.date=1865-07-16
1865	7	16	9	58	0	22.8	orig=18.2R|orig.time=Noon|orig.date=1865-07-16
1865	7	16	11	58	0	23.1	orig=18.5R|orig.time=2:00PM|orig.date=1865-07-16
1865	7	16	18	58	0	19.5	orig=15.6R|orig.time=9:00PM|orig.date=1865-07-16
1865	7	17	4	58	0	18.9	orig=15.1R|orig.time=7:00AM|orig.date=1865-07-17
1865	7	17	9	58	0	24	orig=19.2R|orig.time=Noon|orig.date=1865-07-17
1865	7	17	11	58	0	24.1	orig=19.3R|orig.time=2:00PM|orig.date=1865-07-17
1865	7	17	18	58	0	19.6	orig=15.7R|orig.time=9:00PM|orig.date=1865-07-17
1865	7	18	4	58	0	19.2	orig=15.4R|orig.time=7:00AM|orig.date=1865-07-18
1865	7	18	9	58	0	24.1	orig=19.3R|orig.time=Noon|orig.date=1865-07-18
1865	7	18	11	58	0	24.2	orig=19.4R|orig.time=2:00PM|orig.date=1865-07-18
1865	7	18	18	58	0	20.9	orig=16.7R|orig.time=9:00PM|orig.date=1865-07-18
1865	7	19	4	58	0	20.8	orig=16.6R|orig.time=7:00AM|orig.date=1865-07-19
1865	7	19	9	58	0	26.9	orig=21.5R|orig.time=Noon|orig.date=1865-07-19
1865	7	19	11	58	0	26.5	orig=21.2R|orig.time=2:00PM|orig.date=1865-07-19
1865	7	19	18	58	0	23.4	orig=18.7R|orig.time=9:00PM|orig.date=1865-07-19
1865	7	20	4	58	0	22.2	orig=17.8R|orig.time=7:00AM|orig.date=1865-07-20
1865	7	20	9	58	0	28.9	orig=23.1R|orig.time=Noon|orig.date=1865-07-20
1865	7	20	11	58	0	30.6	orig=24.5R|orig.time=2:00PM|orig.date=1865-07-20
1865	7	20	18	58	0	23.1	orig=18.5R|orig.time=9:00PM|orig.date=1865-07-20
1865	7	21	4	58	0	25	orig=20R|orig.time=7:00AM|orig.date=1865-07-21
1865	7	21	9	58	0	30.9	orig=24.7R|orig.time=Noon|orig.date=1865-07-21
1865	7	21	11	58	0	25.9	orig=20.7R|orig.time=2:00PM|orig.date=1865-07-21
1865	7	21	18	58	0	21.8	orig=17.4R|orig.time=9:00PM|orig.date=1865-07-21
1865	7	22	4	58	0	20.6	orig=16.5R|orig.time=7:00AM|orig.date=1865-07-22
1865	7	22	9	58	0	26.4	orig=21.1R|orig.time=Noon|orig.date=1865-07-22
1865	7	22	11	58	0	29.2	orig=23.4R|orig.time=2:00PM|orig.date=1865-07-22
1865	7	22	18	58	0	24.9	orig=19.9R|orig.time=9:00PM|orig.date=1865-07-22
1865	7	23	4	58	0	22.2	orig=17.8R|orig.time=7:00AM|orig.date=1865-07-23
1865	7	23	9	58	0	29.6	orig=23.7R|orig.time=Noon|orig.date=1865-07-23
1865	7	23	11	58	0	30.1	orig=24.1R|orig.time=2:00PM|orig.date=1865-07-23
1865	7	23	18	58	0	18.8	orig=15R|orig.time=9:00PM|orig.date=1865-07-23
1865	7	24	4	58	0	21.6	orig=17.3R|orig.time=7:00AM|orig.date=1865-07-24
1865	7	24	9	58	0	27.9	orig=22.3R|orig.time=Noon|orig.date=1865-07-24
1865	7	24	11	58	0	29.6	orig=23.7R|orig.time=2:00PM|orig.date=1865-07-24
1865	7	24	18	58	0	23.1	orig=18.5R|orig.time=9:00PM|orig.date=1865-07-24
1865	7	25	4	58	0	19.5	orig=15.6R|orig.time=7:00AM|orig.date=1865-07-25
1865	7	25	9	58	0	23.2	orig=18.6R|orig.time=Noon|orig.date=1865-07-25
1865	7	25	11	58	0	23.4	orig=18.7R|orig.time=2:00PM|orig.date=1865-07-25
1865	7	25	18	58	0	20.6	orig=16.5R|orig.time=9:00PM|orig.date=1865-07-25
1865	7	26	4	58	0	17.4	orig=13.9R|orig.time=7:00AM|orig.date=1865-07-26
1865	7	26	9	58	0	24.8	orig=19.8R|orig.time=Noon|orig.date=1865-07-26
1865	7	26	11	58	0	24.9	orig=19.9R|orig.time=2:00PM|orig.date=1865-07-26
1865	7	26	18	58	0	20.1	orig=16.1R|orig.time=9:00PM|orig.date=1865-07-26
1865	7	27	4	58	0	18.5	orig=14.8R|orig.time=7:00AM|orig.date=1865-07-27
1865	7	27	9	58	0	25.1	orig=20.1R|orig.time=Noon|orig.date=1865-07-27
1865	7	27	11	58	0	26.2	orig=21R|orig.time=2:00PM|orig.date=1865-07-27
1865	7	27	18	58	0	20.8	orig=16.6R|orig.time=9:00PM|orig.date=1865-07-27
1865	7	28	4	58	0	19.6	orig=15.7R|orig.time=7:00AM|orig.date=1865-07-28
1865	7	28	9	58	0	27.1	orig=21.7R|orig.time=Noon|orig.date=1865-07-28
1865	7	28	11	58	0	25	orig=20R|orig.time=2:00PM|orig.date=1865-07-28
1865	7	28	18	58	0	22.5	orig=18R|orig.time=9:00PM|orig.date=1865-07-28
1865	7	29	4	58	0	20.9	orig=16.7R|orig.time=7:00AM|orig.date=1865-07-29
1865	7	29	9	58	0	26.9	orig=21.5R|orig.time=Noon|orig.date=1865-07-29
1865	7	29	11	58	0	27.1	orig=21.7R|orig.time=2:00PM|orig.date=1865-07-29
1865	7	29	18	58	0	21.8	orig=17.4R|orig.time=9:00PM|orig.date=1865-07-29
1865	7	30	4	58	0	19.5	orig=15.6R|orig.time=7:00AM|orig.date=1865-07-30
1865	7	30	9	58	0	27.8	orig=22.2R|orig.time=Noon|orig.date=1865-07-30
1865	7	30	11	58	0	28.2	orig=22.6R|orig.time=2:00PM|orig.date=1865-07-30
1865	7	30	18	58	0	21.8	orig=17.4R|orig.time=9:00PM|orig.date=1865-07-30
1865	7	31	4	58	0	21.6	orig=17.3R|orig.time=7:00AM|orig.date=1865-07-31
1865	7	31	9	58	0	29.9	orig=23.9R|orig.time=Noon|orig.date=1865-07-31
1865	7	31	11	58	0	30.1	orig=24.1R|orig.time=2:00PM|orig.date=1865-07-31
1865	7	31	18	58	0	19.8	orig=15.8R|orig.time=9:00PM|orig.date=1865-07-31
1865	8	1	4	58	0	20.6	orig=16.5R|orig.time=7:00AM|orig.date=1865-08-01
1865	8	1	9	58	0	28.1	orig=22.5R|orig.time=Noon|orig.date=1865-08-01
1865	8	1	11	58	0	29.9	orig=23.9R|orig.time=2:00PM|orig.date=1865-08-01
1865	8	1	18	58	0	22.8	orig=18.2R|orig.time=9:00PM|orig.date=1865-08-01
1865	8	2	4	58	0	21.6	orig=17.3R|orig.time=7:00AM|orig.date=1865-08-02
1865	8	2	9	58	0	31.5	orig=25.2R|orig.time=Noon|orig.date=1865-08-02
1865	8	2	11	58	0	31.1	orig=24.9R|orig.time=2:00PM|orig.date=1865-08-02
1865	8	2	18	58	0	21.6	orig=17.3R|orig.time=9:00PM|orig.date=1865-08-02
1865	8	3	4	58	0	20.4	orig=16.3R|orig.time=7:00AM|orig.date=1865-08-03
1865	8	3	9	58	0	29.4	orig=23.5R|orig.time=Noon|orig.date=1865-08-03
1865	8	3	11	58	0	31.9	orig=25.5R|orig.time=2:00PM|orig.date=1865-08-03
1865	8	3	18	58	0	24.2	orig=19.4R|orig.time=9:00PM|orig.date=1865-08-03
1865	8	4	4	58	0	23	orig=18.4R|orig.time=7:00AM|orig.date=1865-08-04
1865	8	4	9	58	0	31.6	orig=25.3R|orig.time=Noon|orig.date=1865-08-04
1865	8	4	11	58	0	32.6	orig=26.1R|orig.time=2:00PM|orig.date=1865-08-04
1865	8	4	18	58	0	21.4	orig=17.1R|orig.time=9:00PM|orig.date=1865-08-04
1865	8	5	4	58	0	19.1	orig=15.3R|orig.time=7:00AM|orig.date=1865-08-05
1865	8	5	9	58	0	27.8	orig=22.2R|orig.time=Noon|orig.date=1865-08-05
1865	8	5	11	58	0	30.2	orig=24.2R|orig.time=2:00PM|orig.date=1865-08-05
1865	8	5	18	58	0	19.5	orig=15.6R|orig.time=9:00PM|orig.date=1865-08-05
1865	8	6	4	58	0	14.8	orig=11.8R|orig.time=7:00AM|orig.date=1865-08-06
1865	8	6	9	58	0	19	orig=15.2R|orig.time=Noon|orig.date=1865-08-06
1865	8	6	11	58	0	21.4	orig=17.1R|orig.time=2:00PM|orig.date=1865-08-06
1865	8	6	18	58	0	15.9	orig=12.7R|orig.time=9:00PM|orig.date=1865-08-06
1865	8	7	4	58	0	14.5	orig=11.6R|orig.time=7:00AM|orig.date=1865-08-07
1865	8	7	9	58	0	16.5	orig=13.2R|orig.time=Noon|orig.date=1865-08-07
1865	8	7	11	58	0	19.6	orig=15.7R|orig.time=2:00PM|orig.date=1865-08-07
1865	8	7	18	58	0	13.4	orig=10.7R|orig.time=9:00PM|orig.date=1865-08-07
1865	8	8	4	58	0	13.5	orig=10.8R|orig.time=7:00AM|orig.date=1865-08-08
1865	8	8	9	58	0	21.4	orig=17.1R|orig.time=Noon|orig.date=1865-08-08
1865	8	8	11	58	0	22.4	orig=17.9R|orig.time=2:00PM|orig.date=1865-08-08
1865	8	8	18	58	0	18	orig=14.4R|orig.time=9:00PM|orig.date=1865-08-08
1865	8	9	4	58	0	16.1	orig=12.9R|orig.time=7:00AM|orig.date=1865-08-09
1865	8	9	9	58	0	21.8	orig=17.4R|orig.time=Noon|orig.date=1865-08-09
1865	8	9	11	58	0	22.9	orig=18.3R|orig.time=2:00PM|orig.date=1865-08-09
1865	8	9	18	58	0	18	orig=14.4R|orig.time=9:00PM|orig.date=1865-08-09
1865	8	10	4	58	0	17	orig=13.6R|orig.time=7:00AM|orig.date=1865-08-10
1865	8	10	9	58	0	22.2	orig=17.8R|orig.time=Noon|orig.date=1865-08-10
1865	8	10	11	58	0	22.9	orig=18.3R|orig.time=2:00PM|orig.date=1865-08-10
1865	8	10	18	58	0	15.9	orig=12.7R|orig.time=9:00PM|orig.date=1865-08-10
1865	8	11	4	58	0	14.4	orig=11.5R|orig.time=7:00AM|orig.date=1865-08-11
1865	8	11	9	58	0	22.1	orig=17.7R|orig.time=Noon|orig.date=1865-08-11
1865	8	11	11	58	0	22.6	orig=18.1R|orig.time=2:00PM|orig.date=1865-08-11
1865	8	11	18	58	0	17.4	orig=13.9R|orig.time=9:00PM|orig.date=1865-08-11
1865	8	12	4	58	0	16.8	orig=13.4R|orig.time=7:00AM|orig.date=1865-08-12
1865	8	12	9	58	0	22.9	orig=18.3R|orig.time=Noon|orig.date=1865-08-12
1865	8	12	11	58	0	24.1	orig=19.3R|orig.time=2:00PM|orig.date=1865-08-12
1865	8	12	18	58	0	18.9	orig=15.1R|orig.time=9:00PM|orig.date=1865-08-12
1865	8	13	4	58	0	17.4	orig=13.9R|orig.time=7:00AM|orig.date=1865-08-13
1865	8	13	9	58	0	21.4	orig=17.1R|orig.time=Noon|orig.date=1865-08-13
1865	8	13	11	58	0	22	orig=17.6R|orig.time=2:00PM|orig.date=1865-08-13
1865	8	13	18	58	0	18.5	orig=14.8R|orig.time=9:00PM|orig.date=1865-08-13
1865	8	14	4	58	0	16.2	orig=13R|orig.time=7:00AM|orig.date=1865-08-14
1865	8	14	9	58	0	23.2	orig=18.6R|orig.time=Noon|orig.date=1865-08-14
1865	8	14	11	58	0	24.6	orig=19.7R|orig.time=2:00PM|orig.date=1865-08-14
1865	8	14	18	58	0	22.1	orig=17.7R|orig.time=9:00PM|orig.date=1865-08-14
1865	8	15	4	58	0	17.2	orig=13.8R|orig.time=7:00AM|orig.date=1865-08-15
1865	8	15	9	58	0	25.2	orig=20.2R|orig.time=Noon|orig.date=1865-08-15
1865	8	15	11	58	0	26.8	orig=21.4R|orig.time=2:00PM|orig.date=1865-08-15
1865	8	15	18	58	0	20.5	orig=16.4R|orig.time=9:00PM|orig.date=1865-08-15
1865	8	16	4	58	0	16.2	orig=13R|orig.time=7:00AM|orig.date=1865-08-16
1865	8	16	9	58	0	26.5	orig=21.2R|orig.time=Noon|orig.date=1865-08-16
1865	8	16	11	58	0	26.1	orig=20.9R|orig.time=2:00PM|orig.date=1865-08-16
1865	8	16	18	58	0	20.6	orig=16.5R|orig.time=9:00PM|orig.date=1865-08-16
1865	8	17	4	58	0	17.1	orig=13.7R|orig.time=7:00AM|orig.date=1865-08-17
1865	8	17	9	58	0	22.9	orig=18.3R|orig.time=Noon|orig.date=1865-08-17
1865	8	17	11	58	0	23.6	orig=18.9R|orig.time=2:00PM|orig.date=1865-08-17
1865	8	17	18	58	0	17.2	orig=13.8R|orig.time=9:00PM|orig.date=1865-08-17
1865	8	18	4	58	0	16.5	orig=13.2R|orig.time=7:00AM|orig.date=1865-08-18
1865	8	18	9	58	0	26.6	orig=21.3R|orig.time=Noon|orig.date=1865-08-18
1865	8	18	11	58	0	17.8	orig=14.2R|orig.time=2:00PM|orig.date=1865-08-18
1865	8	18	18	58	0	16.8	orig=13.4R|orig.time=9:00PM|orig.date=1865-08-18
1865	8	19	4	58	0	13.6	orig=10.9R|orig.time=7:00AM|orig.date=1865-08-19
1865	8	19	9	58	0	21	orig=16.8R|orig.time=Noon|orig.date=1865-08-19
1865	8	19	11	58	0	19.9	orig=15.9R|orig.time=2:00PM|orig.date=1865-08-19
1865	8	19	18	58	0	13.1	orig=10.5R|orig.time=9:00PM|orig.date=1865-08-19
1865	8	20	4	58	0	13.4	orig=10.7R|orig.time=7:00AM|orig.date=1865-08-20
1865	8	20	9	58	0	19.1	orig=15.3R|orig.time=Noon|orig.date=1865-08-20
1865	8	20	11	58	0	20.4	orig=16.3R|orig.time=2:00PM|orig.date=1865-08-20
1865	8	20	18	58	0	12.2	orig=9.8R|orig.time=9:00PM|orig.date=1865-08-20
1865	8	21	4	58	0	11.1	orig=8.9R|orig.time=7:00AM|orig.date=1865-08-21
1865	8	21	9	58	0	13.6	orig=10.9R|orig.time=Noon|orig.date=1865-08-21
1865	8	21	11	58	0	13.9	orig=11.1R|orig.time=2:00PM|orig.date=1865-08-21
1865	8	21	18	58	0	10.8	orig=8.6R|orig.time=9:00PM|orig.date=1865-08-21
1865	8	22	4	58	0	9.8	orig=7.8R|orig.time=7:00AM|orig.date=1865-08-22
1865	8	22	9	58	0	19.6	orig=15.7R|orig.time=Noon|orig.date=1865-08-22
1865	8	22	11	58	0	21.9	orig=17.5R|orig.time=2:00PM|orig.date=1865-08-22
1865	8	22	18	58	0	14.8	orig=11.8R|orig.time=9:00PM|orig.date=1865-08-22
1865	8	23	4	58	0	13.8	orig=11R|orig.time=7:00AM|orig.date=1865-08-23
1865	8	23	9	58	0	16.2	orig=13R|orig.time=Noon|orig.date=1865-08-23
1865	8	23	11	58	0	17.9	orig=14.3R|orig.time=2:00PM|orig.date=1865-08-23
1865	8	23	18	58	0	14.2	orig=11.4R|orig.time=9:00PM|orig.date=1865-08-23
1865	8	24	4	58	0	13.5	orig=10.8R|orig.time=7:00AM|orig.date=1865-08-24
1865	8	24	9	58	0	18.5	orig=14.8R|orig.time=Noon|orig.date=1865-08-24
1865	8	24	11	58	0	19.2	orig=15.4R|orig.time=2:00PM|orig.date=1865-08-24
1865	8	24	18	58	0	16.8	orig=13.4R|orig.time=9:00PM|orig.date=1865-08-24
1865	8	25	4	58	0	14.4	orig=11.5R|orig.time=7:00AM|orig.date=1865-08-25
1865	8	25	9	58	0	18.8	orig=15R|orig.time=Noon|orig.date=1865-08-25
1865	8	25	11	58	0	19.6	orig=15.7R|orig.time=2:00PM|orig.date=1865-08-25
1865	8	25	18	58	0	13.9	orig=11.1R|orig.time=9:00PM|orig.date=1865-08-25
1865	8	26	4	58	0	11.9	orig=9.5R|orig.time=7:00AM|orig.date=1865-08-26
1865	8	26	9	58	0	12.1	orig=9.7R|orig.time=Noon|orig.date=1865-08-26
1865	8	26	11	58	0	12.8	orig=10.2R|orig.time=2:00PM|orig.date=1865-08-26
1865	8	26	18	58	0	13.1	orig=10.5R|orig.time=9:00PM|orig.date=1865-08-26
1865	8	27	4	58	0	7.5	orig=6R|orig.time=7:00AM|orig.date=1865-08-27
1865	8	27	9	58	0	14.9	orig=11.9R|orig.time=Noon|orig.date=1865-08-27
1865	8	27	11	58	0	15.9	orig=12.7R|orig.time=2:00PM|orig.date=1865-08-27
1865	8	27	18	58	0	11.8	orig=9.4R|orig.time=9:00PM|orig.date=1865-08-27
1865	8	28	4	58	0	13.9	orig=11.1R|orig.time=7:00AM|orig.date=1865-08-28
1865	8	28	9	58	0	18.9	orig=15.1R|orig.time=Noon|orig.date=1865-08-28
1865	8	28	11	58	0	20.8	orig=16.6R|orig.time=2:00PM|orig.date=1865-08-28
1865	8	28	18	58	0	14.8	orig=11.8R|orig.time=9:00PM|orig.date=1865-08-28
1865	8	29	4	58	0	13.1	orig=10.5R|orig.time=7:00AM|orig.date=1865-08-29
1865	8	29	9	58	0	20.6	orig=16.5R|orig.time=Noon|orig.date=1865-08-29
1865	8	29	11	58	0	22.8	orig=18.2R|orig.time=2:00PM|orig.date=1865-08-29
1865	8	29	18	58	0	17.5	orig=14R|orig.time=9:00PM|orig.date=1865-08-29
1865	8	30	4	58	0	15.9	orig=12.7R|orig.time=7:00AM|orig.date=1865-08-30
1865	8	30	9	58	0	25.1	orig=20.1R|orig.time=Noon|orig.date=1865-08-30
1865	8	30	11	58	0	27.1	orig=21.7R|orig.time=2:00PM|orig.date=1865-08-30
1865	8	30	18	58	0	21	orig=16.8R|orig.time=9:00PM|orig.date=1865-08-30
1865	8	31	4	58	0	15.6	orig=12.5R|orig.time=7:00AM|orig.date=1865-08-31
1865	8	31	9	58	0	15.2	orig=12.2R|orig.time=Noon|orig.date=1865-08-31
1865	8	31	11	58	0	16.2	orig=13R|orig.time=2:00PM|orig.date=1865-08-31
1865	8	31	18	58	0	10.1	orig=8.1R|orig.time=9:00PM|orig.date=1865-08-31
1865	9	1	4	58	0	7.9	orig=6.3R|orig.time=7:00AM|orig.date=1865-09-01
1865	9	1	9	58	0	18.2	orig=14.6R|orig.time=Noon|orig.date=1865-09-01
1865	9	1	11	58	0	18.5	orig=14.8R|orig.time=2:00PM|orig.date=1865-09-01
1865	9	1	18	58	0	14.6	orig=11.7R|orig.time=9:00PM|orig.date=1865-09-01
1865	9	2	4	58	0	12.5	orig=10R|orig.time=7:00AM|orig.date=1865-09-02
1865	9	2	9	58	0	15.1	orig=12.1R|orig.time=Noon|orig.date=1865-09-02
1865	9	2	11	58	0	13.1	orig=10.5R|orig.time=2:00PM|orig.date=1865-09-02
1865	9	2	18	58	0	9.5	orig=7.6R|orig.time=9:00PM|orig.date=1865-09-02
1865	9	3	4	58	0	8.5	orig=6.8R|orig.time=7:00AM|orig.date=1865-09-03
1865	9	3	9	58	0	11.4	orig=9.1R|orig.time=Noon|orig.date=1865-09-03
1865	9	3	11	58	0	11.6	orig=9.3R|orig.time=2:00PM|orig.date=1865-09-03
1865	9	3	18	58	0	9.1	orig=7.3R|orig.time=9:00PM|orig.date=1865-09-03
1865	9	4	4	58	0	11.5	orig=9.2R|orig.time=7:00AM|orig.date=1865-09-04
1865	9	4	9	58	0	8.6	orig=6.9R|orig.time=Noon|orig.date=1865-09-04
1865	9	4	11	58	0	10.8	orig=8.6R|orig.time=2:00PM|orig.date=1865-09-04
1865	9	4	18	58	0	7.8	orig=6.2R|orig.time=9:00PM|orig.date=1865-09-04
1865	9	5	4	58	0	4.1	orig=3.3R|orig.time=7:00AM|orig.date=1865-09-05
1865	9	5	9	58	0	11.1	orig=8.9R|orig.time=Noon|orig.date=1865-09-05
1865	9	5	11	58	0	13.2	orig=10.6R|orig.time=2:00PM|orig.date=1865-09-05
1865	9	5	18	58	0	8.6	orig=6.9R|orig.time=9:00PM|orig.date=1865-09-05
1865	9	6	4	58	0	7.1	orig=5.7R|orig.time=7:00AM|orig.date=1865-09-06
1865	9	6	9	58	0	18.4	orig=14.7R|orig.time=Noon|orig.date=1865-09-06
1865	9	6	11	58	0	21.2	orig=17R|orig.time=2:00PM|orig.date=1865-09-06
1865	9	6	18	58	0	16.9	orig=13.5R|orig.time=9:00PM|orig.date=1865-09-06
1865	9	7	4	58	0	14.6	orig=11.7R|orig.time=7:00AM|orig.date=1865-09-07
1865	9	7	9	58	0	21	orig=16.8R|orig.time=Noon|orig.date=1865-09-07
1865	9	7	11	58	0	22	orig=17.6R|orig.time=2:00PM|orig.date=1865-09-07
1865	9	7	18	58	0	16.2	orig=13R|orig.time=9:00PM|orig.date=1865-09-07
1865	9	8	4	58	0	12.5	orig=10R|orig.time=7:00AM|orig.date=1865-09-08
1865	9	8	9	58	0	21.1	orig=16.9R|orig.time=Noon|orig.date=1865-09-08
1865	9	8	11	58	0	22.1	orig=17.7R|orig.time=2:00PM|orig.date=1865-09-08
1865	9	8	18	58	0	16.8	orig=13.4R|orig.time=9:00PM|orig.date=1865-09-08
1865	9	9	4	58	0	12.4	orig=9.9R|orig.time=7:00AM|orig.date=1865-09-09
1865	9	9	9	58	0	22.1	orig=17.7R|orig.time=Noon|orig.date=1865-09-09
1865	9	9	11	58	0	23.6	orig=18.9R|orig.time=2:00PM|orig.date=1865-09-09
1865	9	9	18	58	0	17.9	orig=14.3R|orig.time=9:00PM|orig.date=1865-09-09
1865	9	10	4	58	0	16.5	orig=13.2R|orig.time=7:00AM|orig.date=1865-09-10
1865	9	10	9	58	0	21.4	orig=17.1R|orig.time=Noon|orig.date=1865-09-10
1865	9	10	11	58	0	22.4	orig=17.9R|orig.time=2:00PM|orig.date=1865-09-10
1865	9	10	18	58	0	18.6	orig=14.9R|orig.time=9:00PM|orig.date=1865-09-10
1865	9	11	4	58	0	17.2	orig=13.8R|orig.time=7:00AM|orig.date=1865-09-11
1865	9	11	9	58	0	24.4	orig=19.5R|orig.time=Noon|orig.date=1865-09-11
1865	9	11	11	58	0	21.2	orig=17R|orig.time=2:00PM|orig.date=1865-09-11
1865	9	11	18	58	0	17	orig=13.6R|orig.time=9:00PM|orig.date=1865-09-11
1865	9	12	4	58	0	15.6	orig=12.5R|orig.time=7:00AM|orig.date=1865-09-12
1865	9	12	9	58	0	16.4	orig=13.1R|orig.time=Noon|orig.date=1865-09-12
1865	9	12	11	58	0	14.6	orig=11.7R|orig.time=2:00PM|orig.date=1865-09-12
1865	9	12	18	58	0	9.6	orig=7.7R|orig.time=9:00PM|orig.date=1865-09-12
1865	9	13	4	58	0	9.5	orig=7.6R|orig.time=7:00AM|orig.date=1865-09-13
1865	9	13	9	58	0	9.2	orig=7.4R|orig.time=Noon|orig.date=1865-09-13
1865	9	13	11	58	0	9.8	orig=7.8R|orig.time=2:00PM|orig.date=1865-09-13
1865	9	13	18	58	0	7.5	orig=6R|orig.time=9:00PM|orig.date=1865-09-13
1865	9	14	4	58	0	6	orig=4.8R|orig.time=7:00AM|orig.date=1865-09-14
1865	9	14	9	58	0	13.6	orig=10.9R|orig.time=Noon|orig.date=1865-09-14
1865	9	14	11	58	0	13.9	orig=11.1R|orig.time=2:00PM|orig.date=1865-09-14
1865	9	14	18	58	0	11	orig=8.8R|orig.time=9:00PM|orig.date=1865-09-14
1865	9	15	4	58	0	9.1	orig=7.3R|orig.time=7:00AM|orig.date=1865-09-15
1865	9	15	9	58	0	11.4	orig=9.1R|orig.time=Noon|orig.date=1865-09-15
1865	9	15	11	58	0	12.6	orig=10.1R|orig.time=2:00PM|orig.date=1865-09-15
1865	9	15	18	58	0	7.9	orig=6.3R|orig.time=9:00PM|orig.date=1865-09-15
1865	9	16	4	58	0	6.2	orig=5R|orig.time=7:00AM|orig.date=1865-09-16
1865	9	16	9	58	0	9	orig=7.2R|orig.time=Noon|orig.date=1865-09-16
1865	9	16	11	58	0	9.4	orig=7.5R|orig.time=2:00PM|orig.date=1865-09-16
1865	9	16	18	58	0	7.5	orig=6R|orig.time=9:00PM|orig.date=1865-09-16
1865	9	17	4	58	0	7	orig=5.6R|orig.time=7:00AM|orig.date=1865-09-17
1865	9	17	9	58	0	8.9	orig=7.1R|orig.time=Noon|orig.date=1865-09-17
1865	9	17	11	58	0	9.4	orig=7.5R|orig.time=2:00PM|orig.date=1865-09-17
1865	9	17	18	58	0	7.1	orig=5.7R|orig.time=9:00PM|orig.date=1865-09-17
1865	9	18	4	58	0	8.8	orig=7R|orig.time=7:00AM|orig.date=1865-09-18
1865	9	18	9	58	0	12.2	orig=9.8R|orig.time=Noon|orig.date=1865-09-18
1865	9	18	11	58	0	13.6	orig=10.9R|orig.time=2:00PM|orig.date=1865-09-18
1865	9	18	18	58	0	8	orig=6.4R|orig.time=9:00PM|orig.date=1865-09-18
1865	9	19	4	58	0	6.2	orig=5R|orig.time=7:00AM|orig.date=1865-09-19
1865	9	19	9	58	0	9.4	orig=7.5R|orig.time=Noon|orig.date=1865-09-19
1865	9	19	11	58	0	9	orig=7.2R|orig.time=2:00PM|orig.date=1865-09-19
1865	9	19	18	58	0	8.5	orig=6.8R|orig.time=9:00PM|orig.date=1865-09-19
1865	9	20	4	58	0	8.5	orig=6.8R|orig.time=7:00AM|orig.date=1865-09-20
1865	9	20	9	58	0	9.8	orig=7.8R|orig.time=Noon|orig.date=1865-09-20
1865	9	20	11	58	0	9.9	orig=7.9R|orig.time=2:00PM|orig.date=1865-09-20
1865	9	20	18	58	0	8.1	orig=6.5R|orig.time=9:00PM|orig.date=1865-09-20
1865	9	21	4	58	0	8.2	orig=6.6R|orig.time=7:00AM|orig.date=1865-09-21
1865	9	21	9	58	0	9.4	orig=7.5R|orig.time=Noon|orig.date=1865-09-21
1865	9	21	11	58	0	9.6	orig=7.7R|orig.time=2:00PM|orig.date=1865-09-21
1865	9	21	18	58	0	9	orig=7.2R|orig.time=9:00PM|orig.date=1865-09-21
1865	9	22	4	58	0	8	orig=6.4R|orig.time=7:00AM|orig.date=1865-09-22
1865	9	22	9	58	0	9	orig=7.2R|orig.time=Noon|orig.date=1865-09-22
1865	9	22	11	58	0	10.6	orig=8.5R|orig.time=2:00PM|orig.date=1865-09-22
1865	9	22	18	58	0	9.8	orig=7.8R|orig.time=9:00PM|orig.date=1865-09-22
1865	9	23	4	58	0	6.9	orig=5.5R|orig.time=7:00AM|orig.date=1865-09-23
1865	9	23	9	58	0	12.6	orig=10.1R|orig.time=Noon|orig.date=1865-09-23
1865	9	23	11	58	0	14.2	orig=11.4R|orig.time=2:00PM|orig.date=1865-09-23
1865	9	23	18	58	0	9.6	orig=7.7R|orig.time=9:00PM|orig.date=1865-09-23
1865	9	24	4	58	0	9.6	orig=7.7R|orig.time=7:00AM|orig.date=1865-09-24
1865	9	24	9	58	0	13.9	orig=11.1R|orig.time=Noon|orig.date=1865-09-24
1865	9	24	11	58	0	14	orig=11.2R|orig.time=2:00PM|orig.date=1865-09-24
1865	9	24	18	58	0	10.4	orig=8.3R|orig.time=9:00PM|orig.date=1865-09-24
1865	9	25	4	58	0	8	orig=6.4R|orig.time=7:00AM|orig.date=1865-09-25
1865	9	25	9	58	0	14.5	orig=11.6R|orig.time=Noon|orig.date=1865-09-25
1865	9	25	11	58	0	14.4	orig=11.5R|orig.time=2:00PM|orig.date=1865-09-25
1865	9	25	18	58	0	10	orig=8R|orig.time=9:00PM|orig.date=1865-09-25
1865	9	26	4	58	0	5.9	orig=4.7R|orig.time=7:00AM|orig.date=1865-09-26
1865	9	26	9	58	0	14.4	orig=11.5R|orig.time=Noon|orig.date=1865-09-26
1865	9	26	11	58	0	14.6	orig=11.7R|orig.time=2:00PM|orig.date=1865-09-26
1865	9	26	18	58	0	8.1	orig=6.5R|orig.time=9:00PM|orig.date=1865-09-26
1865	9	27	4	58	0	6.5	orig=5.2R|orig.time=7:00AM|orig.date=1865-09-27
1865	9	27	9	58	0	16.1	orig=12.9R|orig.time=Noon|orig.date=1865-09-27
1865	9	27	11	58	0	17.4	orig=13.9R|orig.time=2:00PM|orig.date=1865-09-27
1865	9	27	18	58	0	10.8	orig=8.6R|orig.time=9:00PM|orig.date=1865-09-27
1865	9	28	4	58	0	8.2	orig=6.6R|orig.time=7:00AM|orig.date=1865-09-28
1865	9	28	9	58	0	16	orig=12.8R|orig.time=Noon|orig.date=1865-09-28
1865	9	28	11	58	0	18.2	orig=14.6R|orig.time=2:00PM|orig.date=1865-09-28
1865	9	28	18	58	0	12.2	orig=9.8R|orig.time=9:00PM|orig.date=1865-09-28
1865	9	29	4	58	0	9.2	orig=7.4R|orig.time=7:00AM|orig.date=1865-09-29
1865	9	29	9	58	0	17.6	orig=14.1R|orig.time=Noon|orig.date=1865-09-29
1865	9	29	11	58	0	19.4	orig=15.5R|orig.time=2:00PM|orig.date=1865-09-29
1865	9	29	18	58	0	11.9	orig=9.5R|orig.time=9:00PM|orig.date=1865-09-29
1865	9	30	4	58	0	6.1	orig=4.9R|orig.time=7:00AM|orig.date=1865-09-30
1865	9	30	9	58	0	8.1	orig=6.5R|orig.time=Noon|orig.date=1865-09-30
1865	9	30	11	58	0	9.1	orig=7.3R|orig.time=2:00PM|orig.date=1865-09-30
1865	9	30	18	58	0	5.2	orig=4.2R|orig.time=9:00PM|orig.date=1865-09-30
1865	10	1	4	58	0	2	orig=1.6R|orig.time=7:00AM|orig.date=1865-10-01
1865	10	1	9	58	0	9.9	orig=7.9R|orig.time=Noon|orig.date=1865-10-01
1865	10	1	11	58	0	10.8	orig=8.6R|orig.time=2:00PM|orig.date=1865-10-01
1865	10	1	18	58	0	5.8	orig=4.6R|orig.time=9:00PM|orig.date=1865-10-01
1865	10	2	4	58	0	3.5	orig=2.8R|orig.time=7:00AM|orig.date=1865-10-02
1865	10	2	9	58	0	11.1	orig=8.9R|orig.time=Noon|orig.date=1865-10-02
1865	10	2	11	58	0	12.4	orig=9.9R|orig.time=2:00PM|orig.date=1865-10-02
1865	10	2	18	58	0	1	orig=0.8R|orig.time=9:00PM|orig.date=1865-10-02
1865	10	3	4	58	0	5.4	orig=4.3R|orig.time=7:00AM|orig.date=1865-10-03
1865	10	3	9	58	0	9.1	orig=7.3R|orig.time=Noon|orig.date=1865-10-03
1865	10	3	11	58	0	10.1	orig=8.1R|orig.time=2:00PM|orig.date=1865-10-03
1865	10	3	18	58	0	5.4	orig=4.3R|orig.time=9:00PM|orig.date=1865-10-03
1865	10	4	4	58	0	0.4	orig=0.3R|orig.time=7:00AM|orig.date=1865-10-04
1865	10	4	9	58	0	5.6	orig=4.5R|orig.time=Noon|orig.date=1865-10-04
1865	10	4	11	58	0	6.6	orig=5.3R|orig.time=2:00PM|orig.date=1865-10-04
1865	10	4	18	58	0	2.9	orig=2.3R|orig.time=9:00PM|orig.date=1865-10-04
1865	10	5	4	58	0	-0.5	orig=-0.4R|orig.time=7:00AM|orig.date=1865-10-05
1865	10	5	9	58	0	8.8	orig=7R|orig.time=Noon|orig.date=1865-10-05
1865	10	5	11	58	0	10.5	orig=8.4R|orig.time=2:00PM|orig.date=1865-10-05
1865	10	5	18	58	0	4.5	orig=3.6R|orig.time=9:00PM|orig.date=1865-10-05
1865	10	6	4	58	0	1.8	orig=1.4R|orig.time=7:00AM|orig.date=1865-10-06
1865	10	6	9	58	0	11.8	orig=9.4R|orig.time=Noon|orig.date=1865-10-06
1865	10	6	11	58	0	13.6	orig=10.9R|orig.time=2:00PM|orig.date=1865-10-06
1865	10	6	18	58	0	5.6	orig=4.5R|orig.time=9:00PM|orig.date=1865-10-06
1865	10	7	4	58	0	4	orig=3.2R|orig.time=7:00AM|orig.date=1865-10-07
1865	10	7	9	58	0	11	orig=8.8R|orig.time=Noon|orig.date=1865-10-07
1865	10	7	11	58	0	13.6	orig=10.9R|orig.time=2:00PM|orig.date=1865-10-07
1865	10	7	18	58	0	7.2	orig=5.8R|orig.time=9:00PM|orig.date=1865-10-07
1865	10	8	4	58	0	3.8	orig=3R|orig.time=7:00AM|orig.date=1865-10-08
1865	10	8	9	58	0	12.9	orig=10.3R|orig.time=Noon|orig.date=1865-10-08
1865	10	8	11	58	0	14.9	orig=11.9R|orig.time=2:00PM|orig.date=1865-10-08
1865	10	8	18	58	0	5.9	orig=4.7R|orig.time=9:00PM|orig.date=1865-10-08
1865	10	9	4	58	0	4.8	orig=3.8R|orig.time=7:00AM|orig.date=1865-10-09
1865	10	9	9	58	0	8.1	orig=6.5R|orig.time=Noon|orig.date=1865-10-09
1865	10	9	11	58	0	6.9	orig=5.5R|orig.time=2:00PM|orig.date=1865-10-09
1865	10	9	18	58	0	1.1	orig=0.9R|orig.time=9:00PM|orig.date=1865-10-09
1865	10	10	4	58	0	-0.4	orig=-0.3R|orig.time=7:00AM|orig.date=1865-10-10
1865	10	10	9	58	0	0.9	orig=0.7R|orig.time=Noon|orig.date=1865-10-10
1865	10	10	11	58	0	1.1	orig=0.9R|orig.time=2:00PM|orig.date=1865-10-10
1865	10	10	18	58	0	-0.1	orig=-0.1R|orig.time=9:00PM|orig.date=1865-10-10
1865	10	11	4	58	0	0.8	orig=0.6R|orig.time=7:00AM|orig.date=1865-10-11
1865	10	11	9	58	0	4.9	orig=3.9R|orig.time=Noon|orig.date=1865-10-11
1865	10	11	11	58	0	6.2	orig=5R|orig.time=2:00PM|orig.date=1865-10-11
1865	10	11	18	58	0	4	orig=3.2R|orig.time=9:00PM|orig.date=1865-10-11
1865	10	12	4	58	0	0.6	orig=0.5R|orig.time=7:00AM|orig.date=1865-10-12
1865	10	12	9	58	0	1.6	orig=1.3R|orig.time=Noon|orig.date=1865-10-12
1865	10	12	11	58	0	1.2	orig=1R|orig.time=2:00PM|orig.date=1865-10-12
1865	10	12	18	58	0	0.2	orig=0.2R|orig.time=9:00PM|orig.date=1865-10-12
1865	10	13	4	58	0	0.8	orig=0.6R|orig.time=7:00AM|orig.date=1865-10-13
1865	10	13	9	58	0	2.5	orig=2R|orig.time=Noon|orig.date=1865-10-13
1865	10	13	11	58	0	4.1	orig=3.3R|orig.time=2:00PM|orig.date=1865-10-13
1865	10	13	18	58	0	2.6	orig=2.1R|orig.time=9:00PM|orig.date=1865-10-13
1865	10	14	4	58	0	3	orig=2.4R|orig.time=7:00AM|orig.date=1865-10-14
1865	10	14	9	58	0	4.8	orig=3.8R|orig.time=Noon|orig.date=1865-10-14
1865	10	14	11	58	0	5.5	orig=4.4R|orig.time=2:00PM|orig.date=1865-10-14
1865	10	14	18	58	0	4.8	orig=3.8R|orig.time=9:00PM|orig.date=1865-10-14
1865	10	15	4	58	0	6.9	orig=5.5R|orig.time=7:00AM|orig.date=1865-10-15
1865	10	15	9	58	0	6.9	orig=5.5R|orig.time=Noon|orig.date=1865-10-15
1865	10	15	11	58	0	7.4	orig=5.9R|orig.time=2:00PM|orig.date=1865-10-15
1865	10	15	18	58	0	6	orig=4.8R|orig.time=9:00PM|orig.date=1865-10-15
1865	10	16	4	58	0	4	orig=3.2R|orig.time=7:00AM|orig.date=1865-10-16
1865	10	16	9	58	0	6.2	orig=5R|orig.time=Noon|orig.date=1865-10-16
1865	10	16	11	58	0	7	orig=5.6R|orig.time=2:00PM|orig.date=1865-10-16
1865	10	16	18	58	0	4.9	orig=3.9R|orig.time=9:00PM|orig.date=1865-10-16
1865	10	17	4	58	0	4.4	orig=3.5R|orig.time=7:00AM|orig.date=1865-10-17
1865	10	17	9	58	0	11.2	orig=9R|orig.time=Noon|orig.date=1865-10-17
1865	10	17	11	58	0	12.1	orig=9.7R|orig.time=2:00PM|orig.date=1865-10-17
1865	10	17	18	58	0	7.2	orig=5.8R|orig.time=9:00PM|orig.date=1865-10-17
1865	10	18	4	58	0	8.9	orig=7.1R|orig.time=7:00AM|orig.date=1865-10-18
1865	10	18	9	58	0	10.6	orig=8.5R|orig.time=Noon|orig.date=1865-10-18
1865	10	18	11	58	0	10.9	orig=8.7R|orig.time=2:00PM|orig.date=1865-10-18
1865	10	18	18	58	0	11.4	orig=9.1R|orig.time=9:00PM|orig.date=1865-10-18
1865	10	19	4	58	0	11	orig=8.8R|orig.time=7:00AM|orig.date=1865-10-19
1865	10	19	9	58	0	12.4	orig=9.9R|orig.time=Noon|orig.date=1865-10-19
1865	10	19	11	58	0	12	orig=9.6R|orig.time=2:00PM|orig.date=1865-10-19
1865	10	19	18	58	0	10.6	orig=8.5R|orig.time=9:00PM|orig.date=1865-10-19
1865	10	20	4	58	0	9.5	orig=7.6R|orig.time=7:00AM|orig.date=1865-10-20
1865	10	20	9	58	0	12.5	orig=10R|orig.time=Noon|orig.date=1865-10-20
1865	10	20	11	58	0	13.8	orig=11R|orig.time=2:00PM|orig.date=1865-10-20
1865	10	20	18	58	0	10.2	orig=8.2R|orig.time=9:00PM|orig.date=1865-10-20
1865	10	21	4	58	0	10.2	orig=8.2R|orig.time=7:00AM|orig.date=1865-10-21
1865	10	21	9	58	0	14.2	orig=11.4R|orig.time=Noon|orig.date=1865-10-21
1865	10	21	11	58	0	15.4	orig=12.3R|orig.time=2:00PM|orig.date=1865-10-21
1865	10	21	18	58	0	12.5	orig=10R|orig.time=9:00PM|orig.date=1865-10-21
1865	10	22	4	58	0	11	orig=8.8R|orig.time=7:00AM|orig.date=1865-10-22
1865	10	22	9	58	0	11.9	orig=9.5R|orig.time=Noon|orig.date=1865-10-22
1865	10	22	11	58	0	13.8	orig=11R|orig.time=2:00PM|orig.date=1865-10-22
1865	10	22	18	58	0	6.8	orig=5.4R|orig.time=9:00PM|orig.date=1865-10-22
1865	10	23	4	58	0	5	orig=4R|orig.time=7:00AM|orig.date=1865-10-23
1865	10	23	9	58	0	14.2	orig=11.4R|orig.time=Noon|orig.date=1865-10-23
1865	10	23	11	58	0	15	orig=12R|orig.time=2:00PM|orig.date=1865-10-23
1865	10	23	18	58	0	10.2	orig=8.2R|orig.time=9:00PM|orig.date=1865-10-23
1865	10	24	4	58	0	11	orig=8.8R|orig.time=7:00AM|orig.date=1865-10-24
1865	10	24	9	58	0	15.6	orig=12.5R|orig.time=Noon|orig.date=1865-10-24
1865	10	24	11	58	0	16.1	orig=12.9R|orig.time=2:00PM|orig.date=1865-10-24
1865	10	24	18	58	0	13.2	orig=10.6R|orig.time=9:00PM|orig.date=1865-10-24
1865	10	25	4	58	0	5.5	orig=4.4R|orig.time=7:00AM|orig.date=1865-10-25
1865	10	25	9	58	0	11.4	orig=9.1R|orig.time=Noon|orig.date=1865-10-25
1865	10	25	11	58	0	14.2	orig=11.4R|orig.time=2:00PM|orig.date=1865-10-25
1865	10	25	18	58	0	8.5	orig=6.8R|orig.time=9:00PM|orig.date=1865-10-25
1865	10	26	4	58	0	6.4	orig=5.1R|orig.time=7:00AM|orig.date=1865-10-26
1865	10	26	9	58	0	14.4	orig=11.5R|orig.time=Noon|orig.date=1865-10-26
1865	10	26	11	58	0	15.1	orig=12.1R|orig.time=2:00PM|orig.date=1865-10-26
1865	10	26	18	58	0	9.5	orig=7.6R|orig.time=9:00PM|orig.date=1865-10-26
1865	10	27	4	58	0	5.9	orig=4.7R|orig.time=7:00AM|orig.date=1865-10-27
1865	10	27	9	58	0	10.8	orig=8.6R|orig.time=Noon|orig.date=1865-10-27
1865	10	27	11	58	0	11.1	orig=8.9R|orig.time=2:00PM|orig.date=1865-10-27
1865	10	27	18	58	0	5.5	orig=4.4R|orig.time=9:00PM|orig.date=1865-10-27
1865	10	28	4	58	0	6.5	orig=5.2R|orig.time=7:00AM|orig.date=1865-10-28
1865	10	28	9	58	0	10.5	orig=8.4R|orig.time=Noon|orig.date=1865-10-28
1865	10	28	11	58	0	11.2	orig=9R|orig.time=2:00PM|orig.date=1865-10-28
1865	10	28	18	58	0	10.8	orig=8.6R|orig.time=9:00PM|orig.date=1865-10-28
1865	10	29	4	58	0	11.2	orig=9R|orig.time=7:00AM|orig.date=1865-10-29
1865	10	29	9	58	0	13.6	orig=10.9R|orig.time=Noon|orig.date=1865-10-29
1865	10	29	11	58	0	13.4	orig=10.7R|orig.time=2:00PM|orig.date=1865-10-29
1865	10	29	18	58	0	9.4	orig=7.5R|orig.time=9:00PM|orig.date=1865-10-29
1865	10	30	4	58	0	4.1	orig=3.3R|orig.time=7:00AM|orig.date=1865-10-30
1865	10	30	9	58	0	7.1	orig=5.7R|orig.time=Noon|orig.date=1865-10-30
1865	10	30	11	58	0	7	orig=5.6R|orig.time=2:00PM|orig.date=1865-10-30
1865	10	30	18	58	0	8.4	orig=6.7R|orig.time=9:00PM|orig.date=1865-10-30
1865	10	31	4	58	0	10	orig=8R|orig.time=7:00AM|orig.date=1865-10-31
1865	10	31	9	58	0	12.8	orig=10.2R|orig.time=Noon|orig.date=1865-10-31
1865	10	31	11	58	0	12.6	orig=10.1R|orig.time=2:00PM|orig.date=1865-10-31
1865	10	31	18	58	0	10.2	orig=8.2R|orig.time=9:00PM|orig.date=1865-10-31
1865	11	1	4	58	0	11.1	orig=8.9R|orig.time=7:00AM|orig.date=1865-11-01
1865	11	1	9	58	0	14.6	orig=11.7R|orig.time=Noon|orig.date=1865-11-01
1865	11	1	11	58	0	14.9	orig=11.9R|orig.time=2:00PM|orig.date=1865-11-01
1865	11	1	18	58	0	11.2	orig=9R|orig.time=9:00PM|orig.date=1865-11-01
1865	11	2	4	58	0	10.4	orig=8.3R|orig.time=7:00AM|orig.date=1865-11-02
1865	11	2	9	58	0	14.4	orig=11.5R|orig.time=Noon|orig.date=1865-11-02
1865	11	2	11	58	0	14.8	orig=11.8R|orig.time=2:00PM|orig.date=1865-11-02
1865	11	2	18	58	0	10.5	orig=8.4R|orig.time=9:00PM|orig.date=1865-11-02
1865	11	3	4	58	0	10	orig=8R|orig.time=7:00AM|orig.date=1865-11-03
1865	11	3	9	58	0	11.9	orig=9.5R|orig.time=Noon|orig.date=1865-11-03
1865	11	3	11	58	0	11.1	orig=8.9R|orig.time=2:00PM|orig.date=1865-11-03
1865	11	3	18	58	0	8.2	orig=6.6R|orig.time=9:00PM|orig.date=1865-11-03
1865	11	4	4	58	0	7.5	orig=6R|orig.time=7:00AM|orig.date=1865-11-04
1865	11	4	9	58	0	10.2	orig=8.2R|orig.time=Noon|orig.date=1865-11-04
1865	11	4	11	58	0	8.6	orig=6.9R|orig.time=2:00PM|orig.date=1865-11-04
1865	11	4	18	58	0	7.5	orig=6R|orig.time=9:00PM|orig.date=1865-11-04
1865	11	5	4	58	0	5.9	orig=4.7R|orig.time=7:00AM|orig.date=1865-11-05
1865	11	5	9	58	0	8.2	orig=6.6R|orig.time=Noon|orig.date=1865-11-05
1865	11	5	11	58	0	8.1	orig=6.5R|orig.time=2:00PM|orig.date=1865-11-05
1865	11	5	18	58	0	7.4	orig=5.9R|orig.time=9:00PM|orig.date=1865-11-05
1865	11	6	4	58	0	7.5	orig=6R|orig.time=7:00AM|orig.date=1865-11-06
1865	11	6	9	58	0	6.6	orig=5.3R|orig.time=Noon|orig.date=1865-11-06
1865	11	6	11	58	0	6.2	orig=5R|orig.time=2:00PM|orig.date=1865-11-06
1865	11	6	18	58	0	6	orig=4.8R|orig.time=9:00PM|orig.date=1865-11-06
1865	11	7	4	58	0	3.5	orig=2.8R|orig.time=7:00AM|orig.date=1865-11-07
1865	11	7	9	58	0	4	orig=3.2R|orig.time=Noon|orig.date=1865-11-07
1865	11	7	11	58	0	4	orig=3.2R|orig.time=2:00PM|orig.date=1865-11-07
1865	11	7	18	58	0	2.5	orig=2R|orig.time=9:00PM|orig.date=1865-11-07
1865	11	8	4	58	0	1.8	orig=1.4R|orig.time=7:00AM|orig.date=1865-11-08
1865	11	8	9	58	0	2.2	orig=1.8R|orig.time=Noon|orig.date=1865-11-08
1865	11	8	11	58	0	2.2	orig=1.8R|orig.time=2:00PM|orig.date=1865-11-08
1865	11	8	18	58	0	2	orig=1.6R|orig.time=9:00PM|orig.date=1865-11-08
1865	11	9	4	58	0	2	orig=1.6R|orig.time=7:00AM|orig.date=1865-11-09
1865	11	9	9	58	0	2.9	orig=2.3R|orig.time=Noon|orig.date=1865-11-09
1865	11	9	11	58	0	3	orig=2.4R|orig.time=2:00PM|orig.date=1865-11-09
1865	11	9	18	58	0	2.9	orig=2.3R|orig.time=9:00PM|orig.date=1865-11-09
1865	11	10	4	58	0	3	orig=2.4R|orig.time=7:00AM|orig.date=1865-11-10
1865	11	10	9	58	0	5.6	orig=4.5R|orig.time=Noon|orig.date=1865-11-10
1865	11	10	11	58	0	6.2	orig=5R|orig.time=2:00PM|orig.date=1865-11-10
1865	11	10	18	58	0	5.9	orig=4.7R|orig.time=9:00PM|orig.date=1865-11-10
1865	11	11	4	58	0	1.9	orig=1.5R|orig.time=7:00AM|orig.date=1865-11-11
1865	11	11	9	58	0	2	orig=1.6R|orig.time=Noon|orig.date=1865-11-11
1865	11	11	11	58	0	2.1	orig=1.7R|orig.time=2:00PM|orig.date=1865-11-11
1865	11	11	18	58	0	-0.1	orig=-0.1R|orig.time=9:00PM|orig.date=1865-11-11
1865	11	12	4	58	0	0.4	orig=0.3R|orig.time=7:00AM|orig.date=1865-11-12
1865	11	12	9	58	0	4.6	orig=3.7R|orig.time=Noon|orig.date=1865-11-12
1865	11	12	11	58	0	5.1	orig=4.1R|orig.time=2:00PM|orig.date=1865-11-12
1865	11	12	18	58	0	4.2	orig=3.4R|orig.time=9:00PM|orig.date=1865-11-12
1865	11	13	4	58	0	-2	orig=-1.6R|orig.time=7:00AM|orig.date=1865-11-13
1865	11	13	9	58	0	0.6	orig=0.5R|orig.time=Noon|orig.date=1865-11-13
1865	11	13	11	58	0	1.6	orig=1.3R|orig.time=2:00PM|orig.date=1865-11-13
1865	11	13	18	58	0	-2	orig=-1.6R|orig.time=9:00PM|orig.date=1865-11-13
1865	11	14	4	58	0	-3.6	orig=-2.9R|orig.time=7:00AM|orig.date=1865-11-14
1865	11	14	9	58	0	-0.4	orig=-0.3R|orig.time=Noon|orig.date=1865-11-14
1865	11	14	11	58	0	-0.4	orig=-0.3R|orig.time=2:00PM|orig.date=1865-11-14
1865	11	14	18	58	0	-1.6	orig=-1.3R|orig.time=9:00PM|orig.date=1865-11-14
1865	11	15	4	58	0	-3.2	orig=-2.6R|orig.time=7:00AM|orig.date=1865-11-15
1865	11	15	9	58	0	0.4	orig=0.3R|orig.time=Noon|orig.date=1865-11-15
1865	11	15	11	58	0	-1.4	orig=-1.1R|orig.time=2:00PM|orig.date=1865-11-15
1865	11	15	18	58	0	-4.5	orig=-3.6R|orig.time=9:00PM|orig.date=1865-11-15
1865	11	16	4	58	0	0	orig=0R|orig.time=7:00AM|orig.date=1865-11-16
1865	11	16	9	58	0	2.2	orig=1.8R|orig.time=Noon|orig.date=1865-11-16
1865	11	16	11	58	0	1.5	orig=1.2R|orig.time=2:00PM|orig.date=1865-11-16
1865	11	16	18	58	0	-0.8	orig=-0.6R|orig.time=9:00PM|orig.date=1865-11-16
1865	11	17	4	58	0	-0.9	orig=-0.7R|orig.time=7:00AM|orig.date=1865-11-17
1865	11	17	9	58	0	0.9	orig=0.7R|orig.time=Noon|orig.date=1865-11-17
1865	11	17	11	58	0	1.4	orig=1.1R|orig.time=2:00PM|orig.date=1865-11-17
1865	11	17	18	58	0	-0.2	orig=-0.2R|orig.time=9:00PM|orig.date=1865-11-17
1865	11	18	4	58	0	-3.8	orig=-3R|orig.time=7:00AM|orig.date=1865-11-18
1865	11	18	9	58	0	-1.2	orig=-1R|orig.time=Noon|orig.date=1865-11-18
1865	11	18	11	58	0	-1.1	orig=-0.9R|orig.time=2:00PM|orig.date=1865-11-18
1865	11	18	18	58	0	-4.1	orig=-3.3R|orig.time=9:00PM|orig.date=1865-11-18
1865	11	19	4	58	0	-6.6	orig=-5.3R|orig.time=7:00AM|orig.date=1865-11-19
1865	11	19	9	58	0	-2.8	orig=-2.2R|orig.time=Noon|orig.date=1865-11-19
1865	11	19	11	58	0	-2.5	orig=-2R|orig.time=2:00PM|orig.date=1865-11-19
1865	11	19	18	58	0	-1.4	orig=-1.1R|orig.time=9:00PM|orig.date=1865-11-19
1865	11	20	4	58	0	-3.6	orig=-2.9R|orig.time=7:00AM|orig.date=1865-11-20
1865	11	20	9	58	0	-0.5	orig=-0.4R|orig.time=Noon|orig.date=1865-11-20
1865	11	20	11	58	0	-0.4	orig=-0.3R|orig.time=2:00PM|orig.date=1865-11-20
1865	11	20	18	58	0	-2.4	orig=-1.9R|orig.time=9:00PM|orig.date=1865-11-20
1865	11	21	4	58	0	-6.6	orig=-5.3R|orig.time=7:00AM|orig.date=1865-11-21
1865	11	21	9	58	0	-2.2	orig=-1.8R|orig.time=Noon|orig.date=1865-11-21
1865	11	21	11	58	0	-1.1	orig=-0.9R|orig.time=2:00PM|orig.date=1865-11-21
1865	11	21	18	58	0	-3.8	orig=-3R|orig.time=9:00PM|orig.date=1865-11-21
1865	11	22	4	58	0	-7.5	orig=-6R|orig.time=7:00AM|orig.date=1865-11-22
1865	11	22	9	58	0	-2	orig=-1.6R|orig.time=Noon|orig.date=1865-11-22
1865	11	22	11	58	0	-2	orig=-1.6R|orig.time=2:00PM|orig.date=1865-11-22
1865	11	22	18	58	0	-3.1	orig=-2.5R|orig.time=9:00PM|orig.date=1865-11-22
1865	11	23	4	58	0	-3	orig=-2.4R|orig.time=7:00AM|orig.date=1865-11-23
1865	11	23	9	58	0	-2	orig=-1.6R|orig.time=Noon|orig.date=1865-11-23
1865	11	23	11	58	0	-1.9	orig=-1.5R|orig.time=2:00PM|orig.date=1865-11-23
1865	11	23	18	58	0	-1.2	orig=-1R|orig.time=9:00PM|orig.date=1865-11-23
1865	11	24	4	58	0	1.5	orig=1.2R|orig.time=7:00AM|orig.date=1865-11-24
1865	11	24	9	58	0	3.6	orig=2.9R|orig.time=Noon|orig.date=1865-11-24
1865	11	24	11	58	0	3.8	orig=3R|orig.time=2:00PM|orig.date=1865-11-24
1865	11	24	18	58	0	3	orig=2.4R|orig.time=9:00PM|orig.date=1865-11-24
1865	11	25	4	58	0	0.9	orig=0.7R|orig.time=7:00AM|orig.date=1865-11-25
1865	11	25	9	58	0	5.9	orig=4.7R|orig.time=Noon|orig.date=1865-11-25
1865	11	25	11	58	0	7.1	orig=5.7R|orig.time=2:00PM|orig.date=1865-11-25
1865	11	25	18	58	0	1.4	orig=1.1R|orig.time=9:00PM|orig.date=1865-11-25
1865	11	26	4	58	0	0	orig=0R|orig.time=7:00AM|orig.date=1865-11-26
1865	11	26	9	58	0	3.1	orig=2.5R|orig.time=Noon|orig.date=1865-11-26
1865	11	26	11	58	0	3.1	orig=2.5R|orig.time=2:00PM|orig.date=1865-11-26
1865	11	26	18	58	0	2.4	orig=1.9R|orig.time=9:00PM|orig.date=1865-11-26
1865	11	27	4	58	0	5	orig=4R|orig.time=7:00AM|orig.date=1865-11-27
1865	11	27	9	58	0	7.4	orig=5.9R|orig.time=Noon|orig.date=1865-11-27
1865	11	27	11	58	0	6.9	orig=5.5R|orig.time=2:00PM|orig.date=1865-11-27
1865	11	27	18	58	0	5.4	orig=4.3R|orig.time=9:00PM|orig.date=1865-11-27
1865	11	28	4	58	0	5.1	orig=4.1R|orig.time=7:00AM|orig.date=1865-11-28
1865	11	28	9	58	0	6.8	orig=5.4R|orig.time=Noon|orig.date=1865-11-28
1865	11	28	11	58	0	6.5	orig=5.2R|orig.time=2:00PM|orig.date=1865-11-28
1865	11	28	18	58	0	4.6	orig=3.7R|orig.time=9:00PM|orig.date=1865-11-28
1865	11	29	4	58	0	3.6	orig=2.9R|orig.time=7:00AM|orig.date=1865-11-29
1865	11	29	9	58	0	5.6	orig=4.5R|orig.time=Noon|orig.date=1865-11-29
1865	11	29	11	58	0	6.9	orig=5.5R|orig.time=2:00PM|orig.date=1865-11-29
1865	11	29	18	58	0	5.5	orig=4.4R|orig.time=9:00PM|orig.date=1865-11-29
1865	11	30	4	58	0	5.5	orig=4.4R|orig.time=7:00AM|orig.date=1865-11-30
1865	11	30	9	58	0	7.1	orig=5.7R|orig.time=Noon|orig.date=1865-11-30
1865	11	30	11	58	0	7.2	orig=5.8R|orig.time=2:00PM|orig.date=1865-11-30
1865	11	30	18	58	0	3.4	orig=2.7R|orig.time=9:00PM|orig.date=1865-11-30
1865	12	1	4	58	0	2.8	orig=2.2R|orig.time=7:00AM|orig.date=1865-12-01
1865	12	1	9	58	0	5	orig=4R|orig.time=Noon|orig.date=1865-12-01
1865	12	1	11	58	0	4	orig=3.2R|orig.time=2:00PM|orig.date=1865-12-01
1865	12	1	18	58	0	3.2	orig=2.6R|orig.time=9:00PM|orig.date=1865-12-01
1865	12	2	4	58	0	3.4	orig=2.7R|orig.time=7:00AM|orig.date=1865-12-02
1865	12	2	9	58	0	4.4	orig=3.5R|orig.time=Noon|orig.date=1865-12-02
1865	12	2	11	58	0	4.9	orig=3.9R|orig.time=2:00PM|orig.date=1865-12-02
1865	12	2	18	58	0	2.1	orig=1.7R|orig.time=9:00PM|orig.date=1865-12-02
1865	12	3	4	58	0	1.8	orig=1.4R|orig.time=7:00AM|orig.date=1865-12-03
1865	12	3	9	58	0	2.2	orig=1.8R|orig.time=Noon|orig.date=1865-12-03
1865	12	3	11	58	0	2.6	orig=2.1R|orig.time=2:00PM|orig.date=1865-12-03
1865	12	3	18	58	0	2.2	orig=1.8R|orig.time=9:00PM|orig.date=1865-12-03
1865	12	4	4	58	0	1.8	orig=1.4R|orig.time=7:00AM|orig.date=1865-12-04
1865	12	4	9	58	0	4	orig=3.2R|orig.time=Noon|orig.date=1865-12-04
1865	12	4	11	58	0	4.5	orig=3.6R|orig.time=2:00PM|orig.date=1865-12-04
1865	12	4	18	58	0	3.5	orig=2.8R|orig.time=9:00PM|orig.date=1865-12-04
1865	12	5	4	58	0	2.1	orig=1.7R|orig.time=7:00AM|orig.date=1865-12-05
1865	12	5	9	58	0	2.6	orig=2.1R|orig.time=Noon|orig.date=1865-12-05
1865	12	5	11	58	0	3.1	orig=2.5R|orig.time=2:00PM|orig.date=1865-12-05
1865	12	5	18	58	0	0.1	orig=0.1R|orig.time=9:00PM|orig.date=1865-12-05
1865	12	6	4	58	0	-5.2	orig=-4.2R|orig.time=7:00AM|orig.date=1865-12-06
1865	12	6	9	58	0	-5.2	orig=-4.2R|orig.time=Noon|orig.date=1865-12-06
1865	12	6	11	58	0	-6.5	orig=-5.2R|orig.time=2:00PM|orig.date=1865-12-06
1865	12	6	18	58	0	-10.6	orig=-8.5R|orig.time=9:00PM|orig.date=1865-12-06
1865	12	7	4	58	0	-14.5	orig=-11.6R|orig.time=7:00AM|orig.date=1865-12-07
1865	12	7	9	58	0	-11.6	orig=-9.3R|orig.time=Noon|orig.date=1865-12-07
1865	12	7	11	58	0	-10.2	orig=-8.2R|orig.time=2:00PM|orig.date=1865-12-07
1865	12	7	18	58	0	-11.6	orig=-9.3R|orig.time=9:00PM|orig.date=1865-12-07
1865	12	8	4	58	0	-12.6	orig=-10.1R|orig.time=7:00AM|orig.date=1865-12-08
1865	12	8	9	58	0	-8.9	orig=-7.1R|orig.time=Noon|orig.date=1865-12-08
1865	12	8	11	58	0	-7.6	orig=-6.1R|orig.time=2:00PM|orig.date=1865-12-08
1865	12	8	18	58	0	-9.1	orig=-7.3R|orig.time=9:00PM|orig.date=1865-12-08
1865	12	9	4	58	0	-10.1	orig=-8.1R|orig.time=7:00AM|orig.date=1865-12-09
1865	12	9	9	58	0	-6.1	orig=-4.9R|orig.time=Noon|orig.date=1865-12-09
1865	12	9	11	58	0	-5.8	orig=-4.6R|orig.time=2:00PM|orig.date=1865-12-09
1865	12	9	18	58	0	-8.4	orig=-6.7R|orig.time=9:00PM|orig.date=1865-12-09
1865	12	10	4	58	0	-6	orig=-4.8R|orig.time=7:00AM|orig.date=1865-12-10
1865	12	10	9	58	0	-3.1	orig=-2.5R|orig.time=Noon|orig.date=1865-12-10
1865	12	10	11	58	0	-1.8	orig=-1.4R|orig.time=2:00PM|orig.date=1865-12-10
1865	12	10	18	58	0	-0.6	orig=-0.5R|orig.time=9:00PM|orig.date=1865-12-10
1865	12	11	4	58	0	0.1	orig=0.1R|orig.time=7:00AM|orig.date=1865-12-11
1865	12	11	9	58	0	1.9	orig=1.5R|orig.time=Noon|orig.date=1865-12-11
1865	12	11	11	58	0	1.6	orig=1.3R|orig.time=2:00PM|orig.date=1865-12-11
1865	12	11	18	58	0	0.9	orig=0.7R|orig.time=9:00PM|orig.date=1865-12-11
1865	12	12	4	58	0	-1.8	orig=-1.4R|orig.time=7:00AM|orig.date=1865-12-12
1865	12	12	9	58	0	-3.9	orig=-3.1R|orig.time=Noon|orig.date=1865-12-12
1865	12	12	11	58	0	-4.2	orig=-3.4R|orig.time=2:00PM|orig.date=1865-12-12
1865	12	12	18	58	0	-11.1	orig=-8.9R|orig.time=9:00PM|orig.date=1865-12-12
1865	12	13	4	58	0	-8.9	orig=-7.1R|orig.time=7:00AM|orig.date=1865-12-13
1865	12	13	9	58	0	-6.1	orig=-4.9R|orig.time=Noon|orig.date=1865-12-13
1865	12	13	11	58	0	-6	orig=-4.8R|orig.time=2:00PM|orig.date=1865-12-13
1865	12	13	18	58	0	-7.6	orig=-6.1R|orig.time=9:00PM|orig.date=1865-12-13
1865	12	14	4	58	0	-5.9	orig=-4.7R|orig.time=7:00AM|orig.date=1865-12-14
1865	12	14	9	58	0	-4.5	orig=-3.6R|orig.time=Noon|orig.date=1865-12-14
1865	12	14	11	58	0	-4.1	orig=-3.3R|orig.time=2:00PM|orig.date=1865-12-14
1865	12	14	18	58	0	-4.1	orig=-3.3R|orig.time=9:00PM|orig.date=1865-12-14
1865	12	15	4	58	0	-4.8	orig=-3.8R|orig.time=7:00AM|orig.date=1865-12-15
1865	12	15	9	58	0	-1.5	orig=-1.2R|orig.time=Noon|orig.date=1865-12-15
1865	12	15	11	58	0	-1.6	orig=-1.3R|orig.time=2:00PM|orig.date=1865-12-15
1865	12	15	18	58	0	-2.4	orig=-1.9R|orig.time=9:00PM|orig.date=1865-12-15
1865	12	16	4	58	0	-3.2	orig=-2.6R|orig.time=7:00AM|orig.date=1865-12-16
1865	12	16	9	58	0	-5.4	orig=-4.3R|orig.time=Noon|orig.date=1865-12-16
1865	12	16	11	58	0	-5.9	orig=-4.7R|orig.time=2:00PM|orig.date=1865-12-16
1865	12	16	18	58	0	-4	orig=-3.2R|orig.time=9:00PM|orig.date=1865-12-16
1865	12	17	4	58	0	0.6	orig=0.5R|orig.time=7:00AM|orig.date=1865-12-17
1865	12	17	9	58	0	0.5	orig=0.4R|orig.time=Noon|orig.date=1865-12-17
1865	12	17	11	58	0	0.6	orig=0.5R|orig.time=2:00PM|orig.date=1865-12-17
1865	12	17	18	58	0	-6.4	orig=-5.1R|orig.time=9:00PM|orig.date=1865-12-17
1865	12	18	4	58	0	-14.5	orig=-11.6R|orig.time=7:00AM|orig.date=1865-12-18
1865	12	18	9	58	0	-11.1	orig=-8.9R|orig.time=Noon|orig.date=1865-12-18
1865	12	18	11	58	0	-9.4	orig=-7.5R|orig.time=2:00PM|orig.date=1865-12-18
1865	12	18	18	58	0	-9.8	orig=-7.8R|orig.time=9:00PM|orig.date=1865-12-18
1865	12	19	4	58	0	0.5	orig=0.4R|orig.time=7:00AM|orig.date=1865-12-19
1865	12	19	9	58	0	2.5	orig=2R|orig.time=Noon|orig.date=1865-12-19
1865	12	19	11	58	0	2.1	orig=1.7R|orig.time=2:00PM|orig.date=1865-12-19
1865	12	19	18	58	0	-2.2	orig=-1.8R|orig.time=9:00PM|orig.date=1865-12-19
1865	12	20	4	58	0	-1.5	orig=-1.2R|orig.time=7:00AM|orig.date=1865-12-20
1865	12	20	9	58	0	1.5	orig=1.2R|orig.time=Noon|orig.date=1865-12-20
1865	12	20	11	58	0	1.9	orig=1.5R|orig.time=2:00PM|orig.date=1865-12-20
1865	12	20	18	58	0	0	orig=0R|orig.time=9:00PM|orig.date=1865-12-20
1865	12	21	4	58	0	0.1	orig=0.1R|orig.time=7:00AM|orig.date=1865-12-21
1865	12	21	9	58	0	0.6	orig=0.5R|orig.time=Noon|orig.date=1865-12-21
1865	12	21	11	58	0	0.8	orig=0.6R|orig.time=2:00PM|orig.date=1865-12-21
1865	12	21	18	58	0	-0.1	orig=-0.1R|orig.time=9:00PM|orig.date=1865-12-21
1865	12	22	4	58	0	0.1	orig=0.1R|orig.time=7:00AM|orig.date=1865-12-22
1865	12	22	9	58	0	1.8	orig=1.4R|orig.time=Noon|orig.date=1865-12-22
1865	12	22	11	58	0	1.8	orig=1.4R|orig.time=2:00PM|orig.date=1865-12-22
1865	12	22	18	58	0	1.5	orig=1.2R|orig.time=9:00PM|orig.date=1865-12-22
1865	12	23	4	58	0	2.9	orig=2.3R|orig.time=7:00AM|orig.date=1865-12-23
1865	12	23	9	58	0	1.4	orig=1.1R|orig.time=Noon|orig.date=1865-12-23
1865	12	23	11	58	0	0.4	orig=0.3R|orig.time=2:00PM|orig.date=1865-12-23
1865	12	23	18	58	0	-1.4	orig=-1.1R|orig.time=9:00PM|orig.date=1865-12-23
1865	12	24	4	58	0	-2.8	orig=-2.2R|orig.time=7:00AM|orig.date=1865-12-24
1865	12	24	9	58	0	-2.4	orig=-1.9R|orig.time=Noon|orig.date=1865-12-24
1865	12	24	11	58	0	-2.8	orig=-2.2R|orig.time=2:00PM|orig.date=1865-12-24
1865	12	24	18	58	0	-3.2	orig=-2.6R|orig.time=9:00PM|orig.date=1865-12-24
1865	12	25	4	58	0	-3.6	orig=-2.9R|orig.time=7:00AM|orig.date=1865-12-25
1865	12	25	9	58	0	-3.5	orig=-2.8R|orig.time=Noon|orig.date=1865-12-25
1865	12	25	11	58	0	-3.1	orig=-2.5R|orig.time=2:00PM|orig.date=1865-12-25
1865	12	25	18	58	0	-3.9	orig=-3.1R|orig.time=9:00PM|orig.date=1865-12-25
1865	12	26	4	58	0	-3.9	orig=-3.1R|orig.time=7:00AM|orig.date=1865-12-26
1865	12	26	9	58	0	-1.2	orig=-1R|orig.time=Noon|orig.date=1865-12-26
1865	12	26	11	58	0	-0.9	orig=-0.7R|orig.time=2:00PM|orig.date=1865-12-26
1865	12	26	18	58	0	-1.2	orig=-1R|orig.time=9:00PM|orig.date=1865-12-26
1865	12	27	4	58	0	-3.4	orig=-2.7R|orig.time=7:00AM|orig.date=1865-12-27
1865	12	27	9	58	0	-3.4	orig=-2.7R|orig.time=Noon|orig.date=1865-12-27
1865	12	27	11	58	0	-2.8	orig=-2.2R|orig.time=2:00PM|orig.date=1865-12-27
1865	12	27	18	58	0	-4.6	orig=-3.7R|orig.time=9:00PM|orig.date=1865-12-27
1865	12	28	4	58	0	-5.6	orig=-4.5R|orig.time=7:00AM|orig.date=1865-12-28
1865	12	28	9	58	0	-3.5	orig=-2.8R|orig.time=Noon|orig.date=1865-12-28
1865	12	28	11	58	0	-2.6	orig=-2.1R|orig.time=2:00PM|orig.date=1865-12-28
1865	12	28	18	58	0	-3.2	orig=-2.6R|orig.time=9:00PM|orig.date=1865-12-28
1865	12	29	4	58	0	-4.6	orig=-3.7R|orig.time=7:00AM|orig.date=1865-12-29
1865	12	29	9	58	0	-5	orig=-4R|orig.time=Noon|orig.date=1865-12-29
1865	12	29	11	58	0	-4.8	orig=-3.8R|orig.time=2:00PM|orig.date=1865-12-29
1865	12	29	18	58	0	-4.5	orig=-3.6R|orig.time=9:00PM|orig.date=1865-12-29
1865	12	30	4	58	0	-5.1	orig=-4.1R|orig.time=7:00AM|orig.date=1865-12-30
1865	12	30	9	58	0	-5.2	orig=-4.2R|orig.time=Noon|orig.date=1865-12-30
1865	12	30	11	58	0	-5.4	orig=-4.3R|orig.time=2:00PM|orig.date=1865-12-30
1865	12	30	18	58	0	-5.5	orig=-4.4R|orig.time=9:00PM|orig.date=1865-12-30
1865	12	31	4	58	0	-6.1	orig=-4.9R|orig.time=7:00AM|orig.date=1865-12-31
1865	12	31	9	58	0	-5.4	orig=-4.3R|orig.time=Noon|orig.date=1865-12-31
1865	12	31	11	58	0	-4.5	orig=-3.6R|orig.time=2:00PM|orig.date=1865-12-31
1865	12	31	18	58	0	-3.2	orig=-2.6R|orig.time=9:00PM|orig.date=1865-12-31
1866	1	1	4	58	0	-1.4	orig=-1.1R|orig.time=7:00AM|orig.date=1866-01-01
1866	1	1	9	58	0	0.1	orig=0.1R|orig.time=Noon|orig.date=1866-01-01
1866	1	1	11	58	0	-0.1	orig=-0.1R|orig.time=2:00PM|orig.date=1866-01-01
1866	1	1	18	58	0	-1.9	orig=-1.5R|orig.time=9:00PM|orig.date=1866-01-01
1866	1	2	4	58	0	-3.1	orig=-2.5R|orig.time=7:00AM|orig.date=1866-01-02
1866	1	2	9	58	0	-3.4	orig=-2.7R|orig.time=Noon|orig.date=1866-01-02
1866	1	2	11	58	0	-3	orig=-2.4R|orig.time=2:00PM|orig.date=1866-01-02
1866	1	2	18	58	0	-3.9	orig=-3.1R|orig.time=9:00PM|orig.date=1866-01-02
1866	1	3	4	58	0	-3.4	orig=-2.7R|orig.time=7:00AM|orig.date=1866-01-03
1866	1	3	9	58	0	-1	orig=-0.8R|orig.time=Noon|orig.date=1866-01-03
1866	1	3	11	58	0	-1	orig=-0.8R|orig.time=2:00PM|orig.date=1866-01-03
1866	1	3	18	58	0	-1.8	orig=-1.4R|orig.time=9:00PM|orig.date=1866-01-03
1866	1	4	4	58	0	-2.2	orig=-1.8R|orig.time=7:00AM|orig.date=1866-01-04
1866	1	4	9	58	0	-1.1	orig=-0.9R|orig.time=Noon|orig.date=1866-01-04
1866	1	4	11	58	0	-1	orig=-0.8R|orig.time=2:00PM|orig.date=1866-01-04
1866	1	4	18	58	0	-2.4	orig=-1.9R|orig.time=9:00PM|orig.date=1866-01-04
1866	1	5	4	58	0	-5.9	orig=-4.7R|orig.time=7:00AM|orig.date=1866-01-05
1866	1	5	9	58	0	-4.2	orig=-3.4R|orig.time=Noon|orig.date=1866-01-05
1866	1	5	11	58	0	-4.9	orig=-3.9R|orig.time=2:00PM|orig.date=1866-01-05
1866	1	5	18	58	0	-5.4	orig=-4.3R|orig.time=9:00PM|orig.date=1866-01-05
1866	1	6	4	58	0	-5	orig=-4R|orig.time=7:00AM|orig.date=1866-01-06
1866	1	6	9	58	0	-4.9	orig=-3.9R|orig.time=Noon|orig.date=1866-01-06
1866	1	6	11	58	0	-5	orig=-4R|orig.time=2:00PM|orig.date=1866-01-06
1866	1	6	18	58	0	-6.9	orig=-5.5R|orig.time=9:00PM|orig.date=1866-01-06
1866	1	7	4	58	0	-6.8	orig=-5.4R|orig.time=7:00AM|orig.date=1866-01-07
1866	1	7	9	58	0	-5.8	orig=-4.6R|orig.time=Noon|orig.date=1866-01-07
1866	1	7	11	58	0	-5.5	orig=-4.4R|orig.time=2:00PM|orig.date=1866-01-07
1866	1	7	18	58	0	-5.6	orig=-4.5R|orig.time=9:00PM|orig.date=1866-01-07
1866	1	8	4	58	0	-9.1	orig=-7.3R|orig.time=7:00AM|orig.date=1866-01-08
1866	1	8	9	58	0	-7.5	orig=-6R|orig.time=Noon|orig.date=1866-01-08
1866	1	8	11	58	0	-7.8	orig=-6.2R|orig.time=2:00PM|orig.date=1866-01-08
1866	1	8	18	58	0	-10.2	orig=-8.2R|orig.time=9:00PM|orig.date=1866-01-08
1866	1	9	4	58	0	-7.8	orig=-6.2R|orig.time=7:00AM|orig.date=1866-01-09
1866	1	9	9	58	0	-6.5	orig=-5.2R|orig.time=Noon|orig.date=1866-01-09
1866	1	9	11	58	0	-6.6	orig=-5.3R|orig.time=2:00PM|orig.date=1866-01-09
1866	1	9	18	58	0	-6.9	orig=-5.5R|orig.time=9:00PM|orig.date=1866-01-09
1866	1	10	4	58	0	-9.8	orig=-7.8R|orig.time=7:00AM|orig.date=1866-01-10
1866	1	10	9	58	0	-3	orig=-2.4R|orig.time=Noon|orig.date=1866-01-10
1866	1	10	11	58	0	-2.2	orig=-1.8R|orig.time=2:00PM|orig.date=1866-01-10
1866	1	10	18	58	0	-1.9	orig=-1.5R|orig.time=9:00PM|orig.date=1866-01-10
1866	1	11	4	58	0	-5.9	orig=-4.7R|orig.time=7:00AM|orig.date=1866-01-11
1866	1	11	9	58	0	-2.5	orig=-2R|orig.time=Noon|orig.date=1866-01-11
1866	1	11	11	58	0	-2.2	orig=-1.8R|orig.time=2:00PM|orig.date=1866-01-11
1866	1	11	18	58	0	-2.8	orig=-2.2R|orig.time=9:00PM|orig.date=1866-01-11
1866	1	12	4	58	0	-1.6	orig=-1.3R|orig.time=7:00AM|orig.date=1866-01-12
1866	1	12	9	58	0	-0.5	orig=-0.4R|orig.time=Noon|orig.date=1866-01-12
1866	1	12	11	58	0	-0.6	orig=-0.5R|orig.time=2:00PM|orig.date=1866-01-12
1866	1	12	18	58	0	-1.5	orig=-1.2R|orig.time=9:00PM|orig.date=1866-01-12
1866	1	13	4	58	0	0.1	orig=0.1R|orig.time=7:00AM|orig.date=1866-01-13
1866	1	13	9	58	0	1.1	orig=0.9R|orig.time=Noon|orig.date=1866-01-13
1866	1	13	11	58	0	1.1	orig=0.9R|orig.time=2:00PM|orig.date=1866-01-13
1866	1	13	18	58	0	-0.4	orig=-0.3R|orig.time=9:00PM|orig.date=1866-01-13
1866	1	14	4	58	0	-1.4	orig=-1.1R|orig.time=7:00AM|orig.date=1866-01-14
1866	1	14	9	58	0	-2.9	orig=-2.3R|orig.time=Noon|orig.date=1866-01-14
1866	1	14	11	58	0	-3.8	orig=-3R|orig.time=2:00PM|orig.date=1866-01-14
1866	1	14	18	58	0	-3.8	orig=-3R|orig.time=9:00PM|orig.date=1866-01-14
1866	1	15	4	58	0	-8.2	orig=-6.6R|orig.time=7:00AM|orig.date=1866-01-15
1866	1	15	9	58	0	-5.9	orig=-4.7R|orig.time=Noon|orig.date=1866-01-15
1866	1	15	11	58	0	-4.6	orig=-3.7R|orig.time=2:00PM|orig.date=1866-01-15
1866	1	15	18	58	0	-9.6	orig=-7.7R|orig.time=9:00PM|orig.date=1866-01-15
1866	1	16	4	58	0	-8	orig=-6.4R|orig.time=7:00AM|orig.date=1866-01-16
1866	1	16	9	58	0	-4.1	orig=-3.3R|orig.time=Noon|orig.date=1866-01-16
1866	1	16	11	58	0	-3.2	orig=-2.6R|orig.time=2:00PM|orig.date=1866-01-16
1866	1	16	18	58	0	-5.5	orig=-4.4R|orig.time=9:00PM|orig.date=1866-01-16
1866	1	17	4	58	0	-2.5	orig=-2R|orig.time=7:00AM|orig.date=1866-01-17
1866	1	17	9	58	0	0.5	orig=0.4R|orig.time=Noon|orig.date=1866-01-17
1866	1	17	11	58	0	0.9	orig=0.7R|orig.time=2:00PM|orig.date=1866-01-17
1866	1	17	18	58	0	0.5	orig=0.4R|orig.time=9:00PM|orig.date=1866-01-17
1866	1	18	4	58	0	0.4	orig=0.3R|orig.time=7:00AM|orig.date=1866-01-18
1866	1	18	9	58	0	2.1	orig=1.7R|orig.time=Noon|orig.date=1866-01-18
1866	1	18	11	58	0	1.9	orig=1.5R|orig.time=2:00PM|orig.date=1866-01-18
1866	1	18	18	58	0	-1.2	orig=-1R|orig.time=9:00PM|orig.date=1866-01-18
1866	1	19	4	58	0	-6.6	orig=-5.3R|orig.time=7:00AM|orig.date=1866-01-19
1866	1	19	9	58	0	-2	orig=-1.6R|orig.time=Noon|orig.date=1866-01-19
1866	1	19	11	58	0	-1.5	orig=-1.2R|orig.time=2:00PM|orig.date=1866-01-19
1866	1	19	18	58	0	0.2	orig=0.2R|orig.time=9:00PM|orig.date=1866-01-19
1866	1	20	4	58	0	1.5	orig=1.2R|orig.time=7:00AM|orig.date=1866-01-20
1866	1	20	9	58	0	3.1	orig=2.5R|orig.time=Noon|orig.date=1866-01-20
1866	1	20	11	58	0	3.1	orig=2.5R|orig.time=2:00PM|orig.date=1866-01-20
1866	1	20	18	58	0	1.5	orig=1.2R|orig.time=9:00PM|orig.date=1866-01-20
1866	1	21	4	58	0	1	orig=0.8R|orig.time=7:00AM|orig.date=1866-01-21
1866	1	21	9	58	0	3.8	orig=3R|orig.time=Noon|orig.date=1866-01-21
1866	1	21	11	58	0	4	orig=3.2R|orig.time=2:00PM|orig.date=1866-01-21
1866	1	21	18	58	0	2.8	orig=2.2R|orig.time=9:00PM|orig.date=1866-01-21
1866	1	22	4	58	0	-1	orig=-0.8R|orig.time=7:00AM|orig.date=1866-01-22
1866	1	22	9	58	0	0.9	orig=0.7R|orig.time=Noon|orig.date=1866-01-22
1866	1	22	11	58	0	1.4	orig=1.1R|orig.time=2:00PM|orig.date=1866-01-22
1866	1	22	18	58	0	-1.1	orig=-0.9R|orig.time=9:00PM|orig.date=1866-01-22
1866	1	23	4	58	0	-0.2	orig=-0.2R|orig.time=7:00AM|orig.date=1866-01-23
1866	1	23	9	58	0	1	orig=0.8R|orig.time=Noon|orig.date=1866-01-23
1866	1	23	11	58	0	1.1	orig=0.9R|orig.time=2:00PM|orig.date=1866-01-23
1866	1	23	18	58	0	0	orig=0R|orig.time=9:00PM|orig.date=1866-01-23
1866	1	24	4	58	0	2.2	orig=1.8R|orig.time=7:00AM|orig.date=1866-01-24
1866	1	24	9	58	0	1.8	orig=1.4R|orig.time=Noon|orig.date=1866-01-24
1866	1	24	11	58	0	1.8	orig=1.4R|orig.time=2:00PM|orig.date=1866-01-24
1866	1	24	18	58	0	-0.2	orig=-0.2R|orig.time=9:00PM|orig.date=1866-01-24
1866	1	25	4	58	0	-0.9	orig=-0.7R|orig.time=7:00AM|orig.date=1866-01-25
1866	1	25	9	58	0	1.2	orig=1R|orig.time=Noon|orig.date=1866-01-25
1866	1	25	11	58	0	1.4	orig=1.1R|orig.time=2:00PM|orig.date=1866-01-25
1866	1	25	18	58	0	-0.8	orig=-0.6R|orig.time=9:00PM|orig.date=1866-01-25
1866	1	26	4	58	0	-4.5	orig=-3.6R|orig.time=7:00AM|orig.date=1866-01-26
1866	1	26	9	58	0	-1.8	orig=-1.4R|orig.time=Noon|orig.date=1866-01-26
1866	1	26	11	58	0	-0.5	orig=-0.4R|orig.time=2:00PM|orig.date=1866-01-26
1866	1	26	18	58	0	-1.2	orig=-1R|orig.time=9:00PM|orig.date=1866-01-26
1866	1	27	4	58	0	1.2	orig=1R|orig.time=7:00AM|orig.date=1866-01-27
1866	1	27	9	58	0	2.9	orig=2.3R|orig.time=Noon|orig.date=1866-01-27
1866	1	27	11	58	0	2.9	orig=2.3R|orig.time=2:00PM|orig.date=1866-01-27
1866	1	27	18	58	0	2.2	orig=1.8R|orig.time=9:00PM|orig.date=1866-01-27
1866	1	28	4	58	0	3.1	orig=2.5R|orig.time=7:00AM|orig.date=1866-01-28
1866	1	28	9	58	0	3.5	orig=2.8R|orig.time=Noon|orig.date=1866-01-28
1866	1	28	11	58	0	3.4	orig=2.7R|orig.time=2:00PM|orig.date=1866-01-28
1866	1	28	18	58	0	3.2	orig=2.6R|orig.time=9:00PM|orig.date=1866-01-28
1866	1	29	4	58	0	-0.4	orig=-0.3R|orig.time=7:00AM|orig.date=1866-01-29
1866	1	29	9	58	0	5	orig=4R|orig.time=Noon|orig.date=1866-01-29
1866	1	29	11	58	0	6	orig=4.8R|orig.time=2:00PM|orig.date=1866-01-29
1866	1	29	18	58	0	0.8	orig=0.6R|orig.time=9:00PM|orig.date=1866-01-29
1866	1	30	4	58	0	1.9	orig=1.5R|orig.time=7:00AM|orig.date=1866-01-30
1866	1	30	9	58	0	5.1	orig=4.1R|orig.time=Noon|orig.date=1866-01-30
1866	1	30	11	58	0	4.6	orig=3.7R|orig.time=2:00PM|orig.date=1866-01-30
1866	1	30	18	58	0	0.5	orig=0.4R|orig.time=9:00PM|orig.date=1866-01-30
1866	1	31	4	58	0	1.2	orig=1R|orig.time=7:00AM|orig.date=1866-01-31
1866	1	31	9	58	0	0.8	orig=0.6R|orig.time=Noon|orig.date=1866-01-31
1866	1	31	11	58	0	0.8	orig=0.6R|orig.time=2:00PM|orig.date=1866-01-31
1866	1	31	18	58	0	-2.8	orig=-2.2R|orig.time=9:00PM|orig.date=1866-01-31
1866	2	1	4	58	0	-6.2	orig=-5R|orig.time=7:00AM|orig.date=1866-02-01
1866	2	1	9	58	0	-1.2	orig=-1R|orig.time=Noon|orig.date=1866-02-01
1866	2	1	11	58	0	-1.1	orig=-0.9R|orig.time=2:00PM|orig.date=1866-02-01
1866	2	1	18	58	0	-5.1	orig=-4.1R|orig.time=9:00PM|orig.date=1866-02-01
1866	2	2	4	58	0	-8	orig=-6.4R|orig.time=7:00AM|orig.date=1866-02-02
1866	2	2	9	58	0	-2.2	orig=-1.8R|orig.time=Noon|orig.date=1866-02-02
1866	2	2	11	58	0	-1.6	orig=-1.3R|orig.time=2:00PM|orig.date=1866-02-02
1866	2	2	18	58	0	-4.1	orig=-3.3R|orig.time=9:00PM|orig.date=1866-02-02
1866	2	3	4	58	0	-6.6	orig=-5.3R|orig.time=7:00AM|orig.date=1866-02-03
1866	2	3	9	58	0	-3.5	orig=-2.8R|orig.time=Noon|orig.date=1866-02-03
1866	2	3	11	58	0	-2.4	orig=-1.9R|orig.time=2:00PM|orig.date=1866-02-03
1866	2	3	18	58	0	-2.8	orig=-2.2R|orig.time=9:00PM|orig.date=1866-02-03
1866	2	4	4	58	0	-2.5	orig=-2R|orig.time=7:00AM|orig.date=1866-02-04
1866	2	4	9	58	0	1	orig=0.8R|orig.time=Noon|orig.date=1866-02-04
1866	2	4	11	58	0	1.2	orig=1R|orig.time=2:00PM|orig.date=1866-02-04
1866	2	4	18	58	0	-1.1	orig=-0.9R|orig.time=9:00PM|orig.date=1866-02-04
1866	2	5	4	58	0	-0.5	orig=-0.4R|orig.time=7:00AM|orig.date=1866-02-05
1866	2	5	9	58	0	3.4	orig=2.7R|orig.time=Noon|orig.date=1866-02-05
1866	2	5	11	58	0	3	orig=2.4R|orig.time=2:00PM|orig.date=1866-02-05
1866	2	5	18	58	0	-1.6	orig=-1.3R|orig.time=9:00PM|orig.date=1866-02-05
1866	2	6	4	58	0	0.8	orig=0.6R|orig.time=7:00AM|orig.date=1866-02-06
1866	2	6	9	58	0	4.1	orig=3.3R|orig.time=Noon|orig.date=1866-02-06
1866	2	6	11	58	0	3.4	orig=2.7R|orig.time=2:00PM|orig.date=1866-02-06
1866	2	6	18	58	0	1.2	orig=1R|orig.time=9:00PM|orig.date=1866-02-06
1866	2	7	4	58	0	2	orig=1.6R|orig.time=7:00AM|orig.date=1866-02-07
1866	2	7	9	58	0	4.1	orig=3.3R|orig.time=Noon|orig.date=1866-02-07
1866	2	7	11	58	0	4.2	orig=3.4R|orig.time=2:00PM|orig.date=1866-02-07
1866	2	7	18	58	0	3.1	orig=2.5R|orig.time=9:00PM|orig.date=1866-02-07
1866	2	8	4	58	0	4.9	orig=3.9R|orig.time=7:00AM|orig.date=1866-02-08
1866	2	8	9	58	0	7	orig=5.6R|orig.time=Noon|orig.date=1866-02-08
1866	2	8	11	58	0	5.6	orig=4.5R|orig.time=2:00PM|orig.date=1866-02-08
1866	2	8	18	58	0	1.8	orig=1.4R|orig.time=9:00PM|orig.date=1866-02-08
1866	2	9	4	58	0	0.4	orig=0.3R|orig.time=7:00AM|orig.date=1866-02-09
1866	2	9	9	58	0	5	orig=4R|orig.time=Noon|orig.date=1866-02-09
1866	2	9	11	58	0	3.4	orig=2.7R|orig.time=2:00PM|orig.date=1866-02-09
1866	2	9	18	58	0	1.8	orig=1.4R|orig.time=9:00PM|orig.date=1866-02-09
1866	2	10	4	58	0	-0.5	orig=-0.4R|orig.time=7:00AM|orig.date=1866-02-10
1866	2	10	9	58	0	3.2	orig=2.6R|orig.time=Noon|orig.date=1866-02-10
1866	2	10	11	58	0	2.6	orig=2.1R|orig.time=2:00PM|orig.date=1866-02-10
1866	2	10	18	58	0	0.8	orig=0.6R|orig.time=9:00PM|orig.date=1866-02-10
1866	2	11	4	58	0	2.2	orig=1.8R|orig.time=7:00AM|orig.date=1866-02-11
1866	2	11	9	58	0	6.5	orig=5.2R|orig.time=Noon|orig.date=1866-02-11
1866	2	11	11	58	0	8	orig=6.4R|orig.time=2:00PM|orig.date=1866-02-11
1866	2	11	18	58	0	5.9	orig=4.7R|orig.time=9:00PM|orig.date=1866-02-11
1866	2	12	4	58	0	2	orig=1.6R|orig.time=7:00AM|orig.date=1866-02-12
1866	2	12	9	58	0	0.9	orig=0.7R|orig.time=Noon|orig.date=1866-02-12
1866	2	12	11	58	0	1.5	orig=1.2R|orig.time=2:00PM|orig.date=1866-02-12
1866	2	12	18	58	0	-2.4	orig=-1.9R|orig.time=9:00PM|orig.date=1866-02-12
1866	2	13	4	58	0	-0.1	orig=-0.1R|orig.time=7:00AM|orig.date=1866-02-13
1866	2	13	9	58	0	3.8	orig=3R|orig.time=Noon|orig.date=1866-02-13
1866	2	13	11	58	0	4.8	orig=3.8R|orig.time=2:00PM|orig.date=1866-02-13
1866	2	13	18	58	0	2.8	orig=2.2R|orig.time=9:00PM|orig.date=1866-02-13
1866	2	14	4	58	0	-0.4	orig=-0.3R|orig.time=7:00AM|orig.date=1866-02-14
1866	2	14	9	58	0	4.2	orig=3.4R|orig.time=Noon|orig.date=1866-02-14
1866	2	14	11	58	0	4.1	orig=3.3R|orig.time=2:00PM|orig.date=1866-02-14
1866	2	14	18	58	0	-0.8	orig=-0.6R|orig.time=9:00PM|orig.date=1866-02-14
1866	2	15	4	58	0	-1.6	orig=-1.3R|orig.time=7:00AM|orig.date=1866-02-15
1866	2	15	9	58	0	0.6	orig=0.5R|orig.time=Noon|orig.date=1866-02-15
1866	2	15	11	58	0	1.8	orig=1.4R|orig.time=2:00PM|orig.date=1866-02-15
1866	2	15	18	58	0	-1.2	orig=-1R|orig.time=9:00PM|orig.date=1866-02-15
1866	2	16	4	58	0	-5.5	orig=-4.4R|orig.time=7:00AM|orig.date=1866-02-16
1866	2	16	9	58	0	-1.2	orig=-1R|orig.time=Noon|orig.date=1866-02-16
1866	2	16	11	58	0	-2.5	orig=-2R|orig.time=2:00PM|orig.date=1866-02-16
1866	2	16	18	58	0	-3.1	orig=-2.5R|orig.time=9:00PM|orig.date=1866-02-16
1866	2	17	4	58	0	-10.4	orig=-8.3R|orig.time=7:00AM|orig.date=1866-02-17
1866	2	17	9	58	0	-11.1	orig=-8.9R|orig.time=Noon|orig.date=1866-02-17
1866	2	17	11	58	0	-10.5	orig=-8.4R|orig.time=2:00PM|orig.date=1866-02-17
1866	2	17	18	58	0	-11.8	orig=-9.4R|orig.time=9:00PM|orig.date=1866-02-17
1866	2	18	4	58	0	-19.5	orig=-15.6R|orig.time=7:00AM|orig.date=1866-02-18
1866	2	18	9	58	0	-13.6	orig=-10.9R|orig.time=Noon|orig.date=1866-02-18
1866	2	18	11	58	0	-12.5	orig=-10R|orig.time=2:00PM|orig.date=1866-02-18
1866	2	18	18	58	0	-15.4	orig=-12.3R|orig.time=9:00PM|orig.date=1866-02-18
1866	2	19	4	58	0	-17.4	orig=-13.9R|orig.time=7:00AM|orig.date=1866-02-19
1866	2	19	9	58	0	-14.1	orig=-11.3R|orig.time=Noon|orig.date=1866-02-19
1866	2	19	11	58	0	-13.5	orig=-10.8R|orig.time=2:00PM|orig.date=1866-02-19
1866	2	19	18	58	0	-13.6	orig=-10.9R|orig.time=9:00PM|orig.date=1866-02-19
1866	2	20	4	58	0	-14.8	orig=-11.8R|orig.time=7:00AM|orig.date=1866-02-20
1866	2	20	9	58	0	-14	orig=-11.2R|orig.time=Noon|orig.date=1866-02-20
1866	2	20	11	58	0	-13.4	orig=-10.7R|orig.time=2:00PM|orig.date=1866-02-20
1866	2	20	18	58	0	-15	orig=-12R|orig.time=9:00PM|orig.date=1866-02-20
1866	2	21	4	58	0	-17.4	orig=-13.9R|orig.time=7:00AM|orig.date=1866-02-21
1866	2	21	9	58	0	-14.1	orig=-11.3R|orig.time=Noon|orig.date=1866-02-21
1866	2	21	11	58	0	-14.4	orig=-11.5R|orig.time=2:00PM|orig.date=1866-02-21
1866	2	21	18	58	0	-19.8	orig=-15.8R|orig.time=9:00PM|orig.date=1866-02-21
1866	2	22	4	58	0	-22.5	orig=-18R|orig.time=7:00AM|orig.date=1866-02-22
1866	2	22	9	58	0	-16.8	orig=-13.4R|orig.time=Noon|orig.date=1866-02-22
1866	2	22	11	58	0	-14.8	orig=-11.8R|orig.time=2:00PM|orig.date=1866-02-22
1866	2	22	18	58	0	-17	orig=-13.6R|orig.time=9:00PM|orig.date=1866-02-22
1866	2	23	4	58	0	-17.9	orig=-14.3R|orig.time=7:00AM|orig.date=1866-02-23
1866	2	23	9	58	0	-14	orig=-11.2R|orig.time=Noon|orig.date=1866-02-23
1866	2	23	11	58	0	-12.4	orig=-9.9R|orig.time=2:00PM|orig.date=1866-02-23
1866	2	23	18	58	0	-17.6	orig=-14.1R|orig.time=9:00PM|orig.date=1866-02-23
1866	2	24	4	58	0	-21	orig=-16.8R|orig.time=7:00AM|orig.date=1866-02-24
1866	2	24	9	58	0	-14.8	orig=-11.8R|orig.time=Noon|orig.date=1866-02-24
1866	2	24	11	58	0	-13.1	orig=-10.5R|orig.time=2:00PM|orig.date=1866-02-24
1866	2	24	18	58	0	-15.2	orig=-12.2R|orig.time=9:00PM|orig.date=1866-02-24
1866	2	25	4	58	0	-10.5	orig=-8.4R|orig.time=7:00AM|orig.date=1866-02-25
1866	2	25	9	58	0	-3.4	orig=-2.7R|orig.time=Noon|orig.date=1866-02-25
1866	2	25	11	58	0	-3.1	orig=-2.5R|orig.time=2:00PM|orig.date=1866-02-25
1866	2	25	18	58	0	-2.9	orig=-2.3R|orig.time=9:00PM|orig.date=1866-02-25
1866	2	26	4	58	0	-7.8	orig=-6.2R|orig.time=7:00AM|orig.date=1866-02-26
1866	2	26	9	58	0	-2.6	orig=-2.1R|orig.time=Noon|orig.date=1866-02-26
1866	2	26	11	58	0	-3.6	orig=-2.9R|orig.time=2:00PM|orig.date=1866-02-26
1866	2	26	18	58	0	-8.5	orig=-6.8R|orig.time=9:00PM|orig.date=1866-02-26
1866	2	27	4	58	0	-9.6	orig=-7.7R|orig.time=7:00AM|orig.date=1866-02-27
1866	2	27	9	58	0	-6.9	orig=-5.5R|orig.time=Noon|orig.date=1866-02-27
1866	2	27	11	58	0	-7.1	orig=-5.7R|orig.time=2:00PM|orig.date=1866-02-27
1866	2	27	18	58	0	-12.9	orig=-10.3R|orig.time=9:00PM|orig.date=1866-02-27
1866	2	28	4	58	0	-13.2	orig=-10.6R|orig.time=7:00AM|orig.date=1866-02-28
1866	2	28	9	58	0	-3.5	orig=-2.8R|orig.time=Noon|orig.date=1866-02-28
1866	2	28	11	58	0	-3	orig=-2.4R|orig.time=2:00PM|orig.date=1866-02-28
1866	2	28	18	58	0	-2.4	orig=-1.9R|orig.time=9:00PM|orig.date=1866-02-28
1866	3	1	4	58	0	-0.6	orig=-0.5R|orig.time=7:00AM|orig.date=1866-03-01
1866	3	1	9	58	0	1.1	orig=0.9R|orig.time=Noon|orig.date=1866-03-01
1866	3	1	11	58	0	1.5	orig=1.2R|orig.time=2:00PM|orig.date=1866-03-01
1866	3	1	18	58	0	1.6	orig=1.3R|orig.time=9:00PM|orig.date=1866-03-01
1866	3	2	4	58	0	0.1	orig=0.1R|orig.time=7:00AM|orig.date=1866-03-02
1866	3	2	9	58	0	5	orig=4R|orig.time=Noon|orig.date=1866-03-02
1866	3	2	11	58	0	4.5	orig=3.6R|orig.time=2:00PM|orig.date=1866-03-02
1866	3	2	18	58	0	1	orig=0.8R|orig.time=9:00PM|orig.date=1866-03-02
1866	3	3	4	58	0	1.1	orig=0.9R|orig.time=7:00AM|orig.date=1866-03-03
1866	3	3	9	58	0	1.4	orig=1.1R|orig.time=Noon|orig.date=1866-03-03
1866	3	3	11	58	0	0.9	orig=0.7R|orig.time=2:00PM|orig.date=1866-03-03
1866	3	3	18	58	0	-1.2	orig=-1R|orig.time=9:00PM|orig.date=1866-03-03
1866	3	4	4	58	0	0.6	orig=0.5R|orig.time=7:00AM|orig.date=1866-03-04
1866	3	4	9	58	0	1.5	orig=1.2R|orig.time=Noon|orig.date=1866-03-04
1866	3	4	11	58	0	2	orig=1.6R|orig.time=2:00PM|orig.date=1866-03-04
1866	3	4	18	58	0	1	orig=0.8R|orig.time=9:00PM|orig.date=1866-03-04
1866	3	5	4	58	0	0.4	orig=0.3R|orig.time=7:00AM|orig.date=1866-03-05
1866	3	5	9	58	0	2.9	orig=2.3R|orig.time=Noon|orig.date=1866-03-05
1866	3	5	11	58	0	2.2	orig=1.8R|orig.time=2:00PM|orig.date=1866-03-05
1866	3	5	18	58	0	0.1	orig=0.1R|orig.time=9:00PM|orig.date=1866-03-05
1866	3	6	4	58	0	0.9	orig=0.7R|orig.time=7:00AM|orig.date=1866-03-06
1866	3	6	9	58	0	2	orig=1.6R|orig.time=Noon|orig.date=1866-03-06
1866	3	6	11	58	0	2.5	orig=2R|orig.time=2:00PM|orig.date=1866-03-06
1866	3	6	18	58	0	1.4	orig=1.1R|orig.time=9:00PM|orig.date=1866-03-06
1866	3	7	4	58	0	1.9	orig=1.5R|orig.time=7:00AM|orig.date=1866-03-07
1866	3	7	9	58	0	2.6	orig=2.1R|orig.time=Noon|orig.date=1866-03-07
1866	3	7	11	58	0	3	orig=2.4R|orig.time=2:00PM|orig.date=1866-03-07
1866	3	7	18	58	0	1.6	orig=1.3R|orig.time=9:00PM|orig.date=1866-03-07
1866	3	8	4	58	0	0.8	orig=0.6R|orig.time=7:00AM|orig.date=1866-03-08
1866	3	8	9	58	0	1.8	orig=1.4R|orig.time=Noon|orig.date=1866-03-08
1866	3	8	11	58	0	1.6	orig=1.3R|orig.time=2:00PM|orig.date=1866-03-08
1866	3	8	18	58	0	0.9	orig=0.7R|orig.time=9:00PM|orig.date=1866-03-08
1866	3	9	4	58	0	0.6	orig=0.5R|orig.time=7:00AM|orig.date=1866-03-09
1866	3	9	9	58	0	0.5	orig=0.4R|orig.time=Noon|orig.date=1866-03-09
1866	3	9	11	58	0	0.4	orig=0.3R|orig.time=2:00PM|orig.date=1866-03-09
1866	3	9	18	58	0	1.1	orig=0.9R|orig.time=9:00PM|orig.date=1866-03-09
1866	3	10	4	58	0	0.2	orig=0.2R|orig.time=7:00AM|orig.date=1866-03-10
1866	3	10	9	58	0	3.1	orig=2.5R|orig.time=Noon|orig.date=1866-03-10
1866	3	10	11	58	0	2.4	orig=1.9R|orig.time=2:00PM|orig.date=1866-03-10
1866	3	10	18	58	0	1.2	orig=1R|orig.time=9:00PM|orig.date=1866-03-10
1866	3	11	4	58	0	0.4	orig=0.3R|orig.time=7:00AM|orig.date=1866-03-11
1866	3	11	9	58	0	2.6	orig=2.1R|orig.time=Noon|orig.date=1866-03-11
1866	3	11	11	58	0	2.1	orig=1.7R|orig.time=2:00PM|orig.date=1866-03-11
1866	3	11	18	58	0	0.6	orig=0.5R|orig.time=9:00PM|orig.date=1866-03-11
1866	3	12	4	58	0	0.1	orig=0.1R|orig.time=7:00AM|orig.date=1866-03-12
1866	3	12	9	58	0	-0.6	orig=-0.5R|orig.time=Noon|orig.date=1866-03-12
1866	3	12	11	58	0	-0.2	orig=-0.2R|orig.time=2:00PM|orig.date=1866-03-12
1866	3	12	18	58	0	-1.2	orig=-1R|orig.time=9:00PM|orig.date=1866-03-12
1866	3	13	4	58	0	-2.1	orig=-1.7R|orig.time=7:00AM|orig.date=1866-03-13
1866	3	13	9	58	0	0.6	orig=0.5R|orig.time=Noon|orig.date=1866-03-13
1866	3	13	11	58	0	1.8	orig=1.4R|orig.time=2:00PM|orig.date=1866-03-13
1866	3	13	18	58	0	-1.9	orig=-1.5R|orig.time=9:00PM|orig.date=1866-03-13
1866	3	14	4	58	0	-1.1	orig=-0.9R|orig.time=7:00AM|orig.date=1866-03-14
1866	3	14	9	58	0	5	orig=4R|orig.time=Noon|orig.date=1866-03-14
1866	3	14	11	58	0	5.8	orig=4.6R|orig.time=2:00PM|orig.date=1866-03-14
1866	3	14	18	58	0	3	orig=2.4R|orig.time=9:00PM|orig.date=1866-03-14
1866	3	15	4	58	0	1.9	orig=1.5R|orig.time=7:00AM|orig.date=1866-03-15
1866	3	15	9	58	0	1.1	orig=0.9R|orig.time=Noon|orig.date=1866-03-15
1866	3	15	11	58	0	1.6	orig=1.3R|orig.time=2:00PM|orig.date=1866-03-15
1866	3	15	18	58	0	2.6	orig=2.1R|orig.time=9:00PM|orig.date=1866-03-15
1866	3	16	4	58	0	0.2	orig=0.2R|orig.time=7:00AM|orig.date=1866-03-16
1866	3	16	9	58	0	0.4	orig=0.3R|orig.time=Noon|orig.date=1866-03-16
1866	3	16	11	58	0	0.1	orig=0.1R|orig.time=2:00PM|orig.date=1866-03-16
1866	3	16	18	58	0	-0.8	orig=-0.6R|orig.time=9:00PM|orig.date=1866-03-16
1866	3	17	4	58	0	-1.6	orig=-1.3R|orig.time=7:00AM|orig.date=1866-03-17
1866	3	17	9	58	0	0	orig=0R|orig.time=Noon|orig.date=1866-03-17
1866	3	17	11	58	0	-0.6	orig=-0.5R|orig.time=2:00PM|orig.date=1866-03-17
1866	3	17	18	58	0	-1.4	orig=-1.1R|orig.time=9:00PM|orig.date=1866-03-17
1866	3	18	4	58	0	-1	orig=-0.8R|orig.time=7:00AM|orig.date=1866-03-18
1866	3	18	9	58	0	0.4	orig=0.3R|orig.time=Noon|orig.date=1866-03-18
1866	3	18	11	58	0	0.8	orig=0.6R|orig.time=2:00PM|orig.date=1866-03-18
1866	3	18	18	58	0	-1	orig=-0.8R|orig.time=9:00PM|orig.date=1866-03-18
1866	3	19	4	58	0	-1.4	orig=-1.1R|orig.time=7:00AM|orig.date=1866-03-19
1866	3	19	9	58	0	0.8	orig=0.6R|orig.time=Noon|orig.date=1866-03-19
1866	3	19	11	58	0	0.9	orig=0.7R|orig.time=2:00PM|orig.date=1866-03-19
1866	3	19	18	58	0	0.5	orig=0.4R|orig.time=9:00PM|orig.date=1866-03-19
1866	3	20	4	58	0	1.5	orig=1.2R|orig.time=7:00AM|orig.date=1866-03-20
1866	3	20	9	58	0	3.8	orig=3R|orig.time=Noon|orig.date=1866-03-20
1866	3	20	11	58	0	3.9	orig=3.1R|orig.time=2:00PM|orig.date=1866-03-20
1866	3	20	18	58	0	6	orig=4.8R|orig.time=9:00PM|orig.date=1866-03-20
1866	3	21	4	58	0	2.9	orig=2.3R|orig.time=7:00AM|orig.date=1866-03-21
1866	3	21	9	58	0	9	orig=7.2R|orig.time=Noon|orig.date=1866-03-21
1866	3	21	11	58	0	10.6	orig=8.5R|orig.time=2:00PM|orig.date=1866-03-21
1866	3	21	18	58	0	7.5	orig=6R|orig.time=9:00PM|orig.date=1866-03-21
1866	3	22	4	58	0	6.6	orig=5.3R|orig.time=7:00AM|orig.date=1866-03-22
1866	3	22	9	58	0	12.9	orig=10.3R|orig.time=Noon|orig.date=1866-03-22
1866	3	22	11	58	0	15.4	orig=12.3R|orig.time=2:00PM|orig.date=1866-03-22
1866	3	22	18	58	0	9.4	orig=7.5R|orig.time=9:00PM|orig.date=1866-03-22
1866	3	23	4	58	0	4.6	orig=3.7R|orig.time=7:00AM|orig.date=1866-03-23
1866	3	23	9	58	0	7.6	orig=6.1R|orig.time=Noon|orig.date=1866-03-23
1866	3	23	11	58	0	7.5	orig=6R|orig.time=2:00PM|orig.date=1866-03-23
1866	3	23	18	58	0	6.2	orig=5R|orig.time=9:00PM|orig.date=1866-03-23
1866	3	24	4	58	0	0.9	orig=0.7R|orig.time=7:00AM|orig.date=1866-03-24
1866	3	24	9	58	0	1.2	orig=1R|orig.time=Noon|orig.date=1866-03-24
1866	3	24	11	58	0	1.9	orig=1.5R|orig.time=2:00PM|orig.date=1866-03-24
1866	3	24	18	58	0	-1.9	orig=-1.5R|orig.time=9:00PM|orig.date=1866-03-24
1866	3	25	4	58	0	-0.6	orig=-0.5R|orig.time=7:00AM|orig.date=1866-03-25
1866	3	25	9	58	0	4.4	orig=3.5R|orig.time=Noon|orig.date=1866-03-25
1866	3	25	11	58	0	6.4	orig=5.1R|orig.time=2:00PM|orig.date=1866-03-25
1866	3	25	18	58	0	3.4	orig=2.7R|orig.time=9:00PM|orig.date=1866-03-25
1866	3	26	4	58	0	-0.2	orig=-0.2R|orig.time=7:00AM|orig.date=1866-03-26
1866	3	26	9	58	0	1.2	orig=1R|orig.time=Noon|orig.date=1866-03-26
1866	3	26	11	58	0	1.4	orig=1.1R|orig.time=2:00PM|orig.date=1866-03-26
1866	3	26	18	58	0	0.2	orig=0.2R|orig.time=9:00PM|orig.date=1866-03-26
1866	3	27	4	58	0	0.6	orig=0.5R|orig.time=7:00AM|orig.date=1866-03-27
1866	3	27	9	58	0	3.6	orig=2.9R|orig.time=Noon|orig.date=1866-03-27
1866	3	27	11	58	0	4.8	orig=3.8R|orig.time=2:00PM|orig.date=1866-03-27
1866	3	27	18	58	0	1.6	orig=1.3R|orig.time=9:00PM|orig.date=1866-03-27
1866	3	28	4	58	0	-0.2	orig=-0.2R|orig.time=7:00AM|orig.date=1866-03-28
1866	3	28	9	58	0	0.4	orig=0.3R|orig.time=Noon|orig.date=1866-03-28
1866	3	28	11	58	0	0.5	orig=0.4R|orig.time=2:00PM|orig.date=1866-03-28
1866	3	28	18	58	0	-0.5	orig=-0.4R|orig.time=9:00PM|orig.date=1866-03-28
1866	3	29	4	58	0	-0.4	orig=-0.3R|orig.time=7:00AM|orig.date=1866-03-29
1866	3	29	9	58	0	0.4	orig=0.3R|orig.time=Noon|orig.date=1866-03-29
1866	3	29	11	58	0	1	orig=0.8R|orig.time=2:00PM|orig.date=1866-03-29
1866	3	29	18	58	0	1.9	orig=1.5R|orig.time=9:00PM|orig.date=1866-03-29
1866	3	30	4	58	0	3.6	orig=2.9R|orig.time=7:00AM|orig.date=1866-03-30
1866	3	30	9	58	0	5.6	orig=4.5R|orig.time=Noon|orig.date=1866-03-30
1866	3	30	11	58	0	5.4	orig=4.3R|orig.time=2:00PM|orig.date=1866-03-30
1866	3	30	18	58	0	5	orig=4R|orig.time=9:00PM|orig.date=1866-03-30
1866	3	31	4	58	0	2.9	orig=2.3R|orig.time=7:00AM|orig.date=1866-03-31
1866	3	31	9	58	0	7.6	orig=6.1R|orig.time=Noon|orig.date=1866-03-31
1866	3	31	11	58	0	8.1	orig=6.5R|orig.time=2:00PM|orig.date=1866-03-31
1866	3	31	18	58	0	5.6	orig=4.5R|orig.time=9:00PM|orig.date=1866-03-31
1866	4	1	4	58	0	5.2	orig=4.2R|orig.time=7:00AM|orig.date=1866-04-01
1866	4	1	9	58	0	9.1	orig=7.3R|orig.time=Noon|orig.date=1866-04-01
1866	4	1	11	58	0	10.2	orig=8.2R|orig.time=2:00PM|orig.date=1866-04-01
1866	4	1	18	58	0	6.8	orig=5.4R|orig.time=9:00PM|orig.date=1866-04-01
1866	4	2	4	58	0	4.4	orig=3.5R|orig.time=7:00AM|orig.date=1866-04-02
1866	4	2	9	58	0	4.1	orig=3.3R|orig.time=Noon|orig.date=1866-04-02
1866	4	2	11	58	0	5.1	orig=4.1R|orig.time=2:00PM|orig.date=1866-04-02
1866	4	2	18	58	0	2.8	orig=2.2R|orig.time=9:00PM|orig.date=1866-04-02
1866	4	3	4	58	0	1.8	orig=1.4R|orig.time=7:00AM|orig.date=1866-04-03
1866	4	3	9	58	0	7.5	orig=6R|orig.time=Noon|orig.date=1866-04-03
1866	4	3	11	58	0	9.9	orig=7.9R|orig.time=2:00PM|orig.date=1866-04-03
1866	4	3	18	58	0	6.2	orig=5R|orig.time=9:00PM|orig.date=1866-04-03
1866	4	4	4	58	0	6.4	orig=5.1R|orig.time=7:00AM|orig.date=1866-04-04
1866	4	4	9	58	0	13.1	orig=10.5R|orig.time=Noon|orig.date=1866-04-04
1866	4	4	11	58	0	14.5	orig=11.6R|orig.time=2:00PM|orig.date=1866-04-04
1866	4	4	18	58	0	14.4	orig=11.5R|orig.time=9:00PM|orig.date=1866-04-04
1866	4	5	4	58	0	6.4	orig=5.1R|orig.time=7:00AM|orig.date=1866-04-05
1866	4	5	9	58	0	12.5	orig=10R|orig.time=Noon|orig.date=1866-04-05
1866	4	5	11	58	0	13.5	orig=10.8R|orig.time=2:00PM|orig.date=1866-04-05
1866	4	5	18	58	0	8.5	orig=6.8R|orig.time=9:00PM|orig.date=1866-04-05
1866	4	6	4	58	0	7.4	orig=5.9R|orig.time=7:00AM|orig.date=1866-04-06
1866	4	6	9	58	0	13.6	orig=10.9R|orig.time=Noon|orig.date=1866-04-06
1866	4	6	11	58	0	15.9	orig=12.7R|orig.time=2:00PM|orig.date=1866-04-06
1866	4	6	18	58	0	14.9	orig=11.9R|orig.time=9:00PM|orig.date=1866-04-06
1866	4	7	4	58	0	6.8	orig=5.4R|orig.time=7:00AM|orig.date=1866-04-07
1866	4	7	9	58	0	10.4	orig=8.3R|orig.time=Noon|orig.date=1866-04-07
1866	4	7	11	58	0	10.9	orig=8.7R|orig.time=2:00PM|orig.date=1866-04-07
1866	4	7	18	58	0	8	orig=6.4R|orig.time=9:00PM|orig.date=1866-04-07
1866	4	8	4	58	0	4.9	orig=3.9R|orig.time=7:00AM|orig.date=1866-04-08
1866	4	8	9	58	0	8.8	orig=7R|orig.time=Noon|orig.date=1866-04-08
1866	4	8	11	58	0	10.9	orig=8.7R|orig.time=2:00PM|orig.date=1866-04-08
1866	4	8	18	58	0	6.6	orig=5.3R|orig.time=9:00PM|orig.date=1866-04-08
1866	4	9	4	58	0	3.9	orig=3.1R|orig.time=7:00AM|orig.date=1866-04-09
1866	4	9	9	58	0	10	orig=8R|orig.time=Noon|orig.date=1866-04-09
1866	4	9	11	58	0	11.8	orig=9.4R|orig.time=2:00PM|orig.date=1866-04-09
1866	4	9	18	58	0	10	orig=8R|orig.time=9:00PM|orig.date=1866-04-09
1866	4	10	4	58	0	4.2	orig=3.4R|orig.time=7:00AM|orig.date=1866-04-10
1866	4	10	9	58	0	13.2	orig=10.6R|orig.time=Noon|orig.date=1866-04-10
1866	4	10	11	58	0	14.9	orig=11.9R|orig.time=2:00PM|orig.date=1866-04-10
1866	4	10	18	58	0	9.1	orig=7.3R|orig.time=9:00PM|orig.date=1866-04-10
1866	4	11	4	58	0	7.9	orig=6.3R|orig.time=7:00AM|orig.date=1866-04-11
1866	4	11	9	58	0	8.9	orig=7.1R|orig.time=Noon|orig.date=1866-04-11
1866	4	11	11	58	0	10.8	orig=8.6R|orig.time=2:00PM|orig.date=1866-04-11
1866	4	11	18	58	0	6.5	orig=5.2R|orig.time=9:00PM|orig.date=1866-04-11
1866	4	12	4	58	0	7.1	orig=5.7R|orig.time=7:00AM|orig.date=1866-04-12
1866	4	12	9	58	0	13.1	orig=10.5R|orig.time=Noon|orig.date=1866-04-12
1866	4	12	11	58	0	15.1	orig=12.1R|orig.time=2:00PM|orig.date=1866-04-12
1866	4	12	18	58	0	11.1	orig=8.9R|orig.time=9:00PM|orig.date=1866-04-12
1866	4	13	4	58	0	8	orig=6.4R|orig.time=7:00AM|orig.date=1866-04-13
1866	4	13	9	58	0	9.1	orig=7.3R|orig.time=Noon|orig.date=1866-04-13
1866	4	13	11	58	0	12	orig=9.6R|orig.time=2:00PM|orig.date=1866-04-13
1866	4	13	18	58	0	10	orig=8R|orig.time=9:00PM|orig.date=1866-04-13
1866	4	14	4	58	0	8.8	orig=7R|orig.time=7:00AM|orig.date=1866-04-14
1866	4	14	9	58	0	13.6	orig=10.9R|orig.time=Noon|orig.date=1866-04-14
1866	4	14	11	58	0	14.8	orig=11.8R|orig.time=2:00PM|orig.date=1866-04-14
1866	4	14	18	58	0	10.5	orig=8.4R|orig.time=9:00PM|orig.date=1866-04-14
1866	4	15	4	58	0	8.2	orig=6.6R|orig.time=7:00AM|orig.date=1866-04-15
1866	4	15	9	58	0	17.4	orig=13.9R|orig.time=Noon|orig.date=1866-04-15
1866	4	15	11	58	0	17.6	orig=14.1R|orig.time=2:00PM|orig.date=1866-04-15
1866	4	15	18	58	0	11.8	orig=9.4R|orig.time=9:00PM|orig.date=1866-04-15
1866	4	16	4	58	0	11.4	orig=9.1R|orig.time=7:00AM|orig.date=1866-04-16
1866	4	16	9	58	0	13.2	orig=10.6R|orig.time=Noon|orig.date=1866-04-16
1866	4	16	11	58	0	10.6	orig=8.5R|orig.time=2:00PM|orig.date=1866-04-16
1866	4	16	18	58	0	8	orig=6.4R|orig.time=9:00PM|orig.date=1866-04-16
1866	4	17	4	58	0	6	orig=4.8R|orig.time=7:00AM|orig.date=1866-04-17
1866	4	17	9	58	0	15.5	orig=12.4R|orig.time=Noon|orig.date=1866-04-17
1866	4	17	11	58	0	15.6	orig=12.5R|orig.time=2:00PM|orig.date=1866-04-17
1866	4	17	18	58	0	10.5	orig=8.4R|orig.time=9:00PM|orig.date=1866-04-17
1866	4	18	4	58	0	9.9	orig=7.9R|orig.time=7:00AM|orig.date=1866-04-18
1866	4	18	9	58	0	18.9	orig=15.1R|orig.time=Noon|orig.date=1866-04-18
1866	4	18	11	58	0	19.2	orig=15.4R|orig.time=2:00PM|orig.date=1866-04-18
1866	4	18	18	58	0	7.9	orig=6.3R|orig.time=9:00PM|orig.date=1866-04-18
1866	4	19	4	58	0	9.2	orig=7.4R|orig.time=7:00AM|orig.date=1866-04-19
1866	4	19	9	58	0	15.6	orig=12.5R|orig.time=Noon|orig.date=1866-04-19
1866	4	19	11	58	0	13.5	orig=10.8R|orig.time=2:00PM|orig.date=1866-04-19
1866	4	19	18	58	0	8.5	orig=6.8R|orig.time=9:00PM|orig.date=1866-04-19
1866	4	20	4	58	0	1.8	orig=1.4R|orig.time=7:00AM|orig.date=1866-04-20
1866	4	20	9	58	0	3.5	orig=2.8R|orig.time=Noon|orig.date=1866-04-20
1866	4	20	11	58	0	3.6	orig=2.9R|orig.time=2:00PM|orig.date=1866-04-20
1866	4	20	18	58	0	2.6	orig=2.1R|orig.time=9:00PM|orig.date=1866-04-20
1866	4	21	4	58	0	1.5	orig=1.2R|orig.time=7:00AM|orig.date=1866-04-21
1866	4	21	9	58	0	8.8	orig=7R|orig.time=Noon|orig.date=1866-04-21
1866	4	21	11	58	0	7.5	orig=6R|orig.time=2:00PM|orig.date=1866-04-21
1866	4	21	18	58	0	5.1	orig=4.1R|orig.time=9:00PM|orig.date=1866-04-21
1866	4	22	4	58	0	2.4	orig=1.9R|orig.time=7:00AM|orig.date=1866-04-22
1866	4	22	9	58	0	3.9	orig=3.1R|orig.time=Noon|orig.date=1866-04-22
1866	4	22	11	58	0	4.5	orig=3.6R|orig.time=2:00PM|orig.date=1866-04-22
1866	4	22	18	58	0	0.5	orig=0.4R|orig.time=9:00PM|orig.date=1866-04-22
1866	4	23	4	58	0	0.4	orig=0.3R|orig.time=7:00AM|orig.date=1866-04-23
1866	4	23	9	58	0	5.2	orig=4.2R|orig.time=Noon|orig.date=1866-04-23
1866	4	23	11	58	0	6	orig=4.8R|orig.time=2:00PM|orig.date=1866-04-23
1866	4	23	18	58	0	3.4	orig=2.7R|orig.time=9:00PM|orig.date=1866-04-23
1866	4	24	4	58	0	1.4	orig=1.1R|orig.time=7:00AM|orig.date=1866-04-24
1866	4	24	9	58	0	10.6	orig=8.5R|orig.time=Noon|orig.date=1866-04-24
1866	4	24	11	58	0	11.8	orig=9.4R|orig.time=2:00PM|orig.date=1866-04-24
1866	4	24	18	58	0	10.5	orig=8.4R|orig.time=9:00PM|orig.date=1866-04-24
1866	4	25	4	58	0	11	orig=8.8R|orig.time=7:00AM|orig.date=1866-04-25
1866	4	25	9	58	0	14	orig=11.2R|orig.time=Noon|orig.date=1866-04-25
1866	4	25	11	58	0	15.9	orig=12.7R|orig.time=2:00PM|orig.date=1866-04-25
1866	4	25	18	58	0	10.2	orig=8.2R|orig.time=9:00PM|orig.date=1866-04-25
1866	4	26	4	58	0	5.6	orig=4.5R|orig.time=7:00AM|orig.date=1866-04-26
1866	4	26	9	58	0	4.1	orig=3.3R|orig.time=Noon|orig.date=1866-04-26
1866	4	26	11	58	0	3.4	orig=2.7R|orig.time=2:00PM|orig.date=1866-04-26
1866	4	26	18	58	0	2.6	orig=2.1R|orig.time=9:00PM|orig.date=1866-04-26
1866	4	27	4	58	0	2.6	orig=2.1R|orig.time=7:00AM|orig.date=1866-04-27
1866	4	27	9	58	0	5.5	orig=4.4R|orig.time=Noon|orig.date=1866-04-27
1866	4	27	11	58	0	6.4	orig=5.1R|orig.time=2:00PM|orig.date=1866-04-27
1866	4	27	18	58	0	4.1	orig=3.3R|orig.time=9:00PM|orig.date=1866-04-27
1866	4	28	4	58	0	5.2	orig=4.2R|orig.time=7:00AM|orig.date=1866-04-28
1866	4	28	9	58	0	13.9	orig=11.1R|orig.time=Noon|orig.date=1866-04-28
1866	4	28	11	58	0	14.2	orig=11.4R|orig.time=2:00PM|orig.date=1866-04-28
1866	4	28	18	58	0	7.6	orig=6.1R|orig.time=9:00PM|orig.date=1866-04-28
1866	4	29	4	58	0	5.6	orig=4.5R|orig.time=7:00AM|orig.date=1866-04-29
1866	4	29	9	58	0	16.4	orig=13.1R|orig.time=Noon|orig.date=1866-04-29
1866	4	29	11	58	0	16.5	orig=13.2R|orig.time=2:00PM|orig.date=1866-04-29
1866	4	29	18	58	0	12.4	orig=9.9R|orig.time=9:00PM|orig.date=1866-04-29
1866	4	30	4	58	0	8.4	orig=6.7R|orig.time=7:00AM|orig.date=1866-04-30
1866	4	30	9	58	0	18.8	orig=15R|orig.time=Noon|orig.date=1866-04-30
1866	4	30	11	58	0	19.4	orig=15.5R|orig.time=2:00PM|orig.date=1866-04-30
1866	4	30	18	58	0	12.4	orig=9.9R|orig.time=9:00PM|orig.date=1866-04-30
1866	5	1	4	58	0	11.5	orig=9.2R|orig.time=7:00AM|orig.date=1866-05-01
1866	5	1	9	58	0	21.5	orig=17.2R|orig.time=Noon|orig.date=1866-05-01
1866	5	1	11	58	0	23.2	orig=18.6R|orig.time=2:00PM|orig.date=1866-05-01
1866	5	1	18	58	0	15.5	orig=12.4R|orig.time=9:00PM|orig.date=1866-05-01
1866	5	2	4	58	0	12.2	orig=9.8R|orig.time=7:00AM|orig.date=1866-05-02
1866	5	2	9	58	0	21.9	orig=17.5R|orig.time=Noon|orig.date=1866-05-02
1866	5	2	11	58	0	23.4	orig=18.7R|orig.time=2:00PM|orig.date=1866-05-02
1866	5	2	18	58	0	15.6	orig=12.5R|orig.time=9:00PM|orig.date=1866-05-02
1866	5	3	4	58	0	13	orig=10.4R|orig.time=7:00AM|orig.date=1866-05-03
1866	5	3	9	58	0	15.2	orig=12.2R|orig.time=Noon|orig.date=1866-05-03
1866	5	3	11	58	0	15.6	orig=12.5R|orig.time=2:00PM|orig.date=1866-05-03
1866	5	3	18	58	0	16	orig=12.8R|orig.time=9:00PM|orig.date=1866-05-03
1866	5	4	4	58	0	12.2	orig=9.8R|orig.time=7:00AM|orig.date=1866-05-04
1866	5	4	9	58	0	12.9	orig=10.3R|orig.time=Noon|orig.date=1866-05-04
1866	5	4	11	58	0	13.6	orig=10.9R|orig.time=2:00PM|orig.date=1866-05-04
1866	5	4	18	58	0	9.6	orig=7.7R|orig.time=9:00PM|orig.date=1866-05-04
1866	5	5	4	58	0	9.5	orig=7.6R|orig.time=7:00AM|orig.date=1866-05-05
1866	5	5	9	58	0	11.6	orig=9.3R|orig.time=Noon|orig.date=1866-05-05
1866	5	5	11	58	0	13.5	orig=10.8R|orig.time=2:00PM|orig.date=1866-05-05
1866	5	5	18	58	0	10.8	orig=8.6R|orig.time=9:00PM|orig.date=1866-05-05
1866	5	6	4	58	0	10.1	orig=8.1R|orig.time=7:00AM|orig.date=1866-05-06
1866	5	6	9	58	0	20	orig=16R|orig.time=Noon|orig.date=1866-05-06
1866	5	6	11	58	0	21.9	orig=17.5R|orig.time=2:00PM|orig.date=1866-05-06
1866	5	6	18	58	0	8.6	orig=6.9R|orig.time=9:00PM|orig.date=1866-05-06
1866	5	7	4	58	0	6.2	orig=5R|orig.time=7:00AM|orig.date=1866-05-07
1866	5	7	9	58	0	13.4	orig=10.7R|orig.time=Noon|orig.date=1866-05-07
1866	5	7	11	58	0	14.9	orig=11.9R|orig.time=2:00PM|orig.date=1866-05-07
1866	5	7	18	58	0	9.9	orig=7.9R|orig.time=9:00PM|orig.date=1866-05-07
1866	5	8	4	58	0	10	orig=8R|orig.time=7:00AM|orig.date=1866-05-08
1866	5	8	9	58	0	12.1	orig=9.7R|orig.time=Noon|orig.date=1866-05-08
1866	5	8	11	58	0	15.2	orig=12.2R|orig.time=2:00PM|orig.date=1866-05-08
1866	5	8	18	58	0	10.2	orig=8.2R|orig.time=9:00PM|orig.date=1866-05-08
1866	5	9	4	58	0	10.1	orig=8.1R|orig.time=7:00AM|orig.date=1866-05-09
1866	5	9	9	58	0	18.9	orig=15.1R|orig.time=Noon|orig.date=1866-05-09
1866	5	9	11	58	0	19	orig=15.2R|orig.time=2:00PM|orig.date=1866-05-09
1866	5	9	18	58	0	12.4	orig=9.9R|orig.time=9:00PM|orig.date=1866-05-09
1866	5	10	4	58	0	12.9	orig=10.3R|orig.time=7:00AM|orig.date=1866-05-10
1866	5	10	9	58	0	21.6	orig=17.3R|orig.time=Noon|orig.date=1866-05-10
1866	5	10	11	58	0	22.6	orig=18.1R|orig.time=2:00PM|orig.date=1866-05-10
1866	5	10	18	58	0	14.2	orig=11.4R|orig.time=9:00PM|orig.date=1866-05-10
1866	5	11	4	58	0	14.6	orig=11.7R|orig.time=7:00AM|orig.date=1866-05-11
1866	5	11	9	58	0	16.2	orig=13R|orig.time=Noon|orig.date=1866-05-11
1866	5	11	11	58	0	13.1	orig=10.5R|orig.time=2:00PM|orig.date=1866-05-11
1866	5	11	18	58	0	13	orig=10.4R|orig.time=9:00PM|orig.date=1866-05-11
1866	5	12	4	58	0	13.9	orig=11.1R|orig.time=7:00AM|orig.date=1866-05-12
1866	5	12	9	58	0	13.9	orig=11.1R|orig.time=Noon|orig.date=1866-05-12
1866	5	12	11	58	0	14.4	orig=11.5R|orig.time=2:00PM|orig.date=1866-05-12
1866	5	12	18	58	0	11.5	orig=9.2R|orig.time=9:00PM|orig.date=1866-05-12
1866	5	13	4	58	0	13.1	orig=10.5R|orig.time=7:00AM|orig.date=1866-05-13
1866	5	13	9	58	0	20.9	orig=16.7R|orig.time=Noon|orig.date=1866-05-13
1866	5	13	11	58	0	21.6	orig=17.3R|orig.time=2:00PM|orig.date=1866-05-13
1866	5	13	18	58	0	17.4	orig=13.9R|orig.time=9:00PM|orig.date=1866-05-13
1866	5	14	4	58	0	16.4	orig=13.1R|orig.time=7:00AM|orig.date=1866-05-14
1866	5	14	9	58	0	25.1	orig=20.1R|orig.time=Noon|orig.date=1866-05-14
1866	5	14	11	58	0	24.1	orig=19.3R|orig.time=2:00PM|orig.date=1866-05-14
1866	5	14	18	58	0	15.8	orig=12.6R|orig.time=9:00PM|orig.date=1866-05-14
1866	5	15	4	58	0	14.4	orig=11.5R|orig.time=7:00AM|orig.date=1866-05-15
1866	5	15	9	58	0	21.2	orig=17R|orig.time=Noon|orig.date=1866-05-15
1866	5	15	11	58	0	22.8	orig=18.2R|orig.time=2:00PM|orig.date=1866-05-15
1866	5	15	18	58	0	16.2	orig=13R|orig.time=9:00PM|orig.date=1866-05-15
1866	5	16	4	58	0	16.8	orig=13.4R|orig.time=7:00AM|orig.date=1866-05-16
1866	5	16	9	58	0	24.4	orig=19.5R|orig.time=Noon|orig.date=1866-05-16
1866	5	16	11	58	0	22.6	orig=18.1R|orig.time=2:00PM|orig.date=1866-05-16
1866	5	16	18	58	0	16.6	orig=13.3R|orig.time=9:00PM|orig.date=1866-05-16
1866	5	17	4	58	0	13.8	orig=11R|orig.time=7:00AM|orig.date=1866-05-17
1866	5	17	9	58	0	14	orig=11.2R|orig.time=Noon|orig.date=1866-05-17
1866	5	17	11	58	0	14.4	orig=11.5R|orig.time=2:00PM|orig.date=1866-05-17
1866	5	17	18	58	0	12.5	orig=10R|orig.time=9:00PM|orig.date=1866-05-17
1866	5	18	4	58	0	8.9	orig=7.1R|orig.time=7:00AM|orig.date=1866-05-18
1866	5	18	9	58	0	9	orig=7.2R|orig.time=Noon|orig.date=1866-05-18
1866	5	18	11	58	0	8.1	orig=6.5R|orig.time=2:00PM|orig.date=1866-05-18
1866	5	18	18	58	0	9.9	orig=7.9R|orig.time=9:00PM|orig.date=1866-05-18
1866	5	19	4	58	0	4.1	orig=3.3R|orig.time=7:00AM|orig.date=1866-05-19
1866	5	19	9	58	0	9.1	orig=7.3R|orig.time=Noon|orig.date=1866-05-19
1866	5	19	11	58	0	8.5	orig=6.8R|orig.time=2:00PM|orig.date=1866-05-19
1866	5	19	18	58	0	4.6	orig=3.7R|orig.time=9:00PM|orig.date=1866-05-19
1866	5	20	4	58	0	4.2	orig=3.4R|orig.time=7:00AM|orig.date=1866-05-20
1866	5	20	9	58	0	9.2	orig=7.4R|orig.time=Noon|orig.date=1866-05-20
1866	5	20	11	58	0	9.4	orig=7.5R|orig.time=2:00PM|orig.date=1866-05-20
1866	5	20	18	58	0	4.1	orig=3.3R|orig.time=9:00PM|orig.date=1866-05-20
1866	5	21	4	58	0	5.4	orig=4.3R|orig.time=7:00AM|orig.date=1866-05-21
1866	5	21	9	58	0	10.9	orig=8.7R|orig.time=Noon|orig.date=1866-05-21
1866	5	21	11	58	0	13.5	orig=10.8R|orig.time=2:00PM|orig.date=1866-05-21
1866	5	21	18	58	0	8.2	orig=6.6R|orig.time=9:00PM|orig.date=1866-05-21
1866	5	22	4	58	0	7.6	orig=6.1R|orig.time=7:00AM|orig.date=1866-05-22
1866	5	22	9	58	0	7.8	orig=6.2R|orig.time=Noon|orig.date=1866-05-22
1866	5	22	11	58	0	8	orig=6.4R|orig.time=2:00PM|orig.date=1866-05-22
1866	5	22	18	58	0	7.5	orig=6R|orig.time=9:00PM|orig.date=1866-05-22
1866	5	23	4	58	0	7.6	orig=6.1R|orig.time=7:00AM|orig.date=1866-05-23
1866	5	23	9	58	0	13.9	orig=11.1R|orig.time=Noon|orig.date=1866-05-23
1866	5	23	11	58	0	14	orig=11.2R|orig.time=2:00PM|orig.date=1866-05-23
1866	5	23	18	58	0	7	orig=5.6R|orig.time=9:00PM|orig.date=1866-05-23
1866	5	24	4	58	0	4.2	orig=3.4R|orig.time=7:00AM|orig.date=1866-05-24
1866	5	24	9	58	0	8.1	orig=6.5R|orig.time=Noon|orig.date=1866-05-24
1866	5	24	11	58	0	9.9	orig=7.9R|orig.time=2:00PM|orig.date=1866-05-24
1866	5	24	18	58	0	7.1	orig=5.7R|orig.time=9:00PM|orig.date=1866-05-24
1866	5	25	4	58	0	6.4	orig=5.1R|orig.time=7:00AM|orig.date=1866-05-25
1866	5	25	9	58	0	12.1	orig=9.7R|orig.time=Noon|orig.date=1866-05-25
1866	5	25	11	58	0	13.6	orig=10.9R|orig.time=2:00PM|orig.date=1866-05-25
1866	5	25	18	58	0	7.9	orig=6.3R|orig.time=9:00PM|orig.date=1866-05-25
1866	5	26	4	58	0	9.1	orig=7.3R|orig.time=7:00AM|orig.date=1866-05-26
1866	5	26	9	58	0	11.6	orig=9.3R|orig.time=Noon|orig.date=1866-05-26
1866	5	26	11	58	0	10.4	orig=8.3R|orig.time=2:00PM|orig.date=1866-05-26
1866	5	26	18	58	0	9.1	orig=7.3R|orig.time=9:00PM|orig.date=1866-05-26
1866	5	27	4	58	0	8.8	orig=7R|orig.time=7:00AM|orig.date=1866-05-27
1866	5	27	9	58	0	16.4	orig=13.1R|orig.time=Noon|orig.date=1866-05-27
1866	5	27	11	58	0	17.5	orig=14R|orig.time=2:00PM|orig.date=1866-05-27
1866	5	27	18	58	0	13.4	orig=10.7R|orig.time=9:00PM|orig.date=1866-05-27
1866	5	28	4	58	0	13.4	orig=10.7R|orig.time=7:00AM|orig.date=1866-05-28
1866	5	28	9	58	0	19.1	orig=15.3R|orig.time=Noon|orig.date=1866-05-28
1866	5	28	11	58	0	20.1	orig=16.1R|orig.time=2:00PM|orig.date=1866-05-28
1866	5	28	18	58	0	13.6	orig=10.9R|orig.time=9:00PM|orig.date=1866-05-28
1866	5	29	4	58	0	14.5	orig=11.6R|orig.time=7:00AM|orig.date=1866-05-29
1866	5	29	9	58	0	23.4	orig=18.7R|orig.time=Noon|orig.date=1866-05-29
1866	5	29	11	58	0	23	orig=18.4R|orig.time=2:00PM|orig.date=1866-05-29
1866	5	29	18	58	0	15.1	orig=12.1R|orig.time=9:00PM|orig.date=1866-05-29
1866	5	30	4	58	0	15.2	orig=12.2R|orig.time=7:00AM|orig.date=1866-05-30
1866	5	30	9	58	0	22.9	orig=18.3R|orig.time=Noon|orig.date=1866-05-30
1866	5	30	11	58	0	24.4	orig=19.5R|orig.time=2:00PM|orig.date=1866-05-30
1866	5	30	18	58	0	19	orig=15.2R|orig.time=9:00PM|orig.date=1866-05-30
1866	5	31	4	58	0	16.6	orig=13.3R|orig.time=7:00AM|orig.date=1866-05-31
1866	5	31	9	58	0	23.9	orig=19.1R|orig.time=Noon|orig.date=1866-05-31
1866	5	31	11	58	0	24.6	orig=19.7R|orig.time=2:00PM|orig.date=1866-05-31
1866	5	31	18	58	0	18.4	orig=14.7R|orig.time=9:00PM|orig.date=1866-05-31
1866	6	1	4	58	0	18.8	orig=15R|orig.time=7:00AM|orig.date=1866-06-01
1866	6	1	9	58	0	25.4	orig=20.3R|orig.time=Noon|orig.date=1866-06-01
1866	6	1	11	58	0	26.5	orig=21.2R|orig.time=2:00PM|orig.date=1866-06-01
1866	6	1	18	58	0	21.2	orig=17R|orig.time=9:00PM|orig.date=1866-06-01
1866	6	2	4	58	0	18.8	orig=15R|orig.time=7:00AM|orig.date=1866-06-02
1866	6	2	9	58	0	25.6	orig=20.5R|orig.time=Noon|orig.date=1866-06-02
1866	6	2	11	58	0	26.2	orig=21R|orig.time=2:00PM|orig.date=1866-06-02
1866	6	2	18	58	0	20.2	orig=16.2R|orig.time=9:00PM|orig.date=1866-06-02
1866	6	3	4	58	0	19.8	orig=15.8R|orig.time=7:00AM|orig.date=1866-06-03
1866	6	3	9	58	0	26.2	orig=21R|orig.time=Noon|orig.date=1866-06-03
1866	6	3	11	58	0	26.8	orig=21.4R|orig.time=2:00PM|orig.date=1866-06-03
1866	6	3	18	58	0	21.1	orig=16.9R|orig.time=9:00PM|orig.date=1866-06-03
1866	6	4	4	58	0	20.6	orig=16.5R|orig.time=7:00AM|orig.date=1866-06-04
1866	6	4	9	58	0	25.2	orig=20.2R|orig.time=Noon|orig.date=1866-06-04
1866	6	4	11	58	0	25.2	orig=20.2R|orig.time=2:00PM|orig.date=1866-06-04
1866	6	4	18	58	0	16.6	orig=13.3R|orig.time=9:00PM|orig.date=1866-06-04
1866	6	5	4	58	0	17.4	orig=13.9R|orig.time=7:00AM|orig.date=1866-06-05
1866	6	5	9	58	0	22.2	orig=17.8R|orig.time=Noon|orig.date=1866-06-05
1866	6	5	11	58	0	22.1	orig=17.7R|orig.time=2:00PM|orig.date=1866-06-05
1866	6	5	18	58	0	18.6	orig=14.9R|orig.time=9:00PM|orig.date=1866-06-05
1866	6	6	4	58	0	18	orig=14.4R|orig.time=7:00AM|orig.date=1866-06-06
1866	6	6	9	58	0	24.6	orig=19.7R|orig.time=Noon|orig.date=1866-06-06
1866	6	6	11	58	0	22.5	orig=18R|orig.time=2:00PM|orig.date=1866-06-06
1866	6	6	18	58	0	21.2	orig=17R|orig.time=9:00PM|orig.date=1866-06-06
1866	6	7	4	58	0	17.9	orig=14.3R|orig.time=7:00AM|orig.date=1866-06-07
1866	6	7	9	58	0	24.4	orig=19.5R|orig.time=Noon|orig.date=1866-06-07
1866	6	7	11	58	0	25.9	orig=20.7R|orig.time=2:00PM|orig.date=1866-06-07
1866	6	7	18	58	0	18.6	orig=14.9R|orig.time=9:00PM|orig.date=1866-06-07
1866	6	8	4	58	0	17.8	orig=14.2R|orig.time=7:00AM|orig.date=1866-06-08
1866	6	8	9	58	0	24.5	orig=19.6R|orig.time=Noon|orig.date=1866-06-08
1866	6	8	11	58	0	24.4	orig=19.5R|orig.time=2:00PM|orig.date=1866-06-08
1866	6	8	18	58	0	15.8	orig=12.6R|orig.time=9:00PM|orig.date=1866-06-08
1866	6	9	4	58	0	16.6	orig=13.3R|orig.time=7:00AM|orig.date=1866-06-09
1866	6	9	9	58	0	18.9	orig=15.1R|orig.time=Noon|orig.date=1866-06-09
1866	6	9	11	58	0	19.5	orig=15.6R|orig.time=2:00PM|orig.date=1866-06-09
1866	6	9	18	58	0	15.1	orig=12.1R|orig.time=9:00PM|orig.date=1866-06-09
1866	6	10	4	58	0	17.1	orig=13.7R|orig.time=7:00AM|orig.date=1866-06-10
1866	6	10	9	58	0	21.5	orig=17.2R|orig.time=Noon|orig.date=1866-06-10
1866	6	10	11	58	0	21.4	orig=17.1R|orig.time=2:00PM|orig.date=1866-06-10
1866	6	10	18	58	0	13.8	orig=11R|orig.time=9:00PM|orig.date=1866-06-10
1866	6	11	4	58	0	16.9	orig=13.5R|orig.time=7:00AM|orig.date=1866-06-11
1866	6	11	9	58	0	22.6	orig=18.1R|orig.time=Noon|orig.date=1866-06-11
1866	6	11	11	58	0	16.9	orig=13.5R|orig.time=2:00PM|orig.date=1866-06-11
1866	6	11	18	58	0	15.6	orig=12.5R|orig.time=9:00PM|orig.date=1866-06-11
1866	6	12	4	58	0	17.6	orig=14.1R|orig.time=7:00AM|orig.date=1866-06-12
1866	6	12	9	58	0	25.1	orig=20.1R|orig.time=Noon|orig.date=1866-06-12
1866	6	12	11	58	0	25.6	orig=20.5R|orig.time=2:00PM|orig.date=1866-06-12
1866	6	12	18	58	0	19.2	orig=15.4R|orig.time=9:00PM|orig.date=1866-06-12
1866	6	13	4	58	0	17.8	orig=14.2R|orig.time=7:00AM|orig.date=1866-06-13
1866	6	13	9	58	0	22.6	orig=18.1R|orig.time=Noon|orig.date=1866-06-13
1866	6	13	11	58	0	23.9	orig=19.1R|orig.time=2:00PM|orig.date=1866-06-13
1866	6	13	18	58	0	20.8	orig=16.6R|orig.time=9:00PM|orig.date=1866-06-13
1866	6	14	4	58	0	21.4	orig=17.1R|orig.time=7:00AM|orig.date=1866-06-14
1866	6	14	9	58	0	31.1	orig=24.9R|orig.time=Noon|orig.date=1866-06-14
1866	6	14	11	58	0	32.5	orig=26R|orig.time=2:00PM|orig.date=1866-06-14
1866	6	14	18	58	0	23.2	orig=18.6R|orig.time=9:00PM|orig.date=1866-06-14
1866	6	15	4	58	0	23.1	orig=18.5R|orig.time=7:00AM|orig.date=1866-06-15
1866	6	15	9	58	0	32.2	orig=25.8R|orig.time=Noon|orig.date=1866-06-15
1866	6	15	11	58	0	32.5	orig=26R|orig.time=2:00PM|orig.date=1866-06-15
1866	6	15	18	58	0	18.8	orig=15R|orig.time=9:00PM|orig.date=1866-06-15
1866	6	16	4	58	0	17.9	orig=14.3R|orig.time=7:00AM|orig.date=1866-06-16
1866	6	16	9	58	0	22.6	orig=18.1R|orig.time=Noon|orig.date=1866-06-16
1866	6	16	11	58	0	24	orig=19.2R|orig.time=2:00PM|orig.date=1866-06-16
1866	6	16	18	58	0	19.8	orig=15.8R|orig.time=9:00PM|orig.date=1866-06-16
1866	6	17	4	58	0	20.1	orig=16.1R|orig.time=7:00AM|orig.date=1866-06-17
1866	6	17	9	58	0	27.8	orig=22.2R|orig.time=Noon|orig.date=1866-06-17
1866	6	17	11	58	0	28.6	orig=22.9R|orig.time=2:00PM|orig.date=1866-06-17
1866	6	17	18	58	0	19.8	orig=15.8R|orig.time=9:00PM|orig.date=1866-06-17
1866	6	18	4	58	0	22.2	orig=17.8R|orig.time=7:00AM|orig.date=1866-06-18
1866	6	18	9	58	0	30	orig=24R|orig.time=Noon|orig.date=1866-06-18
1866	6	18	11	58	0	30	orig=24R|orig.time=2:00PM|orig.date=1866-06-18
1866	6	18	18	58	0	15	orig=12R|orig.time=9:00PM|orig.date=1866-06-18
1866	6	19	4	58	0	16.5	orig=13.2R|orig.time=7:00AM|orig.date=1866-06-19
1866	6	19	9	58	0	16.2	orig=13R|orig.time=Noon|orig.date=1866-06-19
1866	6	19	11	58	0	16.6	orig=13.3R|orig.time=2:00PM|orig.date=1866-06-19
1866	6	19	18	58	0	14.5	orig=11.6R|orig.time=9:00PM|orig.date=1866-06-19
1866	6	20	4	58	0	15.2	orig=12.2R|orig.time=7:00AM|orig.date=1866-06-20
1866	6	20	9	58	0	21.4	orig=17.1R|orig.time=Noon|orig.date=1866-06-20
1866	6	20	11	58	0	19.1	orig=15.3R|orig.time=2:00PM|orig.date=1866-06-20
1866	6	20	18	58	0	17	orig=13.6R|orig.time=9:00PM|orig.date=1866-06-20
1866	6	21	4	58	0	16.4	orig=13.1R|orig.time=7:00AM|orig.date=1866-06-21
1866	6	21	9	58	0	21.9	orig=17.5R|orig.time=Noon|orig.date=1866-06-21
1866	6	21	11	58	0	22.5	orig=18R|orig.time=2:00PM|orig.date=1866-06-21
1866	6	21	18	58	0	19	orig=15.2R|orig.time=9:00PM|orig.date=1866-06-21
1866	6	22	4	58	0	18.1	orig=14.5R|orig.time=7:00AM|orig.date=1866-06-22
1866	6	22	9	58	0	21	orig=16.8R|orig.time=Noon|orig.date=1866-06-22
1866	6	22	11	58	0	20.8	orig=16.6R|orig.time=2:00PM|orig.date=1866-06-22
1866	6	22	18	58	0	14.5	orig=11.6R|orig.time=9:00PM|orig.date=1866-06-22
1866	6	23	4	58	0	15.4	orig=12.3R|orig.time=7:00AM|orig.date=1866-06-23
1866	6	23	9	58	0	19.1	orig=15.3R|orig.time=Noon|orig.date=1866-06-23
1866	6	23	11	58	0	13.4	orig=10.7R|orig.time=2:00PM|orig.date=1866-06-23
1866	6	23	18	58	0	13.1	orig=10.5R|orig.time=9:00PM|orig.date=1866-06-23
1866	6	24	4	58	0	19.2	orig=15.4R|orig.time=7:00AM|orig.date=1866-06-24
1866	6	24	9	58	0	20.2	orig=16.2R|orig.time=Noon|orig.date=1866-06-24
1866	6	24	11	58	0	20.6	orig=16.5R|orig.time=2:00PM|orig.date=1866-06-24
1866	6	24	18	58	0	16	orig=12.8R|orig.time=9:00PM|orig.date=1866-06-24
1866	6	25	4	58	0	18.2	orig=14.6R|orig.time=7:00AM|orig.date=1866-06-25
1866	6	25	9	58	0	19.9	orig=15.9R|orig.time=Noon|orig.date=1866-06-25
1866	6	25	11	58	0	21.1	orig=16.9R|orig.time=2:00PM|orig.date=1866-06-25
1866	6	25	18	58	0	15.5	orig=12.4R|orig.time=9:00PM|orig.date=1866-06-25
1866	6	26	4	58	0	18.4	orig=14.7R|orig.time=7:00AM|orig.date=1866-06-26
1866	6	26	9	58	0	22.9	orig=18.3R|orig.time=Noon|orig.date=1866-06-26
1866	6	26	11	58	0	22.2	orig=17.8R|orig.time=2:00PM|orig.date=1866-06-26
1866	6	26	18	58	0	19.4	orig=15.5R|orig.time=9:00PM|orig.date=1866-06-26
1866	6	27	4	58	0	19	orig=15.2R|orig.time=7:00AM|orig.date=1866-06-27
1866	6	27	9	58	0	25	orig=20R|orig.time=Noon|orig.date=1866-06-27
1866	6	27	11	58	0	25.6	orig=20.5R|orig.time=2:00PM|orig.date=1866-06-27
1866	6	27	18	58	0	20.4	orig=16.3R|orig.time=9:00PM|orig.date=1866-06-27
1866	6	28	4	58	0	20.8	orig=16.6R|orig.time=7:00AM|orig.date=1866-06-28
1866	6	28	9	58	0	25.8	orig=20.6R|orig.time=Noon|orig.date=1866-06-28
1866	6	28	11	58	0	26.4	orig=21.1R|orig.time=2:00PM|orig.date=1866-06-28
1866	6	28	18	58	0	21.1	orig=16.9R|orig.time=9:00PM|orig.date=1866-06-28
1866	6	29	4	58	0	20.5	orig=16.4R|orig.time=7:00AM|orig.date=1866-06-29
1866	6	29	9	58	0	22.8	orig=18.2R|orig.time=Noon|orig.date=1866-06-29
1866	6	29	11	58	0	23.5	orig=18.8R|orig.time=2:00PM|orig.date=1866-06-29
1866	6	29	18	58	0	20.1	orig=16.1R|orig.time=9:00PM|orig.date=1866-06-29
1866	6	30	4	58	0	19.5	orig=15.6R|orig.time=7:00AM|orig.date=1866-06-30
1866	6	30	9	58	0	26.2	orig=21R|orig.time=Noon|orig.date=1866-06-30
1866	6	30	11	58	0	26.9	orig=21.5R|orig.time=2:00PM|orig.date=1866-06-30
1866	6	30	18	58	0	21.5	orig=17.2R|orig.time=9:00PM|orig.date=1866-06-30
1866	7	1	4	58	0	25	orig=20R|orig.time=7:00AM|orig.date=1866-07-01
1866	7	1	9	58	0	27	orig=21.6R|orig.time=Noon|orig.date=1866-07-01
1866	7	1	11	58	0	25.6	orig=20.5R|orig.time=2:00PM|orig.date=1866-07-01
1866	7	1	18	58	0	23.1	orig=18.5R|orig.time=9:00PM|orig.date=1866-07-01
1866	7	2	4	58	0	24.5	orig=19.6R|orig.time=7:00AM|orig.date=1866-07-02
1866	7	2	9	58	0	28.2	orig=22.6R|orig.time=Noon|orig.date=1866-07-02
1866	7	2	11	58	0	27.2	orig=21.8R|orig.time=2:00PM|orig.date=1866-07-02
1866	7	2	18	58	0	22.2	orig=17.8R|orig.time=9:00PM|orig.date=1866-07-02
1866	7	3	4	58	0	25.2	orig=20.2R|orig.time=7:00AM|orig.date=1866-07-03
1866	7	3	9	58	0	31.4	orig=25.1R|orig.time=Noon|orig.date=1866-07-03
1866	7	3	11	58	0	32.9	orig=26.3R|orig.time=2:00PM|orig.date=1866-07-03
1866	7	3	18	58	0	25	orig=20R|orig.time=9:00PM|orig.date=1866-07-03
1866	7	4	4	58	0	23.8	orig=19R|orig.time=7:00AM|orig.date=1866-07-04
1866	7	4	9	58	0	27.6	orig=22.1R|orig.time=Noon|orig.date=1866-07-04
1866	7	4	11	58	0	23.1	orig=18.5R|orig.time=2:00PM|orig.date=1866-07-04
1866	7	4	18	58	0	16	orig=12.8R|orig.time=9:00PM|orig.date=1866-07-04
1866	7	5	4	58	0	17.6	orig=14.1R|orig.time=7:00AM|orig.date=1866-07-05
1866	7	5	9	58	0	25.5	orig=20.4R|orig.time=Noon|orig.date=1866-07-05
1866	7	5	11	58	0	30.6	orig=24.5R|orig.time=2:00PM|orig.date=1866-07-05
1866	7	5	18	58	0	19.8	orig=15.8R|orig.time=9:00PM|orig.date=1866-07-05
1866	7	6	4	58	0	20.2	orig=16.2R|orig.time=7:00AM|orig.date=1866-07-06
1866	7	6	9	58	0	29.2	orig=23.4R|orig.time=Noon|orig.date=1866-07-06
1866	7	6	11	58	0	29.1	orig=23.3R|orig.time=2:00PM|orig.date=1866-07-06
1866	7	6	18	58	0	23.4	orig=18.7R|orig.time=9:00PM|orig.date=1866-07-06
1866	7	7	4	58	0	22.4	orig=17.9R|orig.time=7:00AM|orig.date=1866-07-07
1866	7	7	9	58	0	27	orig=21.6R|orig.time=Noon|orig.date=1866-07-07
1866	7	7	11	58	0	29.6	orig=23.7R|orig.time=2:00PM|orig.date=1866-07-07
1866	7	7	18	58	0	22.1	orig=17.7R|orig.time=9:00PM|orig.date=1866-07-07
1866	7	8	4	58	0	21.6	orig=17.3R|orig.time=7:00AM|orig.date=1866-07-08
1866	7	8	9	58	0	30.6	orig=24.5R|orig.time=Noon|orig.date=1866-07-08
1866	7	8	11	58	0	25.1	orig=20.1R|orig.time=2:00PM|orig.date=1866-07-08
1866	7	8	18	58	0	19.8	orig=15.8R|orig.time=9:00PM|orig.date=1866-07-08
1866	7	9	4	58	0	19.9	orig=15.9R|orig.time=7:00AM|orig.date=1866-07-09
1866	7	9	9	58	0	15	orig=12R|orig.time=Noon|orig.date=1866-07-09
1866	7	9	11	58	0	15.2	orig=12.2R|orig.time=2:00PM|orig.date=1866-07-09
1866	7	9	18	58	0	15.5	orig=12.4R|orig.time=9:00PM|orig.date=1866-07-09
1866	7	10	4	58	0	14.8	orig=11.8R|orig.time=7:00AM|orig.date=1866-07-10
1866	7	10	9	58	0	22.5	orig=18R|orig.time=Noon|orig.date=1866-07-10
1866	7	10	11	58	0	23.9	orig=19.1R|orig.time=2:00PM|orig.date=1866-07-10
1866	7	10	18	58	0	19.2	orig=15.4R|orig.time=9:00PM|orig.date=1866-07-10
1866	7	11	4	58	0	18.8	orig=15R|orig.time=7:00AM|orig.date=1866-07-11
1866	7	11	9	58	0	26.4	orig=21.1R|orig.time=Noon|orig.date=1866-07-11
1866	7	11	11	58	0	24.2	orig=19.4R|orig.time=2:00PM|orig.date=1866-07-11
1866	7	11	18	58	0	20	orig=16R|orig.time=9:00PM|orig.date=1866-07-11
1866	7	12	4	58	0	19.9	orig=15.9R|orig.time=7:00AM|orig.date=1866-07-12
1866	7	12	9	58	0	20.4	orig=16.3R|orig.time=Noon|orig.date=1866-07-12
1866	7	12	11	58	0	21.8	orig=17.4R|orig.time=2:00PM|orig.date=1866-07-12
1866	7	12	18	58	0	20	orig=16R|orig.time=9:00PM|orig.date=1866-07-12
1866	7	13	4	58	0	16.5	orig=13.2R|orig.time=7:00AM|orig.date=1866-07-13
1866	7	13	9	58	0	20.2	orig=16.2R|orig.time=Noon|orig.date=1866-07-13
1866	7	13	11	58	0	20.9	orig=16.7R|orig.time=2:00PM|orig.date=1866-07-13
1866	7	13	18	58	0	17.9	orig=14.3R|orig.time=9:00PM|orig.date=1866-07-13
1866	7	14	4	58	0	17	orig=13.6R|orig.time=7:00AM|orig.date=1866-07-14
1866	7	14	9	58	0	20.8	orig=16.6R|orig.time=Noon|orig.date=1866-07-14
1866	7	14	11	58	0	21	orig=16.8R|orig.time=2:00PM|orig.date=1866-07-14
1866	7	14	18	58	0	14	orig=11.2R|orig.time=9:00PM|orig.date=1866-07-14
1866	7	15	4	58	0	15	orig=12R|orig.time=7:00AM|orig.date=1866-07-15
1866	7	15	9	58	0	18.9	orig=15.1R|orig.time=Noon|orig.date=1866-07-15
1866	7	15	11	58	0	17.1	orig=13.7R|orig.time=2:00PM|orig.date=1866-07-15
1866	7	15	18	58	0	14.8	orig=11.8R|orig.time=9:00PM|orig.date=1866-07-15
1866	7	16	4	58	0	14.2	orig=11.4R|orig.time=7:00AM|orig.date=1866-07-16
1866	7	16	9	58	0	18.2	orig=14.6R|orig.time=Noon|orig.date=1866-07-16
1866	7	16	11	58	0	19.5	orig=15.6R|orig.time=2:00PM|orig.date=1866-07-16
1866	7	16	18	58	0	16.4	orig=13.1R|orig.time=9:00PM|orig.date=1866-07-16
1866	7	17	4	58	0	17.8	orig=14.2R|orig.time=7:00AM|orig.date=1866-07-17
1866	7	17	9	58	0	23.2	orig=18.6R|orig.time=Noon|orig.date=1866-07-17
1866	7	17	11	58	0	22.6	orig=18.1R|orig.time=2:00PM|orig.date=1866-07-17
1866	7	17	18	58	0	19.2	orig=15.4R|orig.time=9:00PM|orig.date=1866-07-17
1866	7	18	4	58	0	16.8	orig=13.4R|orig.time=7:00AM|orig.date=1866-07-18
1866	7	18	9	58	0	22.2	orig=17.8R|orig.time=Noon|orig.date=1866-07-18
1866	7	18	11	58	0	22.9	orig=18.3R|orig.time=2:00PM|orig.date=1866-07-18
1866	7	18	18	58	0	18	orig=14.4R|orig.time=9:00PM|orig.date=1866-07-18
1866	7	19	4	58	0	19.8	orig=15.8R|orig.time=7:00AM|orig.date=1866-07-19
1866	7	19	9	58	0	28.8	orig=23R|orig.time=Noon|orig.date=1866-07-19
1866	7	19	11	58	0	30.4	orig=24.3R|orig.time=2:00PM|orig.date=1866-07-19
1866	7	19	18	58	0	20.4	orig=16.3R|orig.time=9:00PM|orig.date=1866-07-19
1866	7	20	4	58	0	20.4	orig=16.3R|orig.time=7:00AM|orig.date=1866-07-20
1866	7	20	9	58	0	30.4	orig=24.3R|orig.time=Noon|orig.date=1866-07-20
1866	7	20	11	58	0	31.8	orig=25.4R|orig.time=2:00PM|orig.date=1866-07-20
1866	7	20	18	58	0	25.4	orig=20.3R|orig.time=9:00PM|orig.date=1866-07-20
1866	7	21	4	58	0	19.9	orig=15.9R|orig.time=7:00AM|orig.date=1866-07-21
1866	7	21	9	58	0	20.8	orig=16.6R|orig.time=Noon|orig.date=1866-07-21
1866	7	21	11	58	0	20.8	orig=16.6R|orig.time=2:00PM|orig.date=1866-07-21
1866	7	21	18	58	0	16	orig=12.8R|orig.time=9:00PM|orig.date=1866-07-21
1866	7	22	4	58	0	14.4	orig=11.5R|orig.time=7:00AM|orig.date=1866-07-22
1866	7	22	9	58	0	23.6	orig=18.9R|orig.time=Noon|orig.date=1866-07-22
1866	7	22	11	58	0	22.6	orig=18.1R|orig.time=2:00PM|orig.date=1866-07-22
1866	7	22	18	58	0	17.6	orig=14.1R|orig.time=9:00PM|orig.date=1866-07-22
1866	7	23	4	58	0	14.5	orig=11.6R|orig.time=7:00AM|orig.date=1866-07-23
1866	7	23	9	58	0	20.4	orig=16.3R|orig.time=Noon|orig.date=1866-07-23
1866	7	23	11	58	0	21	orig=16.8R|orig.time=2:00PM|orig.date=1866-07-23
1866	7	23	18	58	0	14.1	orig=11.3R|orig.time=9:00PM|orig.date=1866-07-23
1866	7	24	4	58	0	13.9	orig=11.1R|orig.time=7:00AM|orig.date=1866-07-24
1866	7	24	9	58	0	21	orig=16.8R|orig.time=Noon|orig.date=1866-07-24
1866	7	24	11	58	0	20.2	orig=16.2R|orig.time=2:00PM|orig.date=1866-07-24
1866	7	24	18	58	0	19.9	orig=15.9R|orig.time=9:00PM|orig.date=1866-07-24
1866	7	25	4	58	0	15	orig=12R|orig.time=7:00AM|orig.date=1866-07-25
1866	7	25	9	58	0	16.5	orig=13.2R|orig.time=Noon|orig.date=1866-07-25
1866	7	25	11	58	0	17	orig=13.6R|orig.time=2:00PM|orig.date=1866-07-25
1866	7	25	18	58	0	14.8	orig=11.8R|orig.time=9:00PM|orig.date=1866-07-25
1866	7	26	4	58	0	15.6	orig=12.5R|orig.time=7:00AM|orig.date=1866-07-26
1866	7	26	9	58	0	15.9	orig=12.7R|orig.time=Noon|orig.date=1866-07-26
1866	7	26	11	58	0	17.9	orig=14.3R|orig.time=2:00PM|orig.date=1866-07-26
1866	7	26	18	58	0	14.4	orig=11.5R|orig.time=9:00PM|orig.date=1866-07-26
1866	7	27	4	58	0	17.2	orig=13.8R|orig.time=7:00AM|orig.date=1866-07-27
1866	7	27	9	58	0	17.8	orig=14.2R|orig.time=Noon|orig.date=1866-07-27
1866	7	27	11	58	0	18.4	orig=14.7R|orig.time=2:00PM|orig.date=1866-07-27
1866	7	27	18	58	0	16.2	orig=13R|orig.time=9:00PM|orig.date=1866-07-27
1866	7	28	4	58	0	17.2	orig=13.8R|orig.time=7:00AM|orig.date=1866-07-28
1866	7	28	9	58	0	18.4	orig=14.7R|orig.time=Noon|orig.date=1866-07-28
1866	7	28	11	58	0	16.4	orig=13.1R|orig.time=2:00PM|orig.date=1866-07-28
1866	7	28	18	58	0	13	orig=10.4R|orig.time=9:00PM|orig.date=1866-07-28
1866	7	29	4	58	0	14	orig=11.2R|orig.time=7:00AM|orig.date=1866-07-29
1866	7	29	9	58	0	22.1	orig=17.7R|orig.time=Noon|orig.date=1866-07-29
1866	7	29	11	58	0	23.1	orig=18.5R|orig.time=2:00PM|orig.date=1866-07-29
1866	7	29	18	58	0	17.4	orig=13.9R|orig.time=9:00PM|orig.date=1866-07-29
1866	7	30	4	58	0	16.4	orig=13.1R|orig.time=7:00AM|orig.date=1866-07-30
1866	7	30	9	58	0	18.6	orig=14.9R|orig.time=Noon|orig.date=1866-07-30
1866	7	30	11	58	0	19.9	orig=15.9R|orig.time=2:00PM|orig.date=1866-07-30
1866	7	30	18	58	0	16.2	orig=13R|orig.time=9:00PM|orig.date=1866-07-30
1866	7	31	4	58	0	17.2	orig=13.8R|orig.time=7:00AM|orig.date=1866-07-31
1866	7	31	9	58	0	16.5	orig=13.2R|orig.time=Noon|orig.date=1866-07-31
1866	7	31	11	58	0	17.8	orig=14.2R|orig.time=2:00PM|orig.date=1866-07-31
1866	7	31	18	58	0	17.2	orig=13.8R|orig.time=9:00PM|orig.date=1866-07-31
1866	8	1	4	58	0	14	orig=11.2R|orig.time=7:00AM|orig.date=1866-08-01
1866	8	1	9	58	0	20.4	orig=16.3R|orig.time=Noon|orig.date=1866-08-01
1866	8	1	11	58	0	22.6	orig=18.1R|orig.time=2:00PM|orig.date=1866-08-01
1866	8	1	18	58	0	18.8	orig=15R|orig.time=9:00PM|orig.date=1866-08-01
1866	8	2	4	58	0	14.5	orig=11.6R|orig.time=7:00AM|orig.date=1866-08-02
1866	8	2	9	58	0	16.8	orig=13.4R|orig.time=Noon|orig.date=1866-08-02
1866	8	2	11	58	0	17.2	orig=13.8R|orig.time=2:00PM|orig.date=1866-08-02
1866	8	2	18	58	0	12.9	orig=10.3R|orig.time=9:00PM|orig.date=1866-08-02
1866	8	3	4	58	0	14.9	orig=11.9R|orig.time=7:00AM|orig.date=1866-08-03
1866	8	3	9	58	0	19.9	orig=15.9R|orig.time=Noon|orig.date=1866-08-03
1866	8	3	11	58	0	19.6	orig=15.7R|orig.time=2:00PM|orig.date=1866-08-03
1866	8	3	18	58	0	16.8	orig=13.4R|orig.time=9:00PM|orig.date=1866-08-03
1866	8	4	4	58	0	17.2	orig=13.8R|orig.time=7:00AM|orig.date=1866-08-04
1866	8	4	9	58	0	21.8	orig=17.4R|orig.time=Noon|orig.date=1866-08-04
1866	8	4	11	58	0	21.8	orig=17.4R|orig.time=2:00PM|orig.date=1866-08-04
1866	8	4	18	58	0	19.9	orig=15.9R|orig.time=9:00PM|orig.date=1866-08-04
1866	8	5	4	58	0	18.8	orig=15R|orig.time=7:00AM|orig.date=1866-08-05
1866	8	5	9	58	0	23.8	orig=19R|orig.time=Noon|orig.date=1866-08-05
1866	8	5	11	58	0	24	orig=19.2R|orig.time=2:00PM|orig.date=1866-08-05
1866	8	5	18	58	0	17.4	orig=13.9R|orig.time=9:00PM|orig.date=1866-08-05
1866	8	6	4	58	0	18	orig=14.4R|orig.time=7:00AM|orig.date=1866-08-06
1866	8	6	9	58	0	24.8	orig=19.8R|orig.time=Noon|orig.date=1866-08-06
1866	8	6	11	58	0	19.2	orig=15.4R|orig.time=2:00PM|orig.date=1866-08-06
1866	8	6	18	58	0	16.2	orig=13R|orig.time=9:00PM|orig.date=1866-08-06
1866	8	7	4	58	0	16.2	orig=13R|orig.time=7:00AM|orig.date=1866-08-07
1866	8	7	9	58	0	16.1	orig=12.9R|orig.time=Noon|orig.date=1866-08-07
1866	8	7	11	58	0	18.2	orig=14.6R|orig.time=2:00PM|orig.date=1866-08-07
1866	8	7	18	58	0	13.5	orig=10.8R|orig.time=9:00PM|orig.date=1866-08-07
1866	8	8	4	58	0	13.5	orig=10.8R|orig.time=7:00AM|orig.date=1866-08-08
1866	8	8	9	58	0	19.8	orig=15.8R|orig.time=Noon|orig.date=1866-08-08
1866	8	8	11	58	0	20.5	orig=16.4R|orig.time=2:00PM|orig.date=1866-08-08
1866	8	8	18	58	0	17.2	orig=13.8R|orig.time=9:00PM|orig.date=1866-08-08
1866	8	9	4	58	0	17	orig=13.6R|orig.time=7:00AM|orig.date=1866-08-09
1866	8	9	9	58	0	22.9	orig=18.3R|orig.time=Noon|orig.date=1866-08-09
1866	8	9	11	58	0	22.5	orig=18R|orig.time=2:00PM|orig.date=1866-08-09
1866	8	9	18	58	0	18.5	orig=14.8R|orig.time=9:00PM|orig.date=1866-08-09
1866	8	10	4	58	0	18	orig=14.4R|orig.time=7:00AM|orig.date=1866-08-10
1866	8	10	9	58	0	25.2	orig=20.2R|orig.time=Noon|orig.date=1866-08-10
1866	8	10	11	58	0	26.2	orig=21R|orig.time=2:00PM|orig.date=1866-08-10
1866	8	10	18	58	0	19.6	orig=15.7R|orig.time=9:00PM|orig.date=1866-08-10
1866	8	11	4	58	0	17.9	orig=14.3R|orig.time=7:00AM|orig.date=1866-08-11
1866	8	11	9	58	0	25.5	orig=20.4R|orig.time=Noon|orig.date=1866-08-11
1866	8	11	11	58	0	26.4	orig=21.1R|orig.time=2:00PM|orig.date=1866-08-11
1866	8	11	18	58	0	22.4	orig=17.9R|orig.time=9:00PM|orig.date=1866-08-11
1866	8	12	4	58	0	19.6	orig=15.7R|orig.time=7:00AM|orig.date=1866-08-12
1866	8	12	9	58	0	29.4	orig=23.5R|orig.time=Noon|orig.date=1866-08-12
1866	8	12	11	58	0	29.1	orig=23.3R|orig.time=2:00PM|orig.date=1866-08-12
1866	8	12	18	58	0	25	orig=20R|orig.time=9:00PM|orig.date=1866-08-12
1866	8	13	4	58	0	20.5	orig=16.4R|orig.time=7:00AM|orig.date=1866-08-13
1866	8	13	9	58	0	22.8	orig=18.2R|orig.time=Noon|orig.date=1866-08-13
1866	8	13	11	58	0	24.8	orig=19.8R|orig.time=2:00PM|orig.date=1866-08-13
1866	8	13	18	58	0	14.5	orig=11.6R|orig.time=9:00PM|orig.date=1866-08-13
1866	8	14	4	58	0	12.8	orig=10.2R|orig.time=7:00AM|orig.date=1866-08-14
1866	8	14	9	58	0	18.5	orig=14.8R|orig.time=Noon|orig.date=1866-08-14
1866	8	14	11	58	0	19	orig=15.2R|orig.time=2:00PM|orig.date=1866-08-14
1866	8	14	18	58	0	15.4	orig=12.3R|orig.time=9:00PM|orig.date=1866-08-14
1866	8	15	4	58	0	15.4	orig=12.3R|orig.time=7:00AM|orig.date=1866-08-15
1866	8	15	9	58	0	20.4	orig=16.3R|orig.time=Noon|orig.date=1866-08-15
1866	8	15	11	58	0	19.1	orig=15.3R|orig.time=2:00PM|orig.date=1866-08-15
1866	8	15	18	58	0	17.1	orig=13.7R|orig.time=9:00PM|orig.date=1866-08-15
1866	8	16	4	58	0	19.2	orig=15.4R|orig.time=7:00AM|orig.date=1866-08-16
1866	8	16	9	58	0	19.8	orig=15.8R|orig.time=Noon|orig.date=1866-08-16
1866	8	16	11	58	0	20	orig=16R|orig.time=2:00PM|orig.date=1866-08-16
1866	8	16	18	58	0	17.9	orig=14.3R|orig.time=9:00PM|orig.date=1866-08-16
1866	8	17	4	58	0	18	orig=14.4R|orig.time=7:00AM|orig.date=1866-08-17
1866	8	17	9	58	0	16.1	orig=12.9R|orig.time=Noon|orig.date=1866-08-17
1866	8	17	11	58	0	18	orig=14.4R|orig.time=2:00PM|orig.date=1866-08-17
1866	8	17	18	58	0	14.2	orig=11.4R|orig.time=9:00PM|orig.date=1866-08-17
1866	8	18	4	58	0	15.1	orig=12.1R|orig.time=7:00AM|orig.date=1866-08-18
1866	8	18	9	58	0	23.4	orig=18.7R|orig.time=Noon|orig.date=1866-08-18
1866	8	18	11	58	0	25.2	orig=20.2R|orig.time=2:00PM|orig.date=1866-08-18
1866	8	18	18	58	0	19	orig=15.2R|orig.time=9:00PM|orig.date=1866-08-18
1866	8	19	4	58	0	18.5	orig=14.8R|orig.time=7:00AM|orig.date=1866-08-19
1866	8	19	9	58	0	19.9	orig=15.9R|orig.time=Noon|orig.date=1866-08-19
1866	8	19	11	58	0	16.1	orig=12.9R|orig.time=2:00PM|orig.date=1866-08-19
1866	8	19	18	58	0	18.4	orig=14.7R|orig.time=9:00PM|orig.date=1866-08-19
1866	8	20	4	58	0	14.1	orig=11.3R|orig.time=7:00AM|orig.date=1866-08-20
1866	8	20	9	58	0	18.8	orig=15R|orig.time=Noon|orig.date=1866-08-20
1866	8	20	11	58	0	20.5	orig=16.4R|orig.time=2:00PM|orig.date=1866-08-20
1866	8	20	18	58	0	13.2	orig=10.6R|orig.time=9:00PM|orig.date=1866-08-20
1866	8	21	4	58	0	14	orig=11.2R|orig.time=7:00AM|orig.date=1866-08-21
1866	8	21	9	58	0	19.1	orig=15.3R|orig.time=Noon|orig.date=1866-08-21
1866	8	21	11	58	0	17	orig=13.6R|orig.time=2:00PM|orig.date=1866-08-21
1866	8	21	18	58	0	11.8	orig=9.4R|orig.time=9:00PM|orig.date=1866-08-21
1866	8	22	4	58	0	13.5	orig=10.8R|orig.time=7:00AM|orig.date=1866-08-22
1866	8	22	9	58	0	20.2	orig=16.2R|orig.time=Noon|orig.date=1866-08-22
1866	8	22	11	58	0	20.8	orig=16.6R|orig.time=2:00PM|orig.date=1866-08-22
1866	8	22	18	58	0	16.5	orig=13.2R|orig.time=9:00PM|orig.date=1866-08-22
1866	8	23	4	58	0	17.4	orig=13.9R|orig.time=7:00AM|orig.date=1866-08-23
1866	8	23	9	58	0	19.4	orig=15.5R|orig.time=Noon|orig.date=1866-08-23
1866	8	23	11	58	0	21.2	orig=17R|orig.time=2:00PM|orig.date=1866-08-23
1866	8	23	18	58	0	21	orig=16.8R|orig.time=9:00PM|orig.date=1866-08-23
1866	8	24	4	58	0	16.5	orig=13.2R|orig.time=7:00AM|orig.date=1866-08-24
1866	8	24	9	58	0	21.5	orig=17.2R|orig.time=Noon|orig.date=1866-08-24
1866	8	24	11	58	0	21.8	orig=17.4R|orig.time=2:00PM|orig.date=1866-08-24
1866	8	24	18	58	0	17.8	orig=14.2R|orig.time=9:00PM|orig.date=1866-08-24
1866	8	25	4	58	0	18.8	orig=15R|orig.time=7:00AM|orig.date=1866-08-25
1866	8	25	9	58	0	22.8	orig=18.2R|orig.time=Noon|orig.date=1866-08-25
1866	8	25	11	58	0	24.9	orig=19.9R|orig.time=2:00PM|orig.date=1866-08-25
1866	8	25	18	58	0	19.5	orig=15.6R|orig.time=9:00PM|orig.date=1866-08-25
1866	8	26	4	58	0	18.8	orig=15R|orig.time=7:00AM|orig.date=1866-08-26
1866	8	26	9	58	0	23.4	orig=18.7R|orig.time=Noon|orig.date=1866-08-26
1866	8	26	11	58	0	23.5	orig=18.8R|orig.time=2:00PM|orig.date=1866-08-26
1866	8	26	18	58	0	18.8	orig=15R|orig.time=9:00PM|orig.date=1866-08-26
1866	8	27	4	58	0	15.4	orig=12.3R|orig.time=7:00AM|orig.date=1866-08-27
1866	8	27	9	58	0	17.5	orig=14R|orig.time=Noon|orig.date=1866-08-27
1866	8	27	11	58	0	18.5	orig=14.8R|orig.time=2:00PM|orig.date=1866-08-27
1866	8	27	18	58	0	14.4	orig=11.5R|orig.time=9:00PM|orig.date=1866-08-27
1866	8	28	4	58	0	11.2	orig=9R|orig.time=7:00AM|orig.date=1866-08-28
1866	8	28	9	58	0	16.1	orig=12.9R|orig.time=Noon|orig.date=1866-08-28
1866	8	28	11	58	0	18.6	orig=14.9R|orig.time=2:00PM|orig.date=1866-08-28
1866	8	28	18	58	0	13	orig=10.4R|orig.time=9:00PM|orig.date=1866-08-28
1866	8	29	4	58	0	11	orig=8.8R|orig.time=7:00AM|orig.date=1866-08-29
1866	8	29	9	58	0	18.8	orig=15R|orig.time=Noon|orig.date=1866-08-29
1866	8	29	11	58	0	19.6	orig=15.7R|orig.time=2:00PM|orig.date=1866-08-29
1866	8	29	18	58	0	15.1	orig=12.1R|orig.time=9:00PM|orig.date=1866-08-29
1866	8	30	4	58	0	10.4	orig=8.3R|orig.time=7:00AM|orig.date=1866-08-30
1866	8	30	9	58	0	20.6	orig=16.5R|orig.time=Noon|orig.date=1866-08-30
1866	8	30	11	58	0	20.6	orig=16.5R|orig.time=2:00PM|orig.date=1866-08-30
1866	8	30	18	58	0	13.9	orig=11.1R|orig.time=9:00PM|orig.date=1866-08-30
1866	8	31	4	58	0	13.5	orig=10.8R|orig.time=7:00AM|orig.date=1866-08-31
1866	8	31	9	58	0	23	orig=18.4R|orig.time=Noon|orig.date=1866-08-31
1866	8	31	11	58	0	21.8	orig=17.4R|orig.time=2:00PM|orig.date=1866-08-31
1866	8	31	18	58	0	16.9	orig=13.5R|orig.time=9:00PM|orig.date=1866-08-31
1866	9	1	4	58	0	16	orig=12.8R|orig.time=7:00AM|orig.date=1866-09-01
1866	9	1	9	58	0	23.9	orig=19.1R|orig.time=Noon|orig.date=1866-09-01
1866	9	1	11	58	0	23.1	orig=18.5R|orig.time=2:00PM|orig.date=1866-09-01
1866	9	1	18	58	0	17.4	orig=13.9R|orig.time=9:00PM|orig.date=1866-09-01
1866	9	2	4	58	0	15.6	orig=12.5R|orig.time=7:00AM|orig.date=1866-09-02
1866	9	2	9	58	0	24.9	orig=19.9R|orig.time=Noon|orig.date=1866-09-02
1866	9	2	11	58	0	25.2	orig=20.2R|orig.time=2:00PM|orig.date=1866-09-02
1866	9	2	18	58	0	17.9	orig=14.3R|orig.time=9:00PM|orig.date=1866-09-02
1866	9	3	4	58	0	14.8	orig=11.8R|orig.time=7:00AM|orig.date=1866-09-03
1866	9	3	9	58	0	25.4	orig=20.3R|orig.time=Noon|orig.date=1866-09-03
1866	9	3	11	58	0	25.6	orig=20.5R|orig.time=2:00PM|orig.date=1866-09-03
1866	9	3	18	58	0	17.9	orig=14.3R|orig.time=9:00PM|orig.date=1866-09-03
1866	9	4	4	58	0	16.1	orig=12.9R|orig.time=7:00AM|orig.date=1866-09-04
1866	9	4	9	58	0	12.8	orig=10.2R|orig.time=Noon|orig.date=1866-09-04
1866	9	4	11	58	0	12.6	orig=10.1R|orig.time=2:00PM|orig.date=1866-09-04
1866	9	4	18	58	0	11.8	orig=9.4R|orig.time=9:00PM|orig.date=1866-09-04
1866	9	5	4	58	0	10.5	orig=8.4R|orig.time=7:00AM|orig.date=1866-09-05
1866	9	5	9	58	0	10.8	orig=8.6R|orig.time=Noon|orig.date=1866-09-05
1866	9	5	11	58	0	10.6	orig=8.5R|orig.time=2:00PM|orig.date=1866-09-05
1866	9	5	18	58	0	11.8	orig=9.4R|orig.time=9:00PM|orig.date=1866-09-05
1866	9	6	4	58	0	12.2	orig=9.8R|orig.time=7:00AM|orig.date=1866-09-06
1866	9	6	9	58	0	16.4	orig=13.1R|orig.time=Noon|orig.date=1866-09-06
1866	9	6	11	58	0	15.4	orig=12.3R|orig.time=2:00PM|orig.date=1866-09-06
1866	9	6	18	58	0	12.8	orig=10.2R|orig.time=9:00PM|orig.date=1866-09-06
1866	9	7	4	58	0	10.4	orig=8.3R|orig.time=7:00AM|orig.date=1866-09-07
1866	9	7	9	58	0	18.1	orig=14.5R|orig.time=Noon|orig.date=1866-09-07
1866	9	7	11	58	0	19.5	orig=15.6R|orig.time=2:00PM|orig.date=1866-09-07
1866	9	7	18	58	0	12.9	orig=10.3R|orig.time=9:00PM|orig.date=1866-09-07
1866	9	8	4	58	0	13.9	orig=11.1R|orig.time=7:00AM|orig.date=1866-09-08
1866	9	8	9	58	0	20	orig=16R|orig.time=Noon|orig.date=1866-09-08
1866	9	8	11	58	0	21.4	orig=17.1R|orig.time=2:00PM|orig.date=1866-09-08
1866	9	8	18	58	0	14.9	orig=11.9R|orig.time=9:00PM|orig.date=1866-09-08
1866	9	9	4	58	0	14.4	orig=11.5R|orig.time=7:00AM|orig.date=1866-09-09
1866	9	9	9	58	0	24.4	orig=19.5R|orig.time=Noon|orig.date=1866-09-09
1866	9	9	11	58	0	25.6	orig=20.5R|orig.time=2:00PM|orig.date=1866-09-09
1866	9	9	18	58	0	19	orig=15.2R|orig.time=9:00PM|orig.date=1866-09-09
1866	9	10	4	58	0	16	orig=12.8R|orig.time=7:00AM|orig.date=1866-09-10
1866	9	10	9	58	0	23.4	orig=18.7R|orig.time=Noon|orig.date=1866-09-10
1866	9	10	11	58	0	23.9	orig=19.1R|orig.time=2:00PM|orig.date=1866-09-10
1866	9	10	18	58	0	17.4	orig=13.9R|orig.time=9:00PM|orig.date=1866-09-10
1866	9	11	4	58	0	13.9	orig=11.1R|orig.time=7:00AM|orig.date=1866-09-11
1866	9	11	9	58	0	21.4	orig=17.1R|orig.time=Noon|orig.date=1866-09-11
1866	9	11	11	58	0	23.4	orig=18.7R|orig.time=2:00PM|orig.date=1866-09-11
1866	9	11	18	58	0	18.6	orig=14.9R|orig.time=9:00PM|orig.date=1866-09-11
1866	9	12	4	58	0	15.1	orig=12.1R|orig.time=7:00AM|orig.date=1866-09-12
1866	9	12	9	58	0	22.4	orig=17.9R|orig.time=Noon|orig.date=1866-09-12
1866	9	12	11	58	0	25.6	orig=20.5R|orig.time=2:00PM|orig.date=1866-09-12
1866	9	12	18	58	0	17.9	orig=14.3R|orig.time=9:00PM|orig.date=1866-09-12
1866	9	13	4	58	0	16.2	orig=13R|orig.time=7:00AM|orig.date=1866-09-13
1866	9	13	9	58	0	23.6	orig=18.9R|orig.time=Noon|orig.date=1866-09-13
1866	9	13	11	58	0	24.2	orig=19.4R|orig.time=2:00PM|orig.date=1866-09-13
1866	9	13	18	58	0	16.4	orig=13.1R|orig.time=9:00PM|orig.date=1866-09-13
1866	9	14	4	58	0	15.8	orig=12.6R|orig.time=7:00AM|orig.date=1866-09-14
1866	9	14	9	58	0	20.4	orig=16.3R|orig.time=Noon|orig.date=1866-09-14
1866	9	14	11	58	0	20	orig=16R|orig.time=2:00PM|orig.date=1866-09-14
1866	9	14	18	58	0	12.5	orig=10R|orig.time=9:00PM|orig.date=1866-09-14
1866	9	15	4	58	0	13.2	orig=10.6R|orig.time=7:00AM|orig.date=1866-09-15
1866	9	15	9	58	0	18.4	orig=14.7R|orig.time=Noon|orig.date=1866-09-15
1866	9	15	11	58	0	21.1	orig=16.9R|orig.time=2:00PM|orig.date=1866-09-15
1866	9	15	18	58	0	18.6	orig=14.9R|orig.time=9:00PM|orig.date=1866-09-15
1866	9	16	4	58	0	18.1	orig=14.5R|orig.time=7:00AM|orig.date=1866-09-16
1866	9	16	9	58	0	23.6	orig=18.9R|orig.time=Noon|orig.date=1866-09-16
1866	9	16	11	58	0	23.6	orig=18.9R|orig.time=2:00PM|orig.date=1866-09-16
1866	9	16	18	58	0	17.9	orig=14.3R|orig.time=9:00PM|orig.date=1866-09-16
1866	9	17	4	58	0	15.1	orig=12.1R|orig.time=7:00AM|orig.date=1866-09-17
1866	9	17	9	58	0	26.1	orig=20.9R|orig.time=Noon|orig.date=1866-09-17
1866	9	17	11	58	0	27.4	orig=21.9R|orig.time=2:00PM|orig.date=1866-09-17
1866	9	17	18	58	0	18.4	orig=14.7R|orig.time=9:00PM|orig.date=1866-09-17
1866	9	18	4	58	0	14.6	orig=11.7R|orig.time=7:00AM|orig.date=1866-09-18
1866	9	18	9	58	0	23.1	orig=18.5R|orig.time=Noon|orig.date=1866-09-18
1866	9	18	11	58	0	23.9	orig=19.1R|orig.time=2:00PM|orig.date=1866-09-18
1866	9	18	18	58	0	17.1	orig=13.7R|orig.time=9:00PM|orig.date=1866-09-18
1866	9	19	4	58	0	12.1	orig=9.7R|orig.time=7:00AM|orig.date=1866-09-19
1866	9	19	9	58	0	20	orig=16R|orig.time=Noon|orig.date=1866-09-19
1866	9	19	11	58	0	20.5	orig=16.4R|orig.time=2:00PM|orig.date=1866-09-19
1866	9	19	18	58	0	14.2	orig=11.4R|orig.time=9:00PM|orig.date=1866-09-19
1866	9	20	4	58	0	13.6	orig=10.9R|orig.time=7:00AM|orig.date=1866-09-20
1866	9	20	9	58	0	19.1	orig=15.3R|orig.time=Noon|orig.date=1866-09-20
1866	9	20	11	58	0	18.1	orig=14.5R|orig.time=2:00PM|orig.date=1866-09-20
1866	9	20	18	58	0	16.2	orig=13R|orig.time=9:00PM|orig.date=1866-09-20
1866	9	21	4	58	0	14.9	orig=11.9R|orig.time=7:00AM|orig.date=1866-09-21
1866	9	21	9	58	0	21.2	orig=17R|orig.time=Noon|orig.date=1866-09-21
1866	9	21	11	58	0	21.6	orig=17.3R|orig.time=2:00PM|orig.date=1866-09-21
1866	9	21	18	58	0	15.6	orig=12.5R|orig.time=9:00PM|orig.date=1866-09-21
1866	9	22	4	58	0	13.2	orig=10.6R|orig.time=7:00AM|orig.date=1866-09-22
1866	9	22	9	58	0	22.4	orig=17.9R|orig.time=Noon|orig.date=1866-09-22
1866	9	22	11	58	0	22.6	orig=18.1R|orig.time=2:00PM|orig.date=1866-09-22
1866	9	22	18	58	0	15.6	orig=12.5R|orig.time=9:00PM|orig.date=1866-09-22
1866	9	23	4	58	0	12.6	orig=10.1R|orig.time=7:00AM|orig.date=1866-09-23
1866	9	23	9	58	0	22.1	orig=17.7R|orig.time=Noon|orig.date=1866-09-23
1866	9	23	11	58	0	23.4	orig=18.7R|orig.time=2:00PM|orig.date=1866-09-23
1866	9	23	18	58	0	16.6	orig=13.3R|orig.time=9:00PM|orig.date=1866-09-23
1866	9	24	4	58	0	15.1	orig=12.1R|orig.time=7:00AM|orig.date=1866-09-24
1866	9	24	9	58	0	23	orig=18.4R|orig.time=Noon|orig.date=1866-09-24
1866	9	24	11	58	0	23.9	orig=19.1R|orig.time=2:00PM|orig.date=1866-09-24
1866	9	24	18	58	0	19.4	orig=15.5R|orig.time=9:00PM|orig.date=1866-09-24
1866	9	25	4	58	0	14.9	orig=11.9R|orig.time=7:00AM|orig.date=1866-09-25
1866	9	25	9	58	0	23.9	orig=19.1R|orig.time=Noon|orig.date=1866-09-25
1866	9	25	11	58	0	25.6	orig=20.5R|orig.time=2:00PM|orig.date=1866-09-25
1866	9	25	18	58	0	20	orig=16R|orig.time=9:00PM|orig.date=1866-09-25
1866	9	26	4	58	0	13.8	orig=11R|orig.time=7:00AM|orig.date=1866-09-26
1866	9	26	9	58	0	21.6	orig=17.3R|orig.time=Noon|orig.date=1866-09-26
1866	9	26	11	58	0	23	orig=18.4R|orig.time=2:00PM|orig.date=1866-09-26
1866	9	26	18	58	0	20.6	orig=16.5R|orig.time=9:00PM|orig.date=1866-09-26
1866	9	27	4	58	0	15	orig=12R|orig.time=7:00AM|orig.date=1866-09-27
1866	9	27	9	58	0	23.6	orig=18.9R|orig.time=Noon|orig.date=1866-09-27
1866	9	27	11	58	0	24.2	orig=19.4R|orig.time=2:00PM|orig.date=1866-09-27
1866	9	27	18	58	0	20.4	orig=16.3R|orig.time=9:00PM|orig.date=1866-09-27
1866	9	28	4	58	0	14.1	orig=11.3R|orig.time=7:00AM|orig.date=1866-09-28
1866	9	28	9	58	0	22.4	orig=17.9R|orig.time=Noon|orig.date=1866-09-28
1866	9	28	11	58	0	23.9	orig=19.1R|orig.time=2:00PM|orig.date=1866-09-28
1866	9	28	18	58	0	17.8	orig=14.2R|orig.time=9:00PM|orig.date=1866-09-28
1866	9	29	4	58	0	11.1	orig=8.9R|orig.time=7:00AM|orig.date=1866-09-29
1866	9	29	9	58	0	20.5	orig=16.4R|orig.time=Noon|orig.date=1866-09-29
1866	9	29	11	58	0	21.6	orig=17.3R|orig.time=2:00PM|orig.date=1866-09-29
1866	9	29	18	58	0	17	orig=13.6R|orig.time=9:00PM|orig.date=1866-09-29
1866	9	30	4	58	0	11.6	orig=9.3R|orig.time=7:00AM|orig.date=1866-09-30
1866	9	30	9	58	0	22.1	orig=17.7R|orig.time=Noon|orig.date=1866-09-30
1866	9	30	11	58	0	22.6	orig=18.1R|orig.time=2:00PM|orig.date=1866-09-30
1866	9	30	18	58	0	15	orig=12R|orig.time=9:00PM|orig.date=1866-09-30
1866	10	1	4	58	0	11	orig=8.8R|orig.time=7:00AM|orig.date=1866-10-01
1866	10	1	9	58	0	18.9	orig=15.1R|orig.time=Noon|orig.date=1866-10-01
1866	10	1	11	58	0	20.1	orig=16.1R|orig.time=2:00PM|orig.date=1866-10-01
1866	10	1	18	58	0	15.6	orig=12.5R|orig.time=9:00PM|orig.date=1866-10-01
1866	10	2	4	58	0	11.1	orig=8.9R|orig.time=7:00AM|orig.date=1866-10-02
1866	10	2	9	58	0	13.1	orig=10.5R|orig.time=Noon|orig.date=1866-10-02
1866	10	2	11	58	0	13.4	orig=10.7R|orig.time=2:00PM|orig.date=1866-10-02
1866	10	2	18	58	0	7.6	orig=6.1R|orig.time=9:00PM|orig.date=1866-10-02
1866	10	3	4	58	0	1.5	orig=1.2R|orig.time=7:00AM|orig.date=1866-10-03
1866	10	3	9	58	0	8.5	orig=6.8R|orig.time=Noon|orig.date=1866-10-03
1866	10	3	11	58	0	9.6	orig=7.7R|orig.time=2:00PM|orig.date=1866-10-03
1866	10	3	18	58	0	4.6	orig=3.7R|orig.time=9:00PM|orig.date=1866-10-03
1866	10	4	4	58	0	1.9	orig=1.5R|orig.time=7:00AM|orig.date=1866-10-04
1866	10	4	9	58	0	11.6	orig=9.3R|orig.time=Noon|orig.date=1866-10-04
1866	10	4	11	58	0	13.4	orig=10.7R|orig.time=2:00PM|orig.date=1866-10-04
1866	10	4	18	58	0	6.9	orig=5.5R|orig.time=9:00PM|orig.date=1866-10-04
1866	10	5	4	58	0	4.9	orig=3.9R|orig.time=7:00AM|orig.date=1866-10-05
1866	10	5	9	58	0	10.6	orig=8.5R|orig.time=Noon|orig.date=1866-10-05
1866	10	5	11	58	0	11.9	orig=9.5R|orig.time=2:00PM|orig.date=1866-10-05
1866	10	5	18	58	0	6.5	orig=5.2R|orig.time=9:00PM|orig.date=1866-10-05
1866	10	6	4	58	0	0.1	orig=0.1R|orig.time=7:00AM|orig.date=1866-10-06
1866	10	6	9	58	0	4.8	orig=3.8R|orig.time=Noon|orig.date=1866-10-06
1866	10	6	11	58	0	5.1	orig=4.1R|orig.time=2:00PM|orig.date=1866-10-06
1866	10	6	18	58	0	-0.8	orig=-0.6R|orig.time=9:00PM|orig.date=1866-10-06
1866	10	7	4	58	0	-3.4	orig=-2.7R|orig.time=7:00AM|orig.date=1866-10-07
1866	10	7	9	58	0	6.5	orig=5.2R|orig.time=Noon|orig.date=1866-10-07
1866	10	7	11	58	0	8.4	orig=6.7R|orig.time=2:00PM|orig.date=1866-10-07
1866	10	7	18	58	0	-0.6	orig=-0.5R|orig.time=9:00PM|orig.date=1866-10-07
1866	10	8	4	58	0	2.6	orig=2.1R|orig.time=7:00AM|orig.date=1866-10-08
1866	10	8	9	58	0	11.6	orig=9.3R|orig.time=Noon|orig.date=1866-10-08
1866	10	8	11	58	0	13.6	orig=10.9R|orig.time=2:00PM|orig.date=1866-10-08
1866	10	8	18	58	0	6.2	orig=5R|orig.time=9:00PM|orig.date=1866-10-08
1866	10	9	4	58	0	3.9	orig=3.1R|orig.time=7:00AM|orig.date=1866-10-09
1866	10	9	9	58	0	10.9	orig=8.7R|orig.time=Noon|orig.date=1866-10-09
1866	10	9	11	58	0	12.4	orig=9.9R|orig.time=2:00PM|orig.date=1866-10-09
1866	10	9	18	58	0	7.5	orig=6R|orig.time=9:00PM|orig.date=1866-10-09
1866	10	10	4	58	0	7.8	orig=6.2R|orig.time=7:00AM|orig.date=1866-10-10
1866	10	10	9	58	0	13.4	orig=10.7R|orig.time=Noon|orig.date=1866-10-10
1866	10	10	11	58	0	15.1	orig=12.1R|orig.time=2:00PM|orig.date=1866-10-10
1866	10	10	18	58	0	7.1	orig=5.7R|orig.time=9:00PM|orig.date=1866-10-10
1866	10	11	4	58	0	6.4	orig=5.1R|orig.time=7:00AM|orig.date=1866-10-11
1866	10	11	9	58	0	12.1	orig=9.7R|orig.time=Noon|orig.date=1866-10-11
1866	10	11	11	58	0	13	orig=10.4R|orig.time=2:00PM|orig.date=1866-10-11
1866	10	11	18	58	0	7.6	orig=6.1R|orig.time=9:00PM|orig.date=1866-10-11
1866	10	12	4	58	0	4.5	orig=3.6R|orig.time=7:00AM|orig.date=1866-10-12
1866	10	12	9	58	0	7.2	orig=5.8R|orig.time=Noon|orig.date=1866-10-12
1866	10	12	11	58	0	8.6	orig=6.9R|orig.time=2:00PM|orig.date=1866-10-12
1866	10	12	18	58	0	3.2	orig=2.6R|orig.time=9:00PM|orig.date=1866-10-12
1866	10	13	4	58	0	-1.1	orig=-0.9R|orig.time=7:00AM|orig.date=1866-10-13
1866	10	13	9	58	0	8.1	orig=6.5R|orig.time=Noon|orig.date=1866-10-13
1866	10	13	11	58	0	11.6	orig=9.3R|orig.time=2:00PM|orig.date=1866-10-13
1866	10	13	18	58	0	3.6	orig=2.9R|orig.time=9:00PM|orig.date=1866-10-13
1866	10	14	4	58	0	1.5	orig=1.2R|orig.time=7:00AM|orig.date=1866-10-14
1866	10	14	9	58	0	12.2	orig=9.8R|orig.time=Noon|orig.date=1866-10-14
1866	10	14	11	58	0	13.5	orig=10.8R|orig.time=2:00PM|orig.date=1866-10-14
1866	10	14	18	58	0	9.5	orig=7.6R|orig.time=9:00PM|orig.date=1866-10-14
1866	10	15	4	58	0	10.1	orig=8.1R|orig.time=7:00AM|orig.date=1866-10-15
1866	10	15	9	58	0	12.9	orig=10.3R|orig.time=Noon|orig.date=1866-10-15
1866	10	15	11	58	0	13.6	orig=10.9R|orig.time=2:00PM|orig.date=1866-10-15
1866	10	15	18	58	0	5.6	orig=4.5R|orig.time=9:00PM|orig.date=1866-10-15
1866	10	16	4	58	0	1.9	orig=1.5R|orig.time=7:00AM|orig.date=1866-10-16
1866	10	16	9	58	0	9.6	orig=7.7R|orig.time=Noon|orig.date=1866-10-16
1866	10	16	11	58	0	10.1	orig=8.1R|orig.time=2:00PM|orig.date=1866-10-16
1866	10	16	18	58	0	5.4	orig=4.3R|orig.time=9:00PM|orig.date=1866-10-16
1866	10	17	4	58	0	0.6	orig=0.5R|orig.time=7:00AM|orig.date=1866-10-17
1866	10	17	9	58	0	1.6	orig=1.3R|orig.time=Noon|orig.date=1866-10-17
1866	10	17	11	58	0	2.1	orig=1.7R|orig.time=2:00PM|orig.date=1866-10-17
1866	10	17	18	58	0	0.4	orig=0.3R|orig.time=9:00PM|orig.date=1866-10-17
1866	10	18	4	58	0	1.1	orig=0.9R|orig.time=7:00AM|orig.date=1866-10-18
1866	10	18	9	58	0	2.2	orig=1.8R|orig.time=Noon|orig.date=1866-10-18
1866	10	18	11	58	0	2.2	orig=1.8R|orig.time=2:00PM|orig.date=1866-10-18
1866	10	18	18	58	0	0	orig=0R|orig.time=9:00PM|orig.date=1866-10-18
1866	10	19	4	58	0	-1	orig=-0.8R|orig.time=7:00AM|orig.date=1866-10-19
1866	10	19	9	58	0	1.5	orig=1.2R|orig.time=Noon|orig.date=1866-10-19
1866	10	19	11	58	0	1.1	orig=0.9R|orig.time=2:00PM|orig.date=1866-10-19
1866	10	19	18	58	0	-1.1	orig=-0.9R|orig.time=9:00PM|orig.date=1866-10-19
1866	10	20	4	58	0	-5.6	orig=-4.5R|orig.time=7:00AM|orig.date=1866-10-20
1866	10	20	9	58	0	1.4	orig=1.1R|orig.time=Noon|orig.date=1866-10-20
1866	10	20	11	58	0	1.6	orig=1.3R|orig.time=2:00PM|orig.date=1866-10-20
1866	10	20	18	58	0	-1.4	orig=-1.1R|orig.time=9:00PM|orig.date=1866-10-20
1866	10	21	4	58	0	-5.6	orig=-4.5R|orig.time=7:00AM|orig.date=1866-10-21
1866	10	21	9	58	0	2.1	orig=1.7R|orig.time=Noon|orig.date=1866-10-21
1866	10	21	11	58	0	1.9	orig=1.5R|orig.time=2:00PM|orig.date=1866-10-21
1866	10	21	18	58	0	0.6	orig=0.5R|orig.time=9:00PM|orig.date=1866-10-21
1866	10	22	4	58	0	-1.1	orig=-0.9R|orig.time=7:00AM|orig.date=1866-10-22
1866	10	22	9	58	0	1.9	orig=1.5R|orig.time=Noon|orig.date=1866-10-22
1866	10	22	11	58	0	0.6	orig=0.5R|orig.time=2:00PM|orig.date=1866-10-22
1866	10	22	18	58	0	-1.9	orig=-1.5R|orig.time=9:00PM|orig.date=1866-10-22
1866	10	23	4	58	0	-1.9	orig=-1.5R|orig.time=7:00AM|orig.date=1866-10-23
1866	10	23	9	58	0	-0.1	orig=-0.1R|orig.time=Noon|orig.date=1866-10-23
1866	10	23	11	58	0	0.2	orig=0.2R|orig.time=2:00PM|orig.date=1866-10-23
1866	10	23	18	58	0	-1	orig=-0.8R|orig.time=9:00PM|orig.date=1866-10-23
1866	10	24	4	58	0	-0.1	orig=-0.1R|orig.time=7:00AM|orig.date=1866-10-24
1866	10	24	9	58	0	0.4	orig=0.3R|orig.time=Noon|orig.date=1866-10-24
1866	10	24	11	58	0	-0.1	orig=-0.1R|orig.time=2:00PM|orig.date=1866-10-24
1866	10	24	18	58	0	-0.1	orig=-0.1R|orig.time=9:00PM|orig.date=1866-10-24
1866	10	25	4	58	0	-1.5	orig=-1.2R|orig.time=7:00AM|orig.date=1866-10-25
1866	10	25	9	58	0	0.1	orig=0.1R|orig.time=Noon|orig.date=1866-10-25
1866	10	25	11	58	0	0.4	orig=0.3R|orig.time=2:00PM|orig.date=1866-10-25
1866	10	25	18	58	0	0.2	orig=0.2R|orig.time=9:00PM|orig.date=1866-10-25
1866	10	26	4	58	0	0.1	orig=0.1R|orig.time=7:00AM|orig.date=1866-10-26
1866	10	26	9	58	0	1.4	orig=1.1R|orig.time=Noon|orig.date=1866-10-26
1866	10	26	11	58	0	1.6	orig=1.3R|orig.time=2:00PM|orig.date=1866-10-26
1866	10	26	18	58	0	0.4	orig=0.3R|orig.time=9:00PM|orig.date=1866-10-26
1866	10	27	4	58	0	-1	orig=-0.8R|orig.time=7:00AM|orig.date=1866-10-27
1866	10	27	9	58	0	0.4	orig=0.3R|orig.time=Noon|orig.date=1866-10-27
1866	10	27	11	58	0	0.1	orig=0.1R|orig.time=2:00PM|orig.date=1866-10-27
1866	10	27	18	58	0	-0.1	orig=-0.1R|orig.time=9:00PM|orig.date=1866-10-27
1866	10	28	4	58	0	-0.4	orig=-0.3R|orig.time=7:00AM|orig.date=1866-10-28
1866	10	28	9	58	0	1.1	orig=0.9R|orig.time=Noon|orig.date=1866-10-28
1866	10	28	11	58	0	1.5	orig=1.2R|orig.time=2:00PM|orig.date=1866-10-28
1866	10	28	18	58	0	-0.2	orig=-0.2R|orig.time=9:00PM|orig.date=1866-10-28
1866	10	29	4	58	0	-0.1	orig=-0.1R|orig.time=7:00AM|orig.date=1866-10-29
1866	10	29	9	58	0	0.5	orig=0.4R|orig.time=Noon|orig.date=1866-10-29
1866	10	29	11	58	0	1.1	orig=0.9R|orig.time=2:00PM|orig.date=1866-10-29
1866	10	29	18	58	0	0.4	orig=0.3R|orig.time=9:00PM|orig.date=1866-10-29
1866	10	30	4	58	0	-0.6	orig=-0.5R|orig.time=7:00AM|orig.date=1866-10-30
1866	10	30	9	58	0	1.8	orig=1.4R|orig.time=Noon|orig.date=1866-10-30
1866	10	30	11	58	0	2.1	orig=1.7R|orig.time=2:00PM|orig.date=1866-10-30
1866	10	30	18	58	0	-1.6	orig=-1.3R|orig.time=9:00PM|orig.date=1866-10-30
1866	10	31	4	58	0	-5.6	orig=-4.5R|orig.time=7:00AM|orig.date=1866-10-31
1866	10	31	9	58	0	-0.6	orig=-0.5R|orig.time=Noon|orig.date=1866-10-31
1866	10	31	11	58	0	-0.8	orig=-0.6R|orig.time=2:00PM|orig.date=1866-10-31
1866	10	31	18	58	0	-5.4	orig=-4.3R|orig.time=9:00PM|orig.date=1866-10-31
1866	11	1	4	58	0	2.1	orig=1.7R|orig.time=7:00AM|orig.date=1866-11-01
1866	11	1	9	58	0	3.1	orig=2.5R|orig.time=Noon|orig.date=1866-11-01
1866	11	1	11	58	0	2.9	orig=2.3R|orig.time=2:00PM|orig.date=1866-11-01
1866	11	1	18	58	0	1.6	orig=1.3R|orig.time=9:00PM|orig.date=1866-11-01
1866	11	2	4	58	0	0.1	orig=0.1R|orig.time=7:00AM|orig.date=1866-11-02
1866	11	2	9	58	0	0.6	orig=0.5R|orig.time=Noon|orig.date=1866-11-02
1866	11	2	11	58	0	0.8	orig=0.6R|orig.time=2:00PM|orig.date=1866-11-02
1866	11	2	18	58	0	-0.4	orig=-0.3R|orig.time=9:00PM|orig.date=1866-11-02
1866	11	3	4	58	0	-0.9	orig=-0.7R|orig.time=7:00AM|orig.date=1866-11-03
1866	11	3	9	58	0	1.1	orig=0.9R|orig.time=Noon|orig.date=1866-11-03
1866	11	3	11	58	0	1.1	orig=0.9R|orig.time=2:00PM|orig.date=1866-11-03
1866	11	3	18	58	0	0	orig=0R|orig.time=9:00PM|orig.date=1866-11-03
1866	11	4	4	58	0	-1.1	orig=-0.9R|orig.time=7:00AM|orig.date=1866-11-04
1866	11	4	9	58	0	1.9	orig=1.5R|orig.time=Noon|orig.date=1866-11-04
1866	11	4	11	58	0	3.9	orig=3.1R|orig.time=2:00PM|orig.date=1866-11-04
1866	11	4	18	58	0	1.4	orig=1.1R|orig.time=9:00PM|orig.date=1866-11-04
1866	11	5	4	58	0	2.1	orig=1.7R|orig.time=7:00AM|orig.date=1866-11-05
1866	11	5	9	58	0	7.1	orig=5.7R|orig.time=Noon|orig.date=1866-11-05
1866	11	5	11	58	0	8.9	orig=7.1R|orig.time=2:00PM|orig.date=1866-11-05
1866	11	5	18	58	0	3.1	orig=2.5R|orig.time=9:00PM|orig.date=1866-11-05
1866	11	6	4	58	0	2	orig=1.6R|orig.time=7:00AM|orig.date=1866-11-06
1866	11	6	9	58	0	8.6	orig=6.9R|orig.time=Noon|orig.date=1866-11-06
1866	11	6	11	58	0	11.1	orig=8.9R|orig.time=2:00PM|orig.date=1866-11-06
1866	11	6	18	58	0	6	orig=4.8R|orig.time=9:00PM|orig.date=1866-11-06
1866	11	7	4	58	0	5.4	orig=4.3R|orig.time=7:00AM|orig.date=1866-11-07
1866	11	7	9	58	0	11.4	orig=9.1R|orig.time=Noon|orig.date=1866-11-07
1866	11	7	11	58	0	10.5	orig=8.4R|orig.time=2:00PM|orig.date=1866-11-07
1866	11	7	18	58	0	5.8	orig=4.6R|orig.time=9:00PM|orig.date=1866-11-07
1866	11	8	4	58	0	3.6	orig=2.9R|orig.time=7:00AM|orig.date=1866-11-08
1866	11	8	9	58	0	9.6	orig=7.7R|orig.time=Noon|orig.date=1866-11-08
1866	11	8	11	58	0	11.8	orig=9.4R|orig.time=2:00PM|orig.date=1866-11-08
1866	11	8	18	58	0	6.1	orig=4.9R|orig.time=9:00PM|orig.date=1866-11-08
1866	11	9	4	58	0	0.4	orig=0.3R|orig.time=7:00AM|orig.date=1866-11-09
1866	11	9	9	58	0	8.4	orig=6.7R|orig.time=Noon|orig.date=1866-11-09
1866	11	9	11	58	0	9.9	orig=7.9R|orig.time=2:00PM|orig.date=1866-11-09
1866	11	9	18	58	0	7.1	orig=5.7R|orig.time=9:00PM|orig.date=1866-11-09
1866	11	10	4	58	0	6.9	orig=5.5R|orig.time=7:00AM|orig.date=1866-11-10
1866	11	10	9	58	0	8.6	orig=6.9R|orig.time=Noon|orig.date=1866-11-10
1866	11	10	11	58	0	7.6	orig=6.1R|orig.time=2:00PM|orig.date=1866-11-10
1866	11	10	18	58	0	7.1	orig=5.7R|orig.time=9:00PM|orig.date=1866-11-10
1866	11	11	4	58	0	-2.4	orig=-1.9R|orig.time=7:00AM|orig.date=1866-11-11
1866	11	11	9	58	0	2.9	orig=2.3R|orig.time=Noon|orig.date=1866-11-11
1866	11	11	11	58	0	4.4	orig=3.5R|orig.time=2:00PM|orig.date=1866-11-11
1866	11	11	18	58	0	-1.1	orig=-0.9R|orig.time=9:00PM|orig.date=1866-11-11
1866	11	12	4	58	0	-5.4	orig=-4.3R|orig.time=7:00AM|orig.date=1866-11-12
1866	11	12	9	58	0	1.6	orig=1.3R|orig.time=Noon|orig.date=1866-11-12
1866	11	12	11	58	0	2.9	orig=2.3R|orig.time=2:00PM|orig.date=1866-11-12
1866	11	12	18	58	0	0.9	orig=0.7R|orig.time=9:00PM|orig.date=1866-11-12
1866	11	13	4	58	0	1.1	orig=0.9R|orig.time=7:00AM|orig.date=1866-11-13
1866	11	13	9	58	0	3.9	orig=3.1R|orig.time=Noon|orig.date=1866-11-13
1866	11	13	11	58	0	4.6	orig=3.7R|orig.time=2:00PM|orig.date=1866-11-13
1866	11	13	18	58	0	3.6	orig=2.9R|orig.time=9:00PM|orig.date=1866-11-13
1866	11	14	4	58	0	3.4	orig=2.7R|orig.time=7:00AM|orig.date=1866-11-14
1866	11	14	9	58	0	7.4	orig=5.9R|orig.time=Noon|orig.date=1866-11-14
1866	11	14	11	58	0	8	orig=6.4R|orig.time=2:00PM|orig.date=1866-11-14
1866	11	14	18	58	0	6.1	orig=4.9R|orig.time=9:00PM|orig.date=1866-11-14
1866	11	15	4	58	0	4.4	orig=3.5R|orig.time=7:00AM|orig.date=1866-11-15
1866	11	15	9	58	0	5.5	orig=4.4R|orig.time=Noon|orig.date=1866-11-15
1866	11	15	11	58	0	6.1	orig=4.9R|orig.time=2:00PM|orig.date=1866-11-15
1866	11	15	18	58	0	2.5	orig=2R|orig.time=9:00PM|orig.date=1866-11-15
1866	11	16	4	58	0	-3	orig=-2.4R|orig.time=7:00AM|orig.date=1866-11-16
1866	11	16	9	58	0	0.1	orig=0.1R|orig.time=Noon|orig.date=1866-11-16
1866	11	16	11	58	0	0.1	orig=0.1R|orig.time=2:00PM|orig.date=1866-11-16
1866	11	16	18	58	0	-3	orig=-2.4R|orig.time=9:00PM|orig.date=1866-11-16
1866	11	17	4	58	0	-1.8	orig=-1.4R|orig.time=7:00AM|orig.date=1866-11-17
1866	11	17	9	58	0	2.1	orig=1.7R|orig.time=Noon|orig.date=1866-11-17
1866	11	17	11	58	0	1.9	orig=1.5R|orig.time=2:00PM|orig.date=1866-11-17
1866	11	17	18	58	0	1.9	orig=1.5R|orig.time=9:00PM|orig.date=1866-11-17
1866	11	18	4	58	0	1.9	orig=1.5R|orig.time=7:00AM|orig.date=1866-11-18
1866	11	18	9	58	0	-0.2	orig=-0.2R|orig.time=Noon|orig.date=1866-11-18
1866	11	18	11	58	0	-0.2	orig=-0.2R|orig.time=2:00PM|orig.date=1866-11-18
1866	11	18	18	58	0	-4.9	orig=-3.9R|orig.time=9:00PM|orig.date=1866-11-18
1866	11	19	4	58	0	-7	orig=-5.6R|orig.time=7:00AM|orig.date=1866-11-19
1866	11	19	9	58	0	-0.9	orig=-0.7R|orig.time=Noon|orig.date=1866-11-19
1866	11	19	11	58	0	-1.1	orig=-0.9R|orig.time=2:00PM|orig.date=1866-11-19
1866	11	19	18	58	0	-6.1	orig=-4.9R|orig.time=9:00PM|orig.date=1866-11-19
1866	11	20	4	58	0	-6.6	orig=-5.3R|orig.time=7:00AM|orig.date=1866-11-20
1866	11	20	9	58	0	-1.5	orig=-1.2R|orig.time=Noon|orig.date=1866-11-20
1866	11	20	11	58	0	-1.4	orig=-1.1R|orig.time=2:00PM|orig.date=1866-11-20
1866	11	20	18	58	0	-2.9	orig=-2.3R|orig.time=9:00PM|orig.date=1866-11-20
1866	11	21	4	58	0	-5	orig=-4R|orig.time=7:00AM|orig.date=1866-11-21
1866	11	21	9	58	0	-2.1	orig=-1.7R|orig.time=Noon|orig.date=1866-11-21
1866	11	21	11	58	0	-2	orig=-1.6R|orig.time=2:00PM|orig.date=1866-11-21
1866	11	21	18	58	0	-4.9	orig=-3.9R|orig.time=9:00PM|orig.date=1866-11-21
1866	11	22	4	58	0	-5.1	orig=-4.1R|orig.time=7:00AM|orig.date=1866-11-22
1866	11	22	9	58	0	-1.4	orig=-1.1R|orig.time=Noon|orig.date=1866-11-22
1866	11	22	11	58	0	-0.6	orig=-0.5R|orig.time=2:00PM|orig.date=1866-11-22
1866	11	22	18	58	0	-3.5	orig=-2.8R|orig.time=9:00PM|orig.date=1866-11-22
1866	11	23	4	58	0	-5	orig=-4R|orig.time=7:00AM|orig.date=1866-11-23
1866	11	23	9	58	0	-3.8	orig=-3R|orig.time=Noon|orig.date=1866-11-23
1866	11	23	11	58	0	-4.6	orig=-3.7R|orig.time=2:00PM|orig.date=1866-11-23
1866	11	23	18	58	0	-6.2	orig=-5R|orig.time=9:00PM|orig.date=1866-11-23
1866	11	24	4	58	0	-8.2	orig=-6.6R|orig.time=7:00AM|orig.date=1866-11-24
1866	11	24	9	58	0	-3.1	orig=-2.5R|orig.time=Noon|orig.date=1866-11-24
1866	11	24	11	58	0	-3.8	orig=-3R|orig.time=2:00PM|orig.date=1866-11-24
1866	11	24	18	58	0	-4.4	orig=-3.5R|orig.time=9:00PM|orig.date=1866-11-24
1866	11	25	4	58	0	-4.5	orig=-3.6R|orig.time=7:00AM|orig.date=1866-11-25
1866	11	25	9	58	0	0.6	orig=0.5R|orig.time=Noon|orig.date=1866-11-25
1866	11	25	11	58	0	-0.9	orig=-0.7R|orig.time=2:00PM|orig.date=1866-11-25
1866	11	25	18	58	0	-0.1	orig=-0.1R|orig.time=9:00PM|orig.date=1866-11-25
1866	11	26	4	58	0	-4.5	orig=-3.6R|orig.time=7:00AM|orig.date=1866-11-26
1866	11	26	9	58	0	1.6	orig=1.3R|orig.time=Noon|orig.date=1866-11-26
1866	11	26	11	58	0	1.4	orig=1.1R|orig.time=2:00PM|orig.date=1866-11-26
1866	11	26	18	58	0	-0.2	orig=-0.2R|orig.time=9:00PM|orig.date=1866-11-26
1866	11	27	4	58	0	-0.1	orig=-0.1R|orig.time=7:00AM|orig.date=1866-11-27
1866	11	27	9	58	0	2.2	orig=1.8R|orig.time=Noon|orig.date=1866-11-27
1866	11	27	11	58	0	1.5	orig=1.2R|orig.time=2:00PM|orig.date=1866-11-27
1866	11	27	18	58	0	0.2	orig=0.2R|orig.time=9:00PM|orig.date=1866-11-27
1866	11	28	4	58	0	-1.5	orig=-1.2R|orig.time=7:00AM|orig.date=1866-11-28
1866	11	28	9	58	0	-0.1	orig=-0.1R|orig.time=Noon|orig.date=1866-11-28
1866	11	28	11	58	0	0.1	orig=0.1R|orig.time=2:00PM|orig.date=1866-11-28
1866	11	28	18	58	0	-1.8	orig=-1.4R|orig.time=9:00PM|orig.date=1866-11-28
1866	11	29	4	58	0	-1.1	orig=-0.9R|orig.time=7:00AM|orig.date=1866-11-29
1866	11	29	9	58	0	-0.2	orig=-0.2R|orig.time=Noon|orig.date=1866-11-29
1866	11	29	11	58	0	0.1	orig=0.1R|orig.time=2:00PM|orig.date=1866-11-29
1866	11	29	18	58	0	-3.1	orig=-2.5R|orig.time=9:00PM|orig.date=1866-11-29
1866	11	30	4	58	0	-4.5	orig=-3.6R|orig.time=7:00AM|orig.date=1866-11-30
1866	11	30	9	58	0	-3.8	orig=-3R|orig.time=Noon|orig.date=1866-11-30
1866	11	30	11	58	0	-4.1	orig=-3.3R|orig.time=2:00PM|orig.date=1866-11-30
1866	11	30	18	58	0	-8.6	orig=-6.9R|orig.time=9:00PM|orig.date=1866-11-30
1866	12	1	4	58	0	-8.4	orig=-6.7R|orig.time=7:00AM|orig.date=1866-12-01
1866	12	1	9	58	0	-6.1	orig=-4.9R|orig.time=Noon|orig.date=1866-12-01
1866	12	1	11	58	0	-5.6	orig=-4.5R|orig.time=2:00PM|orig.date=1866-12-01
1866	12	1	18	58	0	-6.9	orig=-5.5R|orig.time=9:00PM|orig.date=1866-12-01
1866	12	2	4	58	0	-5.5	orig=-4.4R|orig.time=7:00AM|orig.date=1866-12-02
1866	12	2	9	58	0	-3.4	orig=-2.7R|orig.time=Noon|orig.date=1866-12-02
1866	12	2	11	58	0	-3	orig=-2.4R|orig.time=2:00PM|orig.date=1866-12-02
1866	12	2	18	58	0	-3.6	orig=-2.9R|orig.time=9:00PM|orig.date=1866-12-02
1866	12	3	4	58	0	-3.9	orig=-3.1R|orig.time=7:00AM|orig.date=1866-12-03
1866	12	3	9	58	0	-3.6	orig=-2.9R|orig.time=Noon|orig.date=1866-12-03
1866	12	3	11	58	0	-3.9	orig=-3.1R|orig.time=2:00PM|orig.date=1866-12-03
1866	12	3	18	58	0	-6.2	orig=-5R|orig.time=9:00PM|orig.date=1866-12-03
1866	12	4	4	58	0	-7	orig=-5.6R|orig.time=7:00AM|orig.date=1866-12-04
1866	12	4	9	58	0	-6.2	orig=-5R|orig.time=Noon|orig.date=1866-12-04
1866	12	4	11	58	0	-5.8	orig=-4.6R|orig.time=2:00PM|orig.date=1866-12-04
1866	12	4	18	58	0	-6.1	orig=-4.9R|orig.time=9:00PM|orig.date=1866-12-04
1866	12	5	4	58	0	-7.4	orig=-5.9R|orig.time=7:00AM|orig.date=1866-12-05
1866	12	5	9	58	0	-3.1	orig=-2.5R|orig.time=Noon|orig.date=1866-12-05
1866	12	5	11	58	0	-1.9	orig=-1.5R|orig.time=2:00PM|orig.date=1866-12-05
1866	12	5	18	58	0	0.6	orig=0.5R|orig.time=9:00PM|orig.date=1866-12-05
1866	12	6	4	58	0	1.8	orig=1.4R|orig.time=7:00AM|orig.date=1866-12-06
1866	12	6	9	58	0	4.1	orig=3.3R|orig.time=Noon|orig.date=1866-12-06
1866	12	6	11	58	0	4.5	orig=3.6R|orig.time=2:00PM|orig.date=1866-12-06
1866	12	6	18	58	0	4.2	orig=3.4R|orig.time=9:00PM|orig.date=1866-12-06
1866	12	7	4	58	0	1.4	orig=1.1R|orig.time=7:00AM|orig.date=1866-12-07
1866	12	7	9	58	0	3	orig=2.4R|orig.time=Noon|orig.date=1866-12-07
1866	12	7	11	58	0	3.6	orig=2.9R|orig.time=2:00PM|orig.date=1866-12-07
1866	12	7	18	58	0	4	orig=3.2R|orig.time=9:00PM|orig.date=1866-12-07
1866	12	8	4	58	0	3.8	orig=3R|orig.time=7:00AM|orig.date=1866-12-08
1866	12	8	9	58	0	5.2	orig=4.2R|orig.time=Noon|orig.date=1866-12-08
1866	12	8	11	58	0	5.4	orig=4.3R|orig.time=2:00PM|orig.date=1866-12-08
1866	12	8	18	58	0	2.6	orig=2.1R|orig.time=9:00PM|orig.date=1866-12-08
1866	12	9	4	58	0	0.6	orig=0.5R|orig.time=7:00AM|orig.date=1866-12-09
1866	12	9	9	58	0	1.5	orig=1.2R|orig.time=Noon|orig.date=1866-12-09
1866	12	9	11	58	0	1.1	orig=0.9R|orig.time=2:00PM|orig.date=1866-12-09
1866	12	9	18	58	0	-1.2	orig=-1R|orig.time=9:00PM|orig.date=1866-12-09
1866	12	10	4	58	0	-6.9	orig=-5.5R|orig.time=7:00AM|orig.date=1866-12-10
1866	12	10	9	58	0	-2	orig=-1.6R|orig.time=Noon|orig.date=1866-12-10
1866	12	10	11	58	0	-0.9	orig=-0.7R|orig.time=2:00PM|orig.date=1866-12-10
1866	12	10	18	58	0	-3.1	orig=-2.5R|orig.time=9:00PM|orig.date=1866-12-10
1866	12	11	4	58	0	-2.6	orig=-2.1R|orig.time=7:00AM|orig.date=1866-12-11
1866	12	11	9	58	0	1	orig=0.8R|orig.time=Noon|orig.date=1866-12-11
1866	12	11	11	58	0	1.5	orig=1.2R|orig.time=2:00PM|orig.date=1866-12-11
1866	12	11	18	58	0	-1.1	orig=-0.9R|orig.time=9:00PM|orig.date=1866-12-11
1866	12	12	4	58	0	-7.2	orig=-5.8R|orig.time=7:00AM|orig.date=1866-12-12
1866	12	12	9	58	0	-5.2	orig=-4.2R|orig.time=Noon|orig.date=1866-12-12
1866	12	12	11	58	0	-5	orig=-4R|orig.time=2:00PM|orig.date=1866-12-12
1866	12	12	18	58	0	-8.5	orig=-6.8R|orig.time=9:00PM|orig.date=1866-12-12
1866	12	13	4	58	0	-11.1	orig=-8.9R|orig.time=7:00AM|orig.date=1866-12-13
1866	12	13	9	58	0	-7.2	orig=-5.8R|orig.time=Noon|orig.date=1866-12-13
1866	12	13	11	58	0	-7.1	orig=-5.7R|orig.time=2:00PM|orig.date=1866-12-13
1866	12	13	18	58	0	-3.5	orig=-2.8R|orig.time=9:00PM|orig.date=1866-12-13
1866	12	14	4	58	0	-9.5	orig=-7.6R|orig.time=7:00AM|orig.date=1866-12-14
1866	12	14	9	58	0	-9.9	orig=-7.9R|orig.time=Noon|orig.date=1866-12-14
1866	12	14	11	58	0	-9.9	orig=-7.9R|orig.time=2:00PM|orig.date=1866-12-14
1866	12	14	18	58	0	-10	orig=-8R|orig.time=9:00PM|orig.date=1866-12-14
1866	12	15	4	58	0	-11.6	orig=-9.3R|orig.time=7:00AM|orig.date=1866-12-15
1866	12	15	9	58	0	-10.5	orig=-8.4R|orig.time=Noon|orig.date=1866-12-15
1866	12	15	11	58	0	-10.6	orig=-8.5R|orig.time=2:00PM|orig.date=1866-12-15
1866	12	15	18	58	0	-15.6	orig=-12.5R|orig.time=9:00PM|orig.date=1866-12-15
1866	12	16	4	58	0	-14.6	orig=-11.7R|orig.time=7:00AM|orig.date=1866-12-16
1866	12	16	9	58	0	-11.4	orig=-9.1R|orig.time=Noon|orig.date=1866-12-16
1866	12	16	11	58	0	-11	orig=-8.8R|orig.time=2:00PM|orig.date=1866-12-16
1866	12	16	18	58	0	-16.8	orig=-13.4R|orig.time=9:00PM|orig.date=1866-12-16
1866	12	17	4	58	0	-21.9	orig=-17.5R|orig.time=7:00AM|orig.date=1866-12-17
1866	12	17	9	58	0	-18.8	orig=-15R|orig.time=Noon|orig.date=1866-12-17
1866	12	17	11	58	0	-15	orig=-12R|orig.time=2:00PM|orig.date=1866-12-17
1866	12	17	18	58	0	-18	orig=-14.4R|orig.time=9:00PM|orig.date=1866-12-17
1866	12	18	4	58	0	-19.2	orig=-15.4R|orig.time=7:00AM|orig.date=1866-12-18
1866	12	18	9	58	0	-11.2	orig=-9R|orig.time=Noon|orig.date=1866-12-18
1866	12	18	11	58	0	-10.2	orig=-8.2R|orig.time=2:00PM|orig.date=1866-12-18
1866	12	18	18	58	0	-7.5	orig=-6R|orig.time=9:00PM|orig.date=1866-12-18
1866	12	19	4	58	0	-3.5	orig=-2.8R|orig.time=7:00AM|orig.date=1866-12-19
1866	12	19	9	58	0	-1	orig=-0.8R|orig.time=Noon|orig.date=1866-12-19
1866	12	19	11	58	0	0.1	orig=0.1R|orig.time=2:00PM|orig.date=1866-12-19
1866	12	19	18	58	0	0.6	orig=0.5R|orig.time=9:00PM|orig.date=1866-12-19
1866	12	20	4	58	0	1.1	orig=0.9R|orig.time=7:00AM|orig.date=1866-12-20
1866	12	20	9	58	0	1.5	orig=1.2R|orig.time=Noon|orig.date=1866-12-20
1866	12	20	11	58	0	1.6	orig=1.3R|orig.time=2:00PM|orig.date=1866-12-20
1866	12	20	18	58	0	-0.2	orig=-0.2R|orig.time=9:00PM|orig.date=1866-12-20
1866	12	21	4	58	0	-0.6	orig=-0.5R|orig.time=7:00AM|orig.date=1866-12-21
1866	12	21	9	58	0	2.4	orig=1.9R|orig.time=Noon|orig.date=1866-12-21
1866	12	21	11	58	0	1.9	orig=1.5R|orig.time=2:00PM|orig.date=1866-12-21
1866	12	21	18	58	0	1	orig=0.8R|orig.time=9:00PM|orig.date=1866-12-21
1866	12	22	4	58	0	1	orig=0.8R|orig.time=7:00AM|orig.date=1866-12-22
1866	12	22	9	58	0	1	orig=0.8R|orig.time=Noon|orig.date=1866-12-22
1866	12	22	11	58	0	1.1	orig=0.9R|orig.time=2:00PM|orig.date=1866-12-22
1866	12	22	18	58	0	0.6	orig=0.5R|orig.time=9:00PM|orig.date=1866-12-22
1866	12	23	4	58	0	-0.1	orig=-0.1R|orig.time=7:00AM|orig.date=1866-12-23
1866	12	23	9	58	0	1	orig=0.8R|orig.time=Noon|orig.date=1866-12-23
1866	12	23	11	58	0	1.6	orig=1.3R|orig.time=2:00PM|orig.date=1866-12-23
1866	12	23	18	58	0	2.1	orig=1.7R|orig.time=9:00PM|orig.date=1866-12-23
1866	12	24	4	58	0	0.8	orig=0.6R|orig.time=7:00AM|orig.date=1866-12-24
1866	12	24	9	58	0	0.5	orig=0.4R|orig.time=Noon|orig.date=1866-12-24
1866	12	24	11	58	0	0.9	orig=0.7R|orig.time=2:00PM|orig.date=1866-12-24
1866	12	24	18	58	0	0.1	orig=0.1R|orig.time=9:00PM|orig.date=1866-12-24
1866	12	25	4	58	0	2.1	orig=1.7R|orig.time=7:00AM|orig.date=1866-12-25
1866	12	25	9	58	0	2.6	orig=2.1R|orig.time=Noon|orig.date=1866-12-25
1866	12	25	11	58	0	1.9	orig=1.5R|orig.time=2:00PM|orig.date=1866-12-25
1866	12	25	18	58	0	-1.6	orig=-1.3R|orig.time=9:00PM|orig.date=1866-12-25
1866	12	26	4	58	0	-8.4	orig=-6.7R|orig.time=7:00AM|orig.date=1866-12-26
1866	12	26	9	58	0	-7.5	orig=-6R|orig.time=Noon|orig.date=1866-12-26
1866	12	26	11	58	0	-7.1	orig=-5.7R|orig.time=2:00PM|orig.date=1866-12-26
1866	12	26	18	58	0	-8.5	orig=-6.8R|orig.time=9:00PM|orig.date=1866-12-26
1866	12	27	4	58	0	-10.9	orig=-8.7R|orig.time=7:00AM|orig.date=1866-12-27
1866	12	27	9	58	0	-6.1	orig=-4.9R|orig.time=Noon|orig.date=1866-12-27
1866	12	27	11	58	0	-5.4	orig=-4.3R|orig.time=2:00PM|orig.date=1866-12-27
1866	12	27	18	58	0	-3.8	orig=-3R|orig.time=9:00PM|orig.date=1866-12-27
1866	12	28	4	58	0	-1.1	orig=-0.9R|orig.time=7:00AM|orig.date=1866-12-28
1866	12	28	9	58	0	0	orig=0R|orig.time=Noon|orig.date=1866-12-28
1866	12	28	11	58	0	0.1	orig=0.1R|orig.time=2:00PM|orig.date=1866-12-28
1866	12	28	18	58	0	-0.9	orig=-0.7R|orig.time=9:00PM|orig.date=1866-12-28
1866	12	29	4	58	0	-1.4	orig=-1.1R|orig.time=7:00AM|orig.date=1866-12-29
1866	12	29	9	58	0	0.6	orig=0.5R|orig.time=Noon|orig.date=1866-12-29
1866	12	29	11	58	0	0.8	orig=0.6R|orig.time=2:00PM|orig.date=1866-12-29
1866	12	29	18	58	0	-4	orig=-3.2R|orig.time=9:00PM|orig.date=1866-12-29
1866	12	30	4	58	0	-2.5	orig=-2R|orig.time=7:00AM|orig.date=1866-12-30
1866	12	30	9	58	0	-0.9	orig=-0.7R|orig.time=Noon|orig.date=1866-12-30
1866	12	30	11	58	0	-0.9	orig=-0.7R|orig.time=2:00PM|orig.date=1866-12-30
1866	12	30	18	58	0	-1.5	orig=-1.2R|orig.time=9:00PM|orig.date=1866-12-30
1866	12	31	4	58	0	0.1	orig=0.1R|orig.time=7:00AM|orig.date=1866-12-31
1866	12	31	9	58	0	3.9	orig=3.1R|orig.time=Noon|orig.date=1866-12-31
1866	12	31	11	58	0	3.4	orig=2.7R|orig.time=2:00PM|orig.date=1866-12-31
1866	12	31	18	58	0	0.9	orig=0.7R|orig.time=9:00PM|orig.date=1866-12-31
1867	1	1	4	58	0	0.2	orig=0.2R|orig.time=7:00AM|orig.date=1867-01-01
1867	1	1	9	58	0	2.1	orig=1.7R|orig.time=Noon|orig.date=1867-01-01
1867	1	1	11	58	0	3	orig=2.4R|orig.time=2:00PM|orig.date=1867-01-01
1867	1	1	18	58	0	0.4	orig=0.3R|orig.time=9:00PM|orig.date=1867-01-01
1867	1	2	4	58	0	0.4	orig=0.3R|orig.time=7:00AM|orig.date=1867-01-02
1867	1	2	9	58	0	3.1	orig=2.5R|orig.time=Noon|orig.date=1867-01-02
1867	1	2	11	58	0	3.1	orig=2.5R|orig.time=2:00PM|orig.date=1867-01-02
1867	1	2	18	58	0	3.1	orig=2.5R|orig.time=9:00PM|orig.date=1867-01-02
1867	1	3	4	58	0	2.2	orig=1.8R|orig.time=7:00AM|orig.date=1867-01-03
1867	1	3	9	58	0	3.4	orig=2.7R|orig.time=Noon|orig.date=1867-01-03
1867	1	3	11	58	0	2.8	orig=2.2R|orig.time=2:00PM|orig.date=1867-01-03
1867	1	3	18	58	0	1.2	orig=1R|orig.time=9:00PM|orig.date=1867-01-03
1867	1	4	4	58	0	-1.8	orig=-1.4R|orig.time=7:00AM|orig.date=1867-01-04
1867	1	4	9	58	0	0.9	orig=0.7R|orig.time=Noon|orig.date=1867-01-04
1867	1	4	11	58	0	1.1	orig=0.9R|orig.time=2:00PM|orig.date=1867-01-04
1867	1	4	18	58	0	-2.6	orig=-2.1R|orig.time=9:00PM|orig.date=1867-01-04
1867	1	5	4	58	0	-3.4	orig=-2.7R|orig.time=7:00AM|orig.date=1867-01-05
1867	1	5	9	58	0	-3.5	orig=-2.8R|orig.time=Noon|orig.date=1867-01-05
1867	1	5	11	58	0	-3.8	orig=-3R|orig.time=2:00PM|orig.date=1867-01-05
1867	1	5	18	58	0	-4.4	orig=-3.5R|orig.time=9:00PM|orig.date=1867-01-05
1867	1	6	4	58	0	-4.6	orig=-3.7R|orig.time=7:00AM|orig.date=1867-01-06
1867	1	6	9	58	0	-5.1	orig=-4.1R|orig.time=Noon|orig.date=1867-01-06
1867	1	6	11	58	0	-6.2	orig=-5R|orig.time=2:00PM|orig.date=1867-01-06
1867	1	6	18	58	0	-7.1	orig=-5.7R|orig.time=9:00PM|orig.date=1867-01-06
1867	1	7	4	58	0	-19.2	orig=-15.4R|orig.time=7:00AM|orig.date=1867-01-07
1867	1	7	9	58	0	-15.8	orig=-12.6R|orig.time=Noon|orig.date=1867-01-07
1867	1	7	11	58	0	-15	orig=-12R|orig.time=2:00PM|orig.date=1867-01-07
1867	1	7	18	58	0	-19.8	orig=-15.8R|orig.time=9:00PM|orig.date=1867-01-07
1867	1	8	4	58	0	-16.1	orig=-12.9R|orig.time=7:00AM|orig.date=1867-01-08
1867	1	8	9	58	0	-11.6	orig=-9.3R|orig.time=Noon|orig.date=1867-01-08
1867	1	8	11	58	0	-8.9	orig=-7.1R|orig.time=2:00PM|orig.date=1867-01-08
1867	1	8	18	58	0	-1.1	orig=-0.9R|orig.time=9:00PM|orig.date=1867-01-08
1867	1	9	4	58	0	-0.8	orig=-0.6R|orig.time=7:00AM|orig.date=1867-01-09
1867	1	9	9	58	0	-3.1	orig=-2.5R|orig.time=Noon|orig.date=1867-01-09
1867	1	9	11	58	0	-4.5	orig=-3.6R|orig.time=2:00PM|orig.date=1867-01-09
1867	1	9	18	58	0	-4	orig=-3.2R|orig.time=9:00PM|orig.date=1867-01-09
1867	1	10	4	58	0	1.4	orig=1.1R|orig.time=7:00AM|orig.date=1867-01-10
1867	1	10	9	58	0	2.4	orig=1.9R|orig.time=Noon|orig.date=1867-01-10
1867	1	10	11	58	0	2.4	orig=1.9R|orig.time=2:00PM|orig.date=1867-01-10
1867	1	10	18	58	0	-0.8	orig=-0.6R|orig.time=9:00PM|orig.date=1867-01-10
1867	1	11	4	58	0	-1.9	orig=-1.5R|orig.time=7:00AM|orig.date=1867-01-11
1867	1	11	9	58	0	1	orig=0.8R|orig.time=Noon|orig.date=1867-01-11
1867	1	11	11	58	0	1.2	orig=1R|orig.time=2:00PM|orig.date=1867-01-11
1867	1	11	18	58	0	-1.5	orig=-1.2R|orig.time=9:00PM|orig.date=1867-01-11
1867	1	12	4	58	0	-1.2	orig=-1R|orig.time=7:00AM|orig.date=1867-01-12
1867	1	12	9	58	0	2.6	orig=2.1R|orig.time=Noon|orig.date=1867-01-12
1867	1	12	11	58	0	2.9	orig=2.3R|orig.time=2:00PM|orig.date=1867-01-12
1867	1	12	18	58	0	0.9	orig=0.7R|orig.time=9:00PM|orig.date=1867-01-12
1867	1	13	4	58	0	-3.1	orig=-2.5R|orig.time=7:00AM|orig.date=1867-01-13
1867	1	13	9	58	0	-2.2	orig=-1.8R|orig.time=Noon|orig.date=1867-01-13
1867	1	13	11	58	0	-1.4	orig=-1.1R|orig.time=2:00PM|orig.date=1867-01-13
1867	1	13	18	58	0	-3.5	orig=-2.8R|orig.time=9:00PM|orig.date=1867-01-13
1867	1	14	4	58	0	-1.9	orig=-1.5R|orig.time=7:00AM|orig.date=1867-01-14
1867	1	14	9	58	0	4	orig=3.2R|orig.time=Noon|orig.date=1867-01-14
1867	1	14	11	58	0	4.6	orig=3.7R|orig.time=2:00PM|orig.date=1867-01-14
1867	1	14	18	58	0	2.5	orig=2R|orig.time=9:00PM|orig.date=1867-01-14
1867	1	15	4	58	0	-0.6	orig=-0.5R|orig.time=7:00AM|orig.date=1867-01-15
1867	1	15	9	58	0	2.5	orig=2R|orig.time=Noon|orig.date=1867-01-15
1867	1	15	11	58	0	3	orig=2.4R|orig.time=2:00PM|orig.date=1867-01-15
1867	1	15	18	58	0	0.4	orig=0.3R|orig.time=9:00PM|orig.date=1867-01-15
1867	1	16	4	58	0	-0.6	orig=-0.5R|orig.time=7:00AM|orig.date=1867-01-16
1867	1	16	9	58	0	2.1	orig=1.7R|orig.time=Noon|orig.date=1867-01-16
1867	1	16	11	58	0	4.4	orig=3.5R|orig.time=2:00PM|orig.date=1867-01-16
1867	1	16	18	58	0	3.5	orig=2.8R|orig.time=9:00PM|orig.date=1867-01-16
1867	1	17	4	58	0	2.8	orig=2.2R|orig.time=7:00AM|orig.date=1867-01-17
1867	1	17	9	58	0	4.5	orig=3.6R|orig.time=Noon|orig.date=1867-01-17
1867	1	17	11	58	0	4.8	orig=3.8R|orig.time=2:00PM|orig.date=1867-01-17
1867	1	17	18	58	0	1.2	orig=1R|orig.time=9:00PM|orig.date=1867-01-17
1867	1	18	4	58	0	-0.5	orig=-0.4R|orig.time=7:00AM|orig.date=1867-01-18
1867	1	18	9	58	0	1.2	orig=1R|orig.time=Noon|orig.date=1867-01-18
1867	1	18	11	58	0	2.8	orig=2.2R|orig.time=2:00PM|orig.date=1867-01-18
1867	1	18	18	58	0	-0.9	orig=-0.7R|orig.time=9:00PM|orig.date=1867-01-18
1867	1	19	4	58	0	-0.4	orig=-0.3R|orig.time=7:00AM|orig.date=1867-01-19
1867	1	19	9	58	0	1.5	orig=1.2R|orig.time=Noon|orig.date=1867-01-19
1867	1	19	11	58	0	1.2	orig=1R|orig.time=2:00PM|orig.date=1867-01-19
1867	1	19	18	58	0	1.2	orig=1R|orig.time=9:00PM|orig.date=1867-01-19
1867	1	20	4	58	0	1.6	orig=1.3R|orig.time=7:00AM|orig.date=1867-01-20
1867	1	20	9	58	0	0.6	orig=0.5R|orig.time=Noon|orig.date=1867-01-20
1867	1	20	11	58	0	0.4	orig=0.3R|orig.time=2:00PM|orig.date=1867-01-20
1867	1	20	18	58	0	-4.4	orig=-3.5R|orig.time=9:00PM|orig.date=1867-01-20
1867	1	21	4	58	0	-5	orig=-4R|orig.time=7:00AM|orig.date=1867-01-21
1867	1	21	9	58	0	-1.2	orig=-1R|orig.time=Noon|orig.date=1867-01-21
1867	1	21	11	58	0	-0.8	orig=-0.6R|orig.time=2:00PM|orig.date=1867-01-21
1867	1	21	18	58	0	-5.1	orig=-4.1R|orig.time=9:00PM|orig.date=1867-01-21
1867	1	22	4	58	0	-6.1	orig=-4.9R|orig.time=7:00AM|orig.date=1867-01-22
1867	1	22	9	58	0	-2.6	orig=-2.1R|orig.time=Noon|orig.date=1867-01-22
1867	1	22	11	58	0	-2.5	orig=-2R|orig.time=2:00PM|orig.date=1867-01-22
1867	1	22	18	58	0	-3.1	orig=-2.5R|orig.time=9:00PM|orig.date=1867-01-22
1867	1	23	4	58	0	-7.5	orig=-6R|orig.time=7:00AM|orig.date=1867-01-23
1867	1	23	9	58	0	-5.1	orig=-4.1R|orig.time=Noon|orig.date=1867-01-23
1867	1	23	11	58	0	-5	orig=-4R|orig.time=2:00PM|orig.date=1867-01-23
1867	1	23	18	58	0	-6.2	orig=-5R|orig.time=9:00PM|orig.date=1867-01-23
1867	1	24	4	58	0	-4.4	orig=-3.5R|orig.time=7:00AM|orig.date=1867-01-24
1867	1	24	9	58	0	-2.6	orig=-2.1R|orig.time=Noon|orig.date=1867-01-24
1867	1	24	11	58	0	-2.5	orig=-2R|orig.time=2:00PM|orig.date=1867-01-24
1867	1	24	18	58	0	-3.8	orig=-3R|orig.time=9:00PM|orig.date=1867-01-24
1867	1	25	4	58	0	-4.1	orig=-3.3R|orig.time=7:00AM|orig.date=1867-01-25
1867	1	25	9	58	0	-2.9	orig=-2.3R|orig.time=Noon|orig.date=1867-01-25
1867	1	25	11	58	0	-3.2	orig=-2.6R|orig.time=2:00PM|orig.date=1867-01-25
1867	1	25	18	58	0	-1.6	orig=-1.3R|orig.time=9:00PM|orig.date=1867-01-25
1867	1	26	4	58	0	-1.8	orig=-1.4R|orig.time=7:00AM|orig.date=1867-01-26
1867	1	26	9	58	0	0.4	orig=0.3R|orig.time=Noon|orig.date=1867-01-26
1867	1	26	11	58	0	0.9	orig=0.7R|orig.time=2:00PM|orig.date=1867-01-26
1867	1	26	18	58	0	0.6	orig=0.5R|orig.time=9:00PM|orig.date=1867-01-26
1867	1	27	4	58	0	1	orig=0.8R|orig.time=7:00AM|orig.date=1867-01-27
1867	1	27	9	58	0	2.5	orig=2R|orig.time=Noon|orig.date=1867-01-27
1867	1	27	11	58	0	2.6	orig=2.1R|orig.time=2:00PM|orig.date=1867-01-27
1867	1	27	18	58	0	-1.1	orig=-0.9R|orig.time=9:00PM|orig.date=1867-01-27
1867	1	28	4	58	0	-4.2	orig=-3.4R|orig.time=7:00AM|orig.date=1867-01-28
1867	1	28	9	58	0	-4.4	orig=-3.5R|orig.time=Noon|orig.date=1867-01-28
1867	1	28	11	58	0	-4.2	orig=-3.4R|orig.time=2:00PM|orig.date=1867-01-28
1867	1	28	18	58	0	-7.8	orig=-6.2R|orig.time=9:00PM|orig.date=1867-01-28
1867	1	29	4	58	0	-12.6	orig=-10.1R|orig.time=7:00AM|orig.date=1867-01-29
1867	1	29	9	58	0	-5.8	orig=-4.6R|orig.time=Noon|orig.date=1867-01-29
1867	1	29	11	58	0	-5	orig=-4R|orig.time=2:00PM|orig.date=1867-01-29
1867	1	29	18	58	0	-2.2	orig=-1.8R|orig.time=9:00PM|orig.date=1867-01-29
1867	1	30	4	58	0	1.5	orig=1.2R|orig.time=7:00AM|orig.date=1867-01-30
1867	1	30	9	58	0	2.5	orig=2R|orig.time=Noon|orig.date=1867-01-30
1867	1	30	11	58	0	1.2	orig=1R|orig.time=2:00PM|orig.date=1867-01-30
1867	1	30	18	58	0	-2.1	orig=-1.7R|orig.time=9:00PM|orig.date=1867-01-30
1867	1	31	4	58	0	-4.4	orig=-3.5R|orig.time=7:00AM|orig.date=1867-01-31
1867	1	31	9	58	0	-2.4	orig=-1.9R|orig.time=Noon|orig.date=1867-01-31
1867	1	31	11	58	0	-2	orig=-1.6R|orig.time=2:00PM|orig.date=1867-01-31
1867	1	31	18	58	0	-4	orig=-3.2R|orig.time=9:00PM|orig.date=1867-01-31
1867	2	1	4	58	0	-10	orig=-8R|orig.time=7:00AM|orig.date=1867-02-01
1867	2	1	9	58	0	-13.6	orig=-10.9R|orig.time=Noon|orig.date=1867-02-01
1867	2	1	11	58	0	-13.6	orig=-10.9R|orig.time=2:00PM|orig.date=1867-02-01
1867	2	1	18	58	0	-19.6	orig=-15.7R|orig.time=9:00PM|orig.date=1867-02-01
1867	2	2	4	58	0	-25.8	orig=-20.6R|orig.time=7:00AM|orig.date=1867-02-02
1867	2	2	9	58	0	-20.5	orig=-16.4R|orig.time=Noon|orig.date=1867-02-02
1867	2	2	11	58	0	-19	orig=-15.2R|orig.time=2:00PM|orig.date=1867-02-02
1867	2	2	18	58	0	-20.4	orig=-16.3R|orig.time=9:00PM|orig.date=1867-02-02
1867	2	3	4	58	0	-10.2	orig=-8.2R|orig.time=7:00AM|orig.date=1867-02-03
1867	2	3	9	58	0	-4.1	orig=-3.3R|orig.time=Noon|orig.date=1867-02-03
1867	2	3	11	58	0	-2.5	orig=-2R|orig.time=2:00PM|orig.date=1867-02-03
1867	2	3	18	58	0	-1.6	orig=-1.3R|orig.time=9:00PM|orig.date=1867-02-03
1867	2	4	4	58	0	-0.9	orig=-0.7R|orig.time=7:00AM|orig.date=1867-02-04
1867	2	4	9	58	0	1.2	orig=1R|orig.time=Noon|orig.date=1867-02-04
1867	2	4	11	58	0	2.2	orig=1.8R|orig.time=2:00PM|orig.date=1867-02-04
1867	2	4	18	58	0	0.1	orig=0.1R|orig.time=9:00PM|orig.date=1867-02-04
1867	2	5	4	58	0	-5.4	orig=-4.3R|orig.time=7:00AM|orig.date=1867-02-05
1867	2	5	9	58	0	-0.1	orig=-0.1R|orig.time=Noon|orig.date=1867-02-05
1867	2	5	11	58	0	1	orig=0.8R|orig.time=2:00PM|orig.date=1867-02-05
1867	2	5	18	58	0	-2.9	orig=-2.3R|orig.time=9:00PM|orig.date=1867-02-05
1867	2	6	4	58	0	-4.2	orig=-3.4R|orig.time=7:00AM|orig.date=1867-02-06
1867	2	6	9	58	0	-1.1	orig=-0.9R|orig.time=Noon|orig.date=1867-02-06
1867	2	6	11	58	0	-0.8	orig=-0.6R|orig.time=2:00PM|orig.date=1867-02-06
1867	2	6	18	58	0	-3.4	orig=-2.7R|orig.time=9:00PM|orig.date=1867-02-06
1867	2	7	4	58	0	-3.1	orig=-2.5R|orig.time=7:00AM|orig.date=1867-02-07
1867	2	7	9	58	0	-2.4	orig=-1.9R|orig.time=Noon|orig.date=1867-02-07
1867	2	7	11	58	0	-1.9	orig=-1.5R|orig.time=2:00PM|orig.date=1867-02-07
1867	2	7	18	58	0	0.2	orig=0.2R|orig.time=9:00PM|orig.date=1867-02-07
1867	2	8	4	58	0	1	orig=0.8R|orig.time=7:00AM|orig.date=1867-02-08
1867	2	8	9	58	0	1.2	orig=1R|orig.time=Noon|orig.date=1867-02-08
1867	2	8	11	58	0	2	orig=1.6R|orig.time=2:00PM|orig.date=1867-02-08
1867	2	8	18	58	0	0.6	orig=0.5R|orig.time=9:00PM|orig.date=1867-02-08
1867	2	9	4	58	0	-2.2	orig=-1.8R|orig.time=7:00AM|orig.date=1867-02-09
1867	2	9	9	58	0	0.8	orig=0.6R|orig.time=Noon|orig.date=1867-02-09
1867	2	9	11	58	0	1.2	orig=1R|orig.time=2:00PM|orig.date=1867-02-09
1867	2	9	18	58	0	0.2	orig=0.2R|orig.time=9:00PM|orig.date=1867-02-09
1867	2	10	4	58	0	0.8	orig=0.6R|orig.time=7:00AM|orig.date=1867-02-10
1867	2	10	9	58	0	2.4	orig=1.9R|orig.time=Noon|orig.date=1867-02-10
1867	2	10	11	58	0	2.2	orig=1.8R|orig.time=2:00PM|orig.date=1867-02-10
1867	2	10	18	58	0	-0.4	orig=-0.3R|orig.time=9:00PM|orig.date=1867-02-10
1867	2	11	4	58	0	-0.8	orig=-0.6R|orig.time=7:00AM|orig.date=1867-02-11
1867	2	11	9	58	0	-1	orig=-0.8R|orig.time=Noon|orig.date=1867-02-11
1867	2	11	11	58	0	-1.8	orig=-1.4R|orig.time=2:00PM|orig.date=1867-02-11
1867	2	11	18	58	0	-2.6	orig=-2.1R|orig.time=9:00PM|orig.date=1867-02-11
1867	2	12	4	58	0	-3.1	orig=-2.5R|orig.time=7:00AM|orig.date=1867-02-12
1867	2	12	9	58	0	-0.2	orig=-0.2R|orig.time=Noon|orig.date=1867-02-12
1867	2	12	11	58	0	1.1	orig=0.9R|orig.time=2:00PM|orig.date=1867-02-12
1867	2	12	18	58	0	-0.1	orig=-0.1R|orig.time=9:00PM|orig.date=1867-02-12
1867	2	13	4	58	0	-0.1	orig=-0.1R|orig.time=7:00AM|orig.date=1867-02-13
1867	2	13	9	58	0	1.9	orig=1.5R|orig.time=Noon|orig.date=1867-02-13
1867	2	13	11	58	0	2.9	orig=2.3R|orig.time=2:00PM|orig.date=1867-02-13
1867	2	13	18	58	0	0.9	orig=0.7R|orig.time=9:00PM|orig.date=1867-02-13
1867	2	14	4	58	0	1.2	orig=1R|orig.time=7:00AM|orig.date=1867-02-14
1867	2	14	9	58	0	4	orig=3.2R|orig.time=Noon|orig.date=1867-02-14
1867	2	14	11	58	0	4.1	orig=3.3R|orig.time=2:00PM|orig.date=1867-02-14
1867	2	14	18	58	0	1.4	orig=1.1R|orig.time=9:00PM|orig.date=1867-02-14
1867	2	15	4	58	0	-0.9	orig=-0.7R|orig.time=7:00AM|orig.date=1867-02-15
1867	2	15	9	58	0	2.5	orig=2R|orig.time=Noon|orig.date=1867-02-15
1867	2	15	11	58	0	3.6	orig=2.9R|orig.time=2:00PM|orig.date=1867-02-15
1867	2	15	18	58	0	-1.4	orig=-1.1R|orig.time=9:00PM|orig.date=1867-02-15
1867	2	16	4	58	0	-2.1	orig=-1.7R|orig.time=7:00AM|orig.date=1867-02-16
1867	2	16	9	58	0	2.6	orig=2.1R|orig.time=Noon|orig.date=1867-02-16
1867	2	16	11	58	0	3.5	orig=2.8R|orig.time=2:00PM|orig.date=1867-02-16
1867	2	16	18	58	0	-0.5	orig=-0.4R|orig.time=9:00PM|orig.date=1867-02-16
1867	2	17	4	58	0	-0.6	orig=-0.5R|orig.time=7:00AM|orig.date=1867-02-17
1867	2	17	9	58	0	3.9	orig=3.1R|orig.time=Noon|orig.date=1867-02-17
1867	2	17	11	58	0	4.9	orig=3.9R|orig.time=2:00PM|orig.date=1867-02-17
1867	2	17	18	58	0	0	orig=0R|orig.time=9:00PM|orig.date=1867-02-17
1867	2	18	4	58	0	1.1	orig=0.9R|orig.time=7:00AM|orig.date=1867-02-18
1867	2	18	9	58	0	2.6	orig=2.1R|orig.time=Noon|orig.date=1867-02-18
1867	2	18	11	58	0	0.6	orig=0.5R|orig.time=2:00PM|orig.date=1867-02-18
1867	2	18	18	58	0	-4.8	orig=-3.8R|orig.time=9:00PM|orig.date=1867-02-18
1867	2	19	4	58	0	-8.9	orig=-7.1R|orig.time=7:00AM|orig.date=1867-02-19
1867	2	19	9	58	0	-5.5	orig=-4.4R|orig.time=Noon|orig.date=1867-02-19
1867	2	19	11	58	0	-3.9	orig=-3.1R|orig.time=2:00PM|orig.date=1867-02-19
1867	2	19	18	58	0	-6.9	orig=-5.5R|orig.time=9:00PM|orig.date=1867-02-19
1867	2	20	4	58	0	-7.8	orig=-6.2R|orig.time=7:00AM|orig.date=1867-02-20
1867	2	20	9	58	0	0.2	orig=0.2R|orig.time=Noon|orig.date=1867-02-20
1867	2	20	11	58	0	1.9	orig=1.5R|orig.time=2:00PM|orig.date=1867-02-20
1867	2	20	18	58	0	-0.9	orig=-0.7R|orig.time=9:00PM|orig.date=1867-02-20
1867	2	21	4	58	0	-4.4	orig=-3.5R|orig.time=7:00AM|orig.date=1867-02-21
1867	2	21	9	58	0	3.4	orig=2.7R|orig.time=Noon|orig.date=1867-02-21
1867	2	21	11	58	0	4	orig=3.2R|orig.time=2:00PM|orig.date=1867-02-21
1867	2	21	18	58	0	1.2	orig=1R|orig.time=9:00PM|orig.date=1867-02-21
1867	2	22	4	58	0	1.8	orig=1.4R|orig.time=7:00AM|orig.date=1867-02-22
1867	2	22	9	58	0	4.1	orig=3.3R|orig.time=Noon|orig.date=1867-02-22
1867	2	22	11	58	0	3.5	orig=2.8R|orig.time=2:00PM|orig.date=1867-02-22
1867	2	22	18	58	0	2.1	orig=1.7R|orig.time=9:00PM|orig.date=1867-02-22
1867	2	23	4	58	0	1.9	orig=1.5R|orig.time=7:00AM|orig.date=1867-02-23
1867	2	23	9	58	0	4	orig=3.2R|orig.time=Noon|orig.date=1867-02-23
1867	2	23	11	58	0	2.9	orig=2.3R|orig.time=2:00PM|orig.date=1867-02-23
1867	2	23	18	58	0	1	orig=0.8R|orig.time=9:00PM|orig.date=1867-02-23
1867	2	24	4	58	0	-6.8	orig=-5.4R|orig.time=7:00AM|orig.date=1867-02-24
1867	2	24	9	58	0	-6.1	orig=-4.9R|orig.time=Noon|orig.date=1867-02-24
1867	2	24	11	58	0	-2	orig=-1.6R|orig.time=2:00PM|orig.date=1867-02-24
1867	2	24	18	58	0	-8.2	orig=-6.6R|orig.time=9:00PM|orig.date=1867-02-24
1867	2	25	4	58	0	-12.2	orig=-9.8R|orig.time=7:00AM|orig.date=1867-02-25
1867	2	25	9	58	0	-6.9	orig=-5.5R|orig.time=Noon|orig.date=1867-02-25
1867	2	25	11	58	0	-5.4	orig=-4.3R|orig.time=2:00PM|orig.date=1867-02-25
1867	2	25	18	58	0	-6.8	orig=-5.4R|orig.time=9:00PM|orig.date=1867-02-25
1867	2	26	4	58	0	-6.4	orig=-5.1R|orig.time=7:00AM|orig.date=1867-02-26
1867	2	26	9	58	0	-3	orig=-2.4R|orig.time=Noon|orig.date=1867-02-26
1867	2	26	11	58	0	-3.4	orig=-2.7R|orig.time=2:00PM|orig.date=1867-02-26
1867	2	26	18	58	0	-6.2	orig=-5R|orig.time=9:00PM|orig.date=1867-02-26
1867	2	27	4	58	0	-7.4	orig=-5.9R|orig.time=7:00AM|orig.date=1867-02-27
1867	2	27	9	58	0	-6.2	orig=-5R|orig.time=Noon|orig.date=1867-02-27
1867	2	27	11	58	0	-7	orig=-5.6R|orig.time=2:00PM|orig.date=1867-02-27
1867	2	27	18	58	0	-7.9	orig=-6.3R|orig.time=9:00PM|orig.date=1867-02-27
1867	2	28	4	58	0	-12.8	orig=-10.2R|orig.time=7:00AM|orig.date=1867-02-28
1867	2	28	9	58	0	-8.9	orig=-7.1R|orig.time=Noon|orig.date=1867-02-28
1867	2	28	11	58	0	-7.6	orig=-6.1R|orig.time=2:00PM|orig.date=1867-02-28
1867	2	28	18	58	0	-10.2	orig=-8.2R|orig.time=9:00PM|orig.date=1867-02-28
1867	3	1	4	58	0	-16.1	orig=-12.9R|orig.time=7:00AM|orig.date=1867-03-01
1867	3	1	9	58	0	-8.9	orig=-7.1R|orig.time=Noon|orig.date=1867-03-01
1867	3	1	11	58	0	-7.1	orig=-5.7R|orig.time=2:00PM|orig.date=1867-03-01
1867	3	1	18	58	0	-11.6	orig=-9.3R|orig.time=9:00PM|orig.date=1867-03-01
1867	3	2	4	58	0	-9	orig=-7.2R|orig.time=7:00AM|orig.date=1867-03-02
1867	3	2	9	58	0	-4.1	orig=-3.3R|orig.time=Noon|orig.date=1867-03-02
1867	3	2	11	58	0	-4.4	orig=-3.5R|orig.time=2:00PM|orig.date=1867-03-02
1867	3	2	18	58	0	-7.4	orig=-5.9R|orig.time=9:00PM|orig.date=1867-03-02
1867	3	3	4	58	0	-12.2	orig=-9.8R|orig.time=7:00AM|orig.date=1867-03-03
1867	3	3	9	58	0	-10.6	orig=-8.5R|orig.time=Noon|orig.date=1867-03-03
1867	3	3	11	58	0	-11.1	orig=-8.9R|orig.time=2:00PM|orig.date=1867-03-03
1867	3	3	18	58	0	-13.1	orig=-10.5R|orig.time=9:00PM|orig.date=1867-03-03
1867	3	4	4	58	0	-9.4	orig=-7.5R|orig.time=7:00AM|orig.date=1867-03-04
1867	3	4	9	58	0	-6.2	orig=-5R|orig.time=Noon|orig.date=1867-03-04
1867	3	4	11	58	0	-6	orig=-4.8R|orig.time=2:00PM|orig.date=1867-03-04
1867	3	4	18	58	0	-9.4	orig=-7.5R|orig.time=9:00PM|orig.date=1867-03-04
1867	3	5	4	58	0	-12.8	orig=-10.2R|orig.time=7:00AM|orig.date=1867-03-05
1867	3	5	9	58	0	-6.8	orig=-5.4R|orig.time=Noon|orig.date=1867-03-05
1867	3	5	11	58	0	-6.6	orig=-5.3R|orig.time=2:00PM|orig.date=1867-03-05
1867	3	5	18	58	0	-12.1	orig=-9.7R|orig.time=9:00PM|orig.date=1867-03-05
1867	3	6	4	58	0	-12.9	orig=-10.3R|orig.time=7:00AM|orig.date=1867-03-06
1867	3	6	9	58	0	-10.5	orig=-8.4R|orig.time=Noon|orig.date=1867-03-06
1867	3	6	11	58	0	-10.1	orig=-8.1R|orig.time=2:00PM|orig.date=1867-03-06
1867	3	6	18	58	0	-14.4	orig=-11.5R|orig.time=9:00PM|orig.date=1867-03-06
1867	3	7	4	58	0	-17.1	orig=-13.7R|orig.time=7:00AM|orig.date=1867-03-07
1867	3	7	9	58	0	-6.6	orig=-5.3R|orig.time=Noon|orig.date=1867-03-07
1867	3	7	11	58	0	-6	orig=-4.8R|orig.time=2:00PM|orig.date=1867-03-07
1867	3	7	18	58	0	-9.1	orig=-7.3R|orig.time=9:00PM|orig.date=1867-03-07
1867	3	8	4	58	0	-12.8	orig=-10.2R|orig.time=7:00AM|orig.date=1867-03-08
1867	3	8	9	58	0	-3.4	orig=-2.7R|orig.time=Noon|orig.date=1867-03-08
1867	3	8	11	58	0	-1.8	orig=-1.4R|orig.time=2:00PM|orig.date=1867-03-08
1867	3	8	18	58	0	-4.4	orig=-3.5R|orig.time=9:00PM|orig.date=1867-03-08
1867	3	9	4	58	0	-2.4	orig=-1.9R|orig.time=7:00AM|orig.date=1867-03-09
1867	3	9	9	58	0	0.6	orig=0.5R|orig.time=Noon|orig.date=1867-03-09
1867	3	9	11	58	0	1.6	orig=1.3R|orig.time=2:00PM|orig.date=1867-03-09
1867	3	9	18	58	0	0.5	orig=0.4R|orig.time=9:00PM|orig.date=1867-03-09
1867	3	10	4	58	0	-8.2	orig=-6.6R|orig.time=7:00AM|orig.date=1867-03-10
1867	3	10	9	58	0	-6.4	orig=-5.1R|orig.time=Noon|orig.date=1867-03-10
1867	3	10	11	58	0	-6.8	orig=-5.4R|orig.time=2:00PM|orig.date=1867-03-10
1867	3	10	18	58	0	-7.5	orig=-6R|orig.time=9:00PM|orig.date=1867-03-10
1867	3	11	4	58	0	-12.1	orig=-9.7R|orig.time=7:00AM|orig.date=1867-03-11
1867	3	11	9	58	0	-3.6	orig=-2.9R|orig.time=Noon|orig.date=1867-03-11
1867	3	11	11	58	0	-3.5	orig=-2.8R|orig.time=2:00PM|orig.date=1867-03-11
1867	3	11	18	58	0	-4.6	orig=-3.7R|orig.time=9:00PM|orig.date=1867-03-11
1867	3	12	4	58	0	-1.6	orig=-1.3R|orig.time=7:00AM|orig.date=1867-03-12
1867	3	12	9	58	0	2.5	orig=2R|orig.time=Noon|orig.date=1867-03-12
1867	3	12	11	58	0	2.5	orig=2R|orig.time=2:00PM|orig.date=1867-03-12
1867	3	12	18	58	0	-0.9	orig=-0.7R|orig.time=9:00PM|orig.date=1867-03-12
1867	3	13	4	58	0	-13.5	orig=-10.8R|orig.time=7:00AM|orig.date=1867-03-13
1867	3	13	9	58	0	-12.1	orig=-9.7R|orig.time=Noon|orig.date=1867-03-13
1867	3	13	11	58	0	-11.9	orig=-9.5R|orig.time=2:00PM|orig.date=1867-03-13
1867	3	13	18	58	0	-15.6	orig=-12.5R|orig.time=9:00PM|orig.date=1867-03-13
1867	3	14	4	58	0	-15.6	orig=-12.5R|orig.time=7:00AM|orig.date=1867-03-14
1867	3	14	9	58	0	-8.1	orig=-6.5R|orig.time=Noon|orig.date=1867-03-14
1867	3	14	11	58	0	-6.6	orig=-5.3R|orig.time=2:00PM|orig.date=1867-03-14
1867	3	14	18	58	0	-12	orig=-9.6R|orig.time=9:00PM|orig.date=1867-03-14
1867	3	15	4	58	0	-12.9	orig=-10.3R|orig.time=7:00AM|orig.date=1867-03-15
1867	3	15	9	58	0	-4.9	orig=-3.9R|orig.time=Noon|orig.date=1867-03-15
1867	3	15	11	58	0	-2.9	orig=-2.3R|orig.time=2:00PM|orig.date=1867-03-15
1867	3	15	18	58	0	-4.8	orig=-3.8R|orig.time=9:00PM|orig.date=1867-03-15
1867	3	16	4	58	0	-2.4	orig=-1.9R|orig.time=7:00AM|orig.date=1867-03-16
1867	3	16	9	58	0	0.9	orig=0.7R|orig.time=Noon|orig.date=1867-03-16
1867	3	16	11	58	0	2.6	orig=2.1R|orig.time=2:00PM|orig.date=1867-03-16
1867	3	16	18	58	0	-2.6	orig=-2.1R|orig.time=9:00PM|orig.date=1867-03-16
1867	3	17	4	58	0	-9.9	orig=-7.9R|orig.time=7:00AM|orig.date=1867-03-17
1867	3	17	9	58	0	-7.4	orig=-5.9R|orig.time=Noon|orig.date=1867-03-17
1867	3	17	11	58	0	-6.1	orig=-4.9R|orig.time=2:00PM|orig.date=1867-03-17
1867	3	17	18	58	0	-9.9	orig=-7.9R|orig.time=9:00PM|orig.date=1867-03-17
1867	3	18	4	58	0	-12.2	orig=-9.8R|orig.time=7:00AM|orig.date=1867-03-18
1867	3	18	9	58	0	-11.2	orig=-9R|orig.time=Noon|orig.date=1867-03-18
1867	3	18	11	58	0	-11.2	orig=-9R|orig.time=2:00PM|orig.date=1867-03-18
1867	3	18	18	58	0	-12.9	orig=-10.3R|orig.time=9:00PM|orig.date=1867-03-18
1867	3	19	4	58	0	-15.4	orig=-12.3R|orig.time=7:00AM|orig.date=1867-03-19
1867	3	19	9	58	0	-9.9	orig=-7.9R|orig.time=Noon|orig.date=1867-03-19
1867	3	19	11	58	0	-8.4	orig=-6.7R|orig.time=2:00PM|orig.date=1867-03-19
1867	3	19	18	58	0	-10	orig=-8R|orig.time=9:00PM|orig.date=1867-03-19
1867	3	20	4	58	0	-12.8	orig=-10.2R|orig.time=7:00AM|orig.date=1867-03-20
1867	3	20	9	58	0	-6	orig=-4.8R|orig.time=Noon|orig.date=1867-03-20
1867	3	20	11	58	0	-6.1	orig=-4.9R|orig.time=2:00PM|orig.date=1867-03-20
1867	3	20	18	58	0	-9.5	orig=-7.6R|orig.time=9:00PM|orig.date=1867-03-20
1867	3	21	4	58	0	-5.8	orig=-4.6R|orig.time=7:00AM|orig.date=1867-03-21
1867	3	21	9	58	0	1.9	orig=1.5R|orig.time=Noon|orig.date=1867-03-21
1867	3	21	11	58	0	3.4	orig=2.7R|orig.time=2:00PM|orig.date=1867-03-21
1867	3	21	18	58	0	-0.2	orig=-0.2R|orig.time=9:00PM|orig.date=1867-03-21
1867	3	22	4	58	0	0.1	orig=0.1R|orig.time=7:00AM|orig.date=1867-03-22
1867	3	22	9	58	0	2.4	orig=1.9R|orig.time=Noon|orig.date=1867-03-22
1867	3	22	11	58	0	2.8	orig=2.2R|orig.time=2:00PM|orig.date=1867-03-22
1867	3	22	18	58	0	-4.2	orig=-3.4R|orig.time=9:00PM|orig.date=1867-03-22
1867	3	23	4	58	0	-6.9	orig=-5.5R|orig.time=7:00AM|orig.date=1867-03-23
1867	3	23	9	58	0	-1.4	orig=-1.1R|orig.time=Noon|orig.date=1867-03-23
1867	3	23	11	58	0	-0.4	orig=-0.3R|orig.time=2:00PM|orig.date=1867-03-23
1867	3	23	18	58	0	-4	orig=-3.2R|orig.time=9:00PM|orig.date=1867-03-23
1867	3	24	4	58	0	-6.6	orig=-5.3R|orig.time=7:00AM|orig.date=1867-03-24
1867	3	24	9	58	0	-2.1	orig=-1.7R|orig.time=Noon|orig.date=1867-03-24
1867	3	24	11	58	0	-0.4	orig=-0.3R|orig.time=2:00PM|orig.date=1867-03-24
1867	3	24	18	58	0	-3.6	orig=-2.9R|orig.time=9:00PM|orig.date=1867-03-24
1867	3	25	4	58	0	-8.1	orig=-6.5R|orig.time=7:00AM|orig.date=1867-03-25
1867	3	25	9	58	0	-2.6	orig=-2.1R|orig.time=Noon|orig.date=1867-03-25
1867	3	25	11	58	0	-1.6	orig=-1.3R|orig.time=2:00PM|orig.date=1867-03-25
1867	3	25	18	58	0	-5.5	orig=-4.4R|orig.time=9:00PM|orig.date=1867-03-25
1867	3	26	4	58	0	-8	orig=-6.4R|orig.time=7:00AM|orig.date=1867-03-26
1867	3	26	9	58	0	-1.2	orig=-1R|orig.time=Noon|orig.date=1867-03-26
1867	3	26	11	58	0	0.9	orig=0.7R|orig.time=2:00PM|orig.date=1867-03-26
1867	3	26	18	58	0	-5.1	orig=-4.1R|orig.time=9:00PM|orig.date=1867-03-26
1867	3	27	4	58	0	-5.9	orig=-4.7R|orig.time=7:00AM|orig.date=1867-03-27
1867	3	27	9	58	0	-0.4	orig=-0.3R|orig.time=Noon|orig.date=1867-03-27
1867	3	27	11	58	0	0.6	orig=0.5R|orig.time=2:00PM|orig.date=1867-03-27
1867	3	27	18	58	0	-0.1	orig=-0.1R|orig.time=9:00PM|orig.date=1867-03-27
1867	3	28	4	58	0	-1.4	orig=-1.1R|orig.time=7:00AM|orig.date=1867-03-28
1867	3	28	9	58	0	2.2	orig=1.8R|orig.time=Noon|orig.date=1867-03-28
1867	3	28	11	58	0	2.5	orig=2R|orig.time=2:00PM|orig.date=1867-03-28
1867	3	28	18	58	0	-0.2	orig=-0.2R|orig.time=9:00PM|orig.date=1867-03-28
1867	3	29	4	58	0	0.1	orig=0.1R|orig.time=7:00AM|orig.date=1867-03-29
1867	3	29	9	58	0	2.1	orig=1.7R|orig.time=Noon|orig.date=1867-03-29
1867	3	29	11	58	0	2.5	orig=2R|orig.time=2:00PM|orig.date=1867-03-29
1867	3	29	18	58	0	2.4	orig=1.9R|orig.time=9:00PM|orig.date=1867-03-29
1867	3	30	4	58	0	3.1	orig=2.5R|orig.time=7:00AM|orig.date=1867-03-30
1867	3	30	9	58	0	5.9	orig=4.7R|orig.time=Noon|orig.date=1867-03-30
1867	3	30	11	58	0	6.2	orig=5R|orig.time=2:00PM|orig.date=1867-03-30
1867	3	30	18	58	0	3.4	orig=2.7R|orig.time=9:00PM|orig.date=1867-03-30
1867	3	31	4	58	0	3.6	orig=2.9R|orig.time=7:00AM|orig.date=1867-03-31
1867	3	31	9	58	0	12.4	orig=9.9R|orig.time=Noon|orig.date=1867-03-31
1867	3	31	11	58	0	12.1	orig=9.7R|orig.time=2:00PM|orig.date=1867-03-31
1867	3	31	18	58	0	5.4	orig=4.3R|orig.time=9:00PM|orig.date=1867-03-31
1867	4	1	4	58	0	2.4	orig=1.9R|orig.time=7:00AM|orig.date=1867-04-01
1867	4	1	9	58	0	5.9	orig=4.7R|orig.time=Noon|orig.date=1867-04-01
1867	4	1	11	58	0	6.6	orig=5.3R|orig.time=2:00PM|orig.date=1867-04-01
1867	4	1	18	58	0	2.8	orig=2.2R|orig.time=9:00PM|orig.date=1867-04-01
1867	4	2	4	58	0	2.4	orig=1.9R|orig.time=7:00AM|orig.date=1867-04-02
1867	4	2	9	58	0	7.1	orig=5.7R|orig.time=Noon|orig.date=1867-04-02
1867	4	2	11	58	0	7.6	orig=6.1R|orig.time=2:00PM|orig.date=1867-04-02
1867	4	2	18	58	0	2.5	orig=2R|orig.time=9:00PM|orig.date=1867-04-02
1867	4	3	4	58	0	1	orig=0.8R|orig.time=7:00AM|orig.date=1867-04-03
1867	4	3	9	58	0	8.4	orig=6.7R|orig.time=Noon|orig.date=1867-04-03
1867	4	3	11	58	0	9.2	orig=7.4R|orig.time=2:00PM|orig.date=1867-04-03
1867	4	3	18	58	0	2.8	orig=2.2R|orig.time=9:00PM|orig.date=1867-04-03
1867	4	4	4	58	0	3.2	orig=2.6R|orig.time=7:00AM|orig.date=1867-04-04
1867	4	4	9	58	0	7.6	orig=6.1R|orig.time=Noon|orig.date=1867-04-04
1867	4	4	11	58	0	8.1	orig=6.5R|orig.time=2:00PM|orig.date=1867-04-04
1867	4	4	18	58	0	3.1	orig=2.5R|orig.time=9:00PM|orig.date=1867-04-04
1867	4	5	4	58	0	0.4	orig=0.3R|orig.time=7:00AM|orig.date=1867-04-05
1867	4	5	9	58	0	6.9	orig=5.5R|orig.time=Noon|orig.date=1867-04-05
1867	4	5	11	58	0	9	orig=7.2R|orig.time=2:00PM|orig.date=1867-04-05
1867	4	5	18	58	0	5.4	orig=4.3R|orig.time=9:00PM|orig.date=1867-04-05
1867	4	6	4	58	0	-1.9	orig=-1.5R|orig.time=7:00AM|orig.date=1867-04-06
1867	4	6	9	58	0	1.4	orig=1.1R|orig.time=Noon|orig.date=1867-04-06
1867	4	6	11	58	0	1.9	orig=1.5R|orig.time=2:00PM|orig.date=1867-04-06
1867	4	6	18	58	0	-1.9	orig=-1.5R|orig.time=9:00PM|orig.date=1867-04-06
1867	4	7	4	58	0	1.2	orig=1R|orig.time=7:00AM|orig.date=1867-04-07
1867	4	7	9	58	0	2.5	orig=2R|orig.time=Noon|orig.date=1867-04-07
1867	4	7	11	58	0	4.5	orig=3.6R|orig.time=2:00PM|orig.date=1867-04-07
1867	4	7	18	58	0	-0.1	orig=-0.1R|orig.time=9:00PM|orig.date=1867-04-07
1867	4	8	4	58	0	-1.8	orig=-1.4R|orig.time=7:00AM|orig.date=1867-04-08
1867	4	8	9	58	0	-0.6	orig=-0.5R|orig.time=Noon|orig.date=1867-04-08
1867	4	8	11	58	0	0.6	orig=0.5R|orig.time=2:00PM|orig.date=1867-04-08
1867	4	8	18	58	0	-3	orig=-2.4R|orig.time=9:00PM|orig.date=1867-04-08
1867	4	9	4	58	0	-0.1	orig=-0.1R|orig.time=7:00AM|orig.date=1867-04-09
1867	4	9	9	58	0	2.4	orig=1.9R|orig.time=Noon|orig.date=1867-04-09
1867	4	9	11	58	0	2.6	orig=2.1R|orig.time=2:00PM|orig.date=1867-04-09
1867	4	9	18	58	0	3.6	orig=2.9R|orig.time=9:00PM|orig.date=1867-04-09
1867	4	10	4	58	0	4.5	orig=3.6R|orig.time=7:00AM|orig.date=1867-04-10
1867	4	10	9	58	0	8.6	orig=6.9R|orig.time=Noon|orig.date=1867-04-10
1867	4	10	11	58	0	8.8	orig=7R|orig.time=2:00PM|orig.date=1867-04-10
1867	4	10	18	58	0	0.4	orig=0.3R|orig.time=9:00PM|orig.date=1867-04-10
1867	4	11	4	58	0	1.4	orig=1.1R|orig.time=7:00AM|orig.date=1867-04-11
1867	4	11	9	58	0	4.9	orig=3.9R|orig.time=Noon|orig.date=1867-04-11
1867	4	11	11	58	0	5.1	orig=4.1R|orig.time=2:00PM|orig.date=1867-04-11
1867	4	11	18	58	0	-0.9	orig=-0.7R|orig.time=9:00PM|orig.date=1867-04-11
1867	4	12	4	58	0	3.2	orig=2.6R|orig.time=7:00AM|orig.date=1867-04-12
1867	4	12	9	58	0	6.2	orig=5R|orig.time=Noon|orig.date=1867-04-12
1867	4	12	11	58	0	8.4	orig=6.7R|orig.time=2:00PM|orig.date=1867-04-12
1867	4	12	18	58	0	1.9	orig=1.5R|orig.time=9:00PM|orig.date=1867-04-12
1867	4	13	4	58	0	-0.6	orig=-0.5R|orig.time=7:00AM|orig.date=1867-04-13
1867	4	13	9	58	0	0.5	orig=0.4R|orig.time=Noon|orig.date=1867-04-13
1867	4	13	11	58	0	3.2	orig=2.6R|orig.time=2:00PM|orig.date=1867-04-13
1867	4	13	18	58	0	1	orig=0.8R|orig.time=9:00PM|orig.date=1867-04-13
1867	4	14	4	58	0	0.4	orig=0.3R|orig.time=7:00AM|orig.date=1867-04-14
1867	4	14	9	58	0	7.1	orig=5.7R|orig.time=Noon|orig.date=1867-04-14
1867	4	14	11	58	0	7.2	orig=5.8R|orig.time=2:00PM|orig.date=1867-04-14
1867	4	14	18	58	0	-0.4	orig=-0.3R|orig.time=9:00PM|orig.date=1867-04-14
1867	4	15	4	58	0	1.5	orig=1.2R|orig.time=7:00AM|orig.date=1867-04-15
1867	4	15	9	58	0	9.4	orig=7.5R|orig.time=Noon|orig.date=1867-04-15
1867	4	15	11	58	0	12	orig=9.6R|orig.time=2:00PM|orig.date=1867-04-15
1867	4	15	18	58	0	10.4	orig=8.3R|orig.time=9:00PM|orig.date=1867-04-15
1867	4	16	4	58	0	7.5	orig=6R|orig.time=7:00AM|orig.date=1867-04-16
1867	4	16	9	58	0	14.1	orig=11.3R|orig.time=Noon|orig.date=1867-04-16
1867	4	16	11	58	0	15	orig=12R|orig.time=2:00PM|orig.date=1867-04-16
1867	4	16	18	58	0	6.2	orig=5R|orig.time=9:00PM|orig.date=1867-04-16
1867	4	17	4	58	0	5.4	orig=4.3R|orig.time=7:00AM|orig.date=1867-04-17
1867	4	17	9	58	0	10.8	orig=8.6R|orig.time=Noon|orig.date=1867-04-17
1867	4	17	11	58	0	11.9	orig=9.5R|orig.time=2:00PM|orig.date=1867-04-17
1867	4	17	18	58	0	3.9	orig=3.1R|orig.time=9:00PM|orig.date=1867-04-17
1867	4	18	4	58	0	4.4	orig=3.5R|orig.time=7:00AM|orig.date=1867-04-18
1867	4	18	9	58	0	7.1	orig=5.7R|orig.time=Noon|orig.date=1867-04-18
1867	4	18	11	58	0	9	orig=7.2R|orig.time=2:00PM|orig.date=1867-04-18
1867	4	18	18	58	0	4.6	orig=3.7R|orig.time=9:00PM|orig.date=1867-04-18
1867	4	19	4	58	0	2.4	orig=1.9R|orig.time=7:00AM|orig.date=1867-04-19
1867	4	19	9	58	0	4.8	orig=3.8R|orig.time=Noon|orig.date=1867-04-19
1867	4	19	11	58	0	6.8	orig=5.4R|orig.time=2:00PM|orig.date=1867-04-19
1867	4	19	18	58	0	2.8	orig=2.2R|orig.time=9:00PM|orig.date=1867-04-19
1867	4	20	4	58	0	3.9	orig=3.1R|orig.time=7:00AM|orig.date=1867-04-20
1867	4	20	9	58	0	13.1	orig=10.5R|orig.time=Noon|orig.date=1867-04-20
1867	4	20	11	58	0	11.9	orig=9.5R|orig.time=2:00PM|orig.date=1867-04-20
1867	4	20	18	58	0	9	orig=7.2R|orig.time=9:00PM|orig.date=1867-04-20
1867	4	21	4	58	0	9.2	orig=7.4R|orig.time=7:00AM|orig.date=1867-04-21
1867	4	21	9	58	0	18.8	orig=15R|orig.time=Noon|orig.date=1867-04-21
1867	4	21	11	58	0	20.1	orig=16.1R|orig.time=2:00PM|orig.date=1867-04-21
1867	4	21	18	58	0	13.6	orig=10.9R|orig.time=9:00PM|orig.date=1867-04-21
1867	4	22	4	58	0	13.4	orig=10.7R|orig.time=7:00AM|orig.date=1867-04-22
1867	4	22	9	58	0	23.1	orig=18.5R|orig.time=Noon|orig.date=1867-04-22
1867	4	22	11	58	0	24.6	orig=19.7R|orig.time=2:00PM|orig.date=1867-04-22
1867	4	22	18	58	0	18.1	orig=14.5R|orig.time=9:00PM|orig.date=1867-04-22
1867	4	23	4	58	0	12.8	orig=10.2R|orig.time=7:00AM|orig.date=1867-04-23
1867	4	23	9	58	0	15	orig=12R|orig.time=Noon|orig.date=1867-04-23
1867	4	23	11	58	0	11.4	orig=9.1R|orig.time=2:00PM|orig.date=1867-04-23
1867	4	23	18	58	0	9.4	orig=7.5R|orig.time=9:00PM|orig.date=1867-04-23
1867	4	24	4	58	0	9.6	orig=7.7R|orig.time=7:00AM|orig.date=1867-04-24
1867	4	24	9	58	0	13.9	orig=11.1R|orig.time=Noon|orig.date=1867-04-24
1867	4	24	11	58	0	15.9	orig=12.7R|orig.time=2:00PM|orig.date=1867-04-24
1867	4	24	18	58	0	7.1	orig=5.7R|orig.time=9:00PM|orig.date=1867-04-24
1867	4	25	4	58	0	11.8	orig=9.4R|orig.time=7:00AM|orig.date=1867-04-25
1867	4	25	9	58	0	19.1	orig=15.3R|orig.time=Noon|orig.date=1867-04-25
1867	4	25	11	58	0	20.1	orig=16.1R|orig.time=2:00PM|orig.date=1867-04-25
1867	4	25	18	58	0	13.4	orig=10.7R|orig.time=9:00PM|orig.date=1867-04-25
1867	4	26	4	58	0	13.1	orig=10.5R|orig.time=7:00AM|orig.date=1867-04-26
1867	4	26	9	58	0	24.4	orig=19.5R|orig.time=Noon|orig.date=1867-04-26
1867	4	26	11	58	0	24.1	orig=19.3R|orig.time=2:00PM|orig.date=1867-04-26
1867	4	26	18	58	0	13.9	orig=11.1R|orig.time=9:00PM|orig.date=1867-04-26
1867	4	27	4	58	0	12.6	orig=10.1R|orig.time=7:00AM|orig.date=1867-04-27
1867	4	27	9	58	0	12.5	orig=10R|orig.time=Noon|orig.date=1867-04-27
1867	4	27	11	58	0	12.8	orig=10.2R|orig.time=2:00PM|orig.date=1867-04-27
1867	4	27	18	58	0	9.9	orig=7.9R|orig.time=9:00PM|orig.date=1867-04-27
1867	4	28	4	58	0	6.8	orig=5.4R|orig.time=7:00AM|orig.date=1867-04-28
1867	4	28	9	58	0	12.1	orig=9.7R|orig.time=Noon|orig.date=1867-04-28
1867	4	28	11	58	0	12.4	orig=9.9R|orig.time=2:00PM|orig.date=1867-04-28
1867	4	28	18	58	0	5.4	orig=4.3R|orig.time=9:00PM|orig.date=1867-04-28
1867	4	29	4	58	0	3.8	orig=3R|orig.time=7:00AM|orig.date=1867-04-29
1867	4	29	9	58	0	6.5	orig=5.2R|orig.time=Noon|orig.date=1867-04-29
1867	4	29	11	58	0	8.9	orig=7.1R|orig.time=2:00PM|orig.date=1867-04-29
1867	4	29	18	58	0	6.6	orig=5.3R|orig.time=9:00PM|orig.date=1867-04-29
1867	4	30	4	58	0	7.6	orig=6.1R|orig.time=7:00AM|orig.date=1867-04-30
1867	4	30	9	58	0	11.6	orig=9.3R|orig.time=Noon|orig.date=1867-04-30
1867	4	30	11	58	0	14.1	orig=11.3R|orig.time=2:00PM|orig.date=1867-04-30
1867	4	30	18	58	0	11.4	orig=9.1R|orig.time=9:00PM|orig.date=1867-04-30
1867	5	1	4	58	0	10.4	orig=8.3R|orig.time=7:00AM|orig.date=1867-05-01
1867	5	1	9	58	0	18.4	orig=14.7R|orig.time=Noon|orig.date=1867-05-01
1867	5	1	11	58	0	19.1	orig=15.3R|orig.time=2:00PM|orig.date=1867-05-01
1867	5	1	18	58	0	14	orig=11.2R|orig.time=9:00PM|orig.date=1867-05-01
1867	5	2	4	58	0	14	orig=11.2R|orig.time=7:00AM|orig.date=1867-05-02
1867	5	2	9	58	0	21.4	orig=17.1R|orig.time=Noon|orig.date=1867-05-02
1867	5	2	11	58	0	22.1	orig=17.7R|orig.time=2:00PM|orig.date=1867-05-02
1867	5	2	18	58	0	11.8	orig=9.4R|orig.time=9:00PM|orig.date=1867-05-02
1867	5	3	4	58	0	13.9	orig=11.1R|orig.time=7:00AM|orig.date=1867-05-03
1867	5	3	9	58	0	20.9	orig=16.7R|orig.time=Noon|orig.date=1867-05-03
1867	5	3	11	58	0	21.2	orig=17R|orig.time=2:00PM|orig.date=1867-05-03
1867	5	3	18	58	0	15	orig=12R|orig.time=9:00PM|orig.date=1867-05-03
1867	5	4	4	58	0	15.1	orig=12.1R|orig.time=7:00AM|orig.date=1867-05-04
1867	5	4	9	58	0	22.1	orig=17.7R|orig.time=Noon|orig.date=1867-05-04
1867	5	4	11	58	0	22.5	orig=18R|orig.time=2:00PM|orig.date=1867-05-04
1867	5	4	18	58	0	16.6	orig=13.3R|orig.time=9:00PM|orig.date=1867-05-04
1867	5	5	4	58	0	15.9	orig=12.7R|orig.time=7:00AM|orig.date=1867-05-05
1867	5	5	9	58	0	22.1	orig=17.7R|orig.time=Noon|orig.date=1867-05-05
1867	5	5	11	58	0	21.5	orig=17.2R|orig.time=2:00PM|orig.date=1867-05-05
1867	5	5	18	58	0	13.1	orig=10.5R|orig.time=9:00PM|orig.date=1867-05-05
1867	5	6	4	58	0	10.9	orig=8.7R|orig.time=7:00AM|orig.date=1867-05-06
1867	5	6	9	58	0	11.9	orig=9.5R|orig.time=Noon|orig.date=1867-05-06
1867	5	6	11	58	0	12.9	orig=10.3R|orig.time=2:00PM|orig.date=1867-05-06
1867	5	6	18	58	0	9	orig=7.2R|orig.time=9:00PM|orig.date=1867-05-06
1867	5	7	4	58	0	6.1	orig=4.9R|orig.time=7:00AM|orig.date=1867-05-07
1867	5	7	9	58	0	7.5	orig=6R|orig.time=Noon|orig.date=1867-05-07
1867	5	7	11	58	0	8.6	orig=6.9R|orig.time=2:00PM|orig.date=1867-05-07
1867	5	7	18	58	0	6.1	orig=4.9R|orig.time=9:00PM|orig.date=1867-05-07
1867	5	8	4	58	0	8.6	orig=6.9R|orig.time=7:00AM|orig.date=1867-05-08
1867	5	8	9	58	0	17.1	orig=13.7R|orig.time=Noon|orig.date=1867-05-08
1867	5	8	11	58	0	18.6	orig=14.9R|orig.time=2:00PM|orig.date=1867-05-08
1867	5	8	18	58	0	13.9	orig=11.1R|orig.time=9:00PM|orig.date=1867-05-08
1867	5	9	4	58	0	13.1	orig=10.5R|orig.time=7:00AM|orig.date=1867-05-09
1867	5	9	9	58	0	11.1	orig=8.9R|orig.time=Noon|orig.date=1867-05-09
1867	5	9	11	58	0	11.6	orig=9.3R|orig.time=2:00PM|orig.date=1867-05-09
1867	5	9	18	58	0	8.1	orig=6.5R|orig.time=9:00PM|orig.date=1867-05-09
1867	5	10	4	58	0	8.4	orig=6.7R|orig.time=7:00AM|orig.date=1867-05-10
1867	5	10	9	58	0	9.6	orig=7.7R|orig.time=Noon|orig.date=1867-05-10
1867	5	10	11	58	0	8.1	orig=6.5R|orig.time=2:00PM|orig.date=1867-05-10
1867	5	10	18	58	0	3.9	orig=3.1R|orig.time=9:00PM|orig.date=1867-05-10
1867	5	11	4	58	0	5	orig=4R|orig.time=7:00AM|orig.date=1867-05-11
1867	5	11	9	58	0	11.6	orig=9.3R|orig.time=Noon|orig.date=1867-05-11
1867	5	11	11	58	0	11.2	orig=9R|orig.time=2:00PM|orig.date=1867-05-11
1867	5	11	18	58	0	8.1	orig=6.5R|orig.time=9:00PM|orig.date=1867-05-11
1867	5	12	4	58	0	13.4	orig=10.7R|orig.time=7:00AM|orig.date=1867-05-12
1867	5	12	9	58	0	15	orig=12R|orig.time=Noon|orig.date=1867-05-12
1867	5	12	11	58	0	16.1	orig=12.9R|orig.time=2:00PM|orig.date=1867-05-12
1867	5	12	18	58	0	6.6	orig=5.3R|orig.time=9:00PM|orig.date=1867-05-12
1867	5	13	4	58	0	11.9	orig=9.5R|orig.time=7:00AM|orig.date=1867-05-13
1867	5	13	9	58	0	21	orig=16.8R|orig.time=Noon|orig.date=1867-05-13
1867	5	13	11	58	0	25.4	orig=20.3R|orig.time=2:00PM|orig.date=1867-05-13
1867	5	13	18	58	0	16.1	orig=12.9R|orig.time=9:00PM|orig.date=1867-05-13
1867	5	14	4	58	0	11.9	orig=9.5R|orig.time=7:00AM|orig.date=1867-05-14
1867	5	14	9	58	0	18.9	orig=15.1R|orig.time=Noon|orig.date=1867-05-14
1867	5	14	11	58	0	22.4	orig=17.9R|orig.time=2:00PM|orig.date=1867-05-14
1867	5	14	18	58	0	18.1	orig=14.5R|orig.time=9:00PM|orig.date=1867-05-14
1867	5	15	4	58	0	16.5	orig=13.2R|orig.time=7:00AM|orig.date=1867-05-15
1867	5	15	9	58	0	13.2	orig=10.6R|orig.time=Noon|orig.date=1867-05-15
1867	5	15	11	58	0	12.9	orig=10.3R|orig.time=2:00PM|orig.date=1867-05-15
1867	5	15	18	58	0	7.1	orig=5.7R|orig.time=9:00PM|orig.date=1867-05-15
1867	5	16	4	58	0	10.1	orig=8.1R|orig.time=7:00AM|orig.date=1867-05-16
1867	5	16	9	58	0	12.1	orig=9.7R|orig.time=Noon|orig.date=1867-05-16
1867	5	16	11	58	0	12.6	orig=10.1R|orig.time=2:00PM|orig.date=1867-05-16
1867	5	16	18	58	0	12.1	orig=9.7R|orig.time=9:00PM|orig.date=1867-05-16
1867	5	17	4	58	0	16.6	orig=13.3R|orig.time=7:00AM|orig.date=1867-05-17
1867	5	17	9	58	0	22.9	orig=18.3R|orig.time=Noon|orig.date=1867-05-17
1867	5	17	11	58	0	24.6	orig=19.7R|orig.time=2:00PM|orig.date=1867-05-17
1867	5	17	18	58	0	18.1	orig=14.5R|orig.time=9:00PM|orig.date=1867-05-17
1867	5	18	4	58	0	13.6	orig=10.9R|orig.time=7:00AM|orig.date=1867-05-18
1867	5	18	9	58	0	17.6	orig=14.1R|orig.time=Noon|orig.date=1867-05-18
1867	5	18	11	58	0	17.1	orig=13.7R|orig.time=2:00PM|orig.date=1867-05-18
1867	5	18	18	58	0	8.1	orig=6.5R|orig.time=9:00PM|orig.date=1867-05-18
1867	5	19	4	58	0	4.5	orig=3.6R|orig.time=7:00AM|orig.date=1867-05-19
1867	5	19	9	58	0	4.4	orig=3.5R|orig.time=Noon|orig.date=1867-05-19
1867	5	19	11	58	0	3.8	orig=3R|orig.time=2:00PM|orig.date=1867-05-19
1867	5	19	18	58	0	3.2	orig=2.6R|orig.time=9:00PM|orig.date=1867-05-19
1867	5	20	4	58	0	6.1	orig=4.9R|orig.time=7:00AM|orig.date=1867-05-20
1867	5	20	9	58	0	9.4	orig=7.5R|orig.time=Noon|orig.date=1867-05-20
1867	5	20	11	58	0	11.1	orig=8.9R|orig.time=2:00PM|orig.date=1867-05-20
1867	5	20	18	58	0	8	orig=6.4R|orig.time=9:00PM|orig.date=1867-05-20
1867	5	21	4	58	0	10.2	orig=8.2R|orig.time=7:00AM|orig.date=1867-05-21
1867	5	21	9	58	0	14.6	orig=11.7R|orig.time=Noon|orig.date=1867-05-21
1867	5	21	11	58	0	15.2	orig=12.2R|orig.time=2:00PM|orig.date=1867-05-21
1867	5	21	18	58	0	10.9	orig=8.7R|orig.time=9:00PM|orig.date=1867-05-21
1867	5	22	4	58	0	12.4	orig=9.9R|orig.time=7:00AM|orig.date=1867-05-22
1867	5	22	9	58	0	21.4	orig=17.1R|orig.time=Noon|orig.date=1867-05-22
1867	5	22	11	58	0	23.2	orig=18.6R|orig.time=2:00PM|orig.date=1867-05-22
1867	5	22	18	58	0	17.5	orig=14R|orig.time=9:00PM|orig.date=1867-05-22
1867	5	23	4	58	0	17.6	orig=14.1R|orig.time=7:00AM|orig.date=1867-05-23
1867	5	23	9	58	0	25.2	orig=20.2R|orig.time=Noon|orig.date=1867-05-23
1867	5	23	11	58	0	26.2	orig=21R|orig.time=2:00PM|orig.date=1867-05-23
1867	5	23	18	58	0	20.9	orig=16.7R|orig.time=9:00PM|orig.date=1867-05-23
1867	5	24	4	58	0	16.6	orig=13.3R|orig.time=7:00AM|orig.date=1867-05-24
1867	5	24	9	58	0	26.1	orig=20.9R|orig.time=Noon|orig.date=1867-05-24
1867	5	24	11	58	0	25.6	orig=20.5R|orig.time=2:00PM|orig.date=1867-05-24
1867	5	24	18	58	0	19.1	orig=15.3R|orig.time=9:00PM|orig.date=1867-05-24
1867	5	25	4	58	0	16.5	orig=13.2R|orig.time=7:00AM|orig.date=1867-05-25
1867	5	25	9	58	0	21.4	orig=17.1R|orig.time=Noon|orig.date=1867-05-25
1867	5	25	11	58	0	14.6	orig=11.7R|orig.time=2:00PM|orig.date=1867-05-25
1867	5	25	18	58	0	9.9	orig=7.9R|orig.time=9:00PM|orig.date=1867-05-25
1867	5	26	4	58	0	7.4	orig=5.9R|orig.time=7:00AM|orig.date=1867-05-26
1867	5	26	9	58	0	5.8	orig=4.6R|orig.time=Noon|orig.date=1867-05-26
1867	5	26	11	58	0	3.6	orig=2.9R|orig.time=2:00PM|orig.date=1867-05-26
1867	5	26	18	58	0	4.6	orig=3.7R|orig.time=9:00PM|orig.date=1867-05-26
1867	5	27	4	58	0	5.1	orig=4.1R|orig.time=7:00AM|orig.date=1867-05-27
1867	5	27	9	58	0	5.5	orig=4.4R|orig.time=Noon|orig.date=1867-05-27
1867	5	27	11	58	0	6.2	orig=5R|orig.time=2:00PM|orig.date=1867-05-27
1867	5	27	18	58	0	7.5	orig=6R|orig.time=9:00PM|orig.date=1867-05-27
1867	5	28	4	58	0	10.5	orig=8.4R|orig.time=7:00AM|orig.date=1867-05-28
1867	5	28	9	58	0	10.6	orig=8.5R|orig.time=Noon|orig.date=1867-05-28
1867	5	28	11	58	0	11.6	orig=9.3R|orig.time=2:00PM|orig.date=1867-05-28
1867	5	28	18	58	0	9.4	orig=7.5R|orig.time=9:00PM|orig.date=1867-05-28
1867	5	29	4	58	0	9.8	orig=7.8R|orig.time=7:00AM|orig.date=1867-05-29
1867	5	29	9	58	0	14.8	orig=11.8R|orig.time=Noon|orig.date=1867-05-29
1867	5	29	11	58	0	14.8	orig=11.8R|orig.time=2:00PM|orig.date=1867-05-29
1867	5	29	18	58	0	12.1	orig=9.7R|orig.time=9:00PM|orig.date=1867-05-29
1867	5	30	4	58	0	16.4	orig=13.1R|orig.time=7:00AM|orig.date=1867-05-30
1867	5	30	9	58	0	17.6	orig=14.1R|orig.time=Noon|orig.date=1867-05-30
1867	5	30	11	58	0	18.8	orig=15R|orig.time=2:00PM|orig.date=1867-05-30
1867	5	30	18	58	0	14.8	orig=11.8R|orig.time=9:00PM|orig.date=1867-05-30
1867	5	31	4	58	0	14	orig=11.2R|orig.time=7:00AM|orig.date=1867-05-31
1867	5	31	9	58	0	18.4	orig=14.7R|orig.time=Noon|orig.date=1867-05-31
1867	5	31	11	58	0	19.6	orig=15.7R|orig.time=2:00PM|orig.date=1867-05-31
1867	5	31	18	58	0	17.4	orig=13.9R|orig.time=9:00PM|orig.date=1867-05-31
1867	6	1	4	58	0	17.5	orig=14R|orig.time=7:00AM|orig.date=1867-06-01
1867	6	1	9	58	0	25.4	orig=20.3R|orig.time=Noon|orig.date=1867-06-01
1867	6	1	11	58	0	27.4	orig=21.9R|orig.time=2:00PM|orig.date=1867-06-01
1867	6	1	18	58	0	14.6	orig=11.7R|orig.time=9:00PM|orig.date=1867-06-01
1867	6	2	4	58	0	15.8	orig=12.6R|orig.time=7:00AM|orig.date=1867-06-02
1867	6	2	9	58	0	16.8	orig=13.4R|orig.time=Noon|orig.date=1867-06-02
1867	6	2	11	58	0	17.9	orig=14.3R|orig.time=2:00PM|orig.date=1867-06-02
1867	6	2	18	58	0	14.9	orig=11.9R|orig.time=9:00PM|orig.date=1867-06-02
1867	6	3	4	58	0	13.9	orig=11.1R|orig.time=7:00AM|orig.date=1867-06-03
1867	6	3	9	58	0	20.4	orig=16.3R|orig.time=Noon|orig.date=1867-06-03
1867	6	3	11	58	0	21.2	orig=17R|orig.time=2:00PM|orig.date=1867-06-03
1867	6	3	18	58	0	15.4	orig=12.3R|orig.time=9:00PM|orig.date=1867-06-03
1867	6	4	4	58	0	14.1	orig=11.3R|orig.time=7:00AM|orig.date=1867-06-04
1867	6	4	9	58	0	12.2	orig=9.8R|orig.time=Noon|orig.date=1867-06-04
1867	6	4	11	58	0	13.1	orig=10.5R|orig.time=2:00PM|orig.date=1867-06-04
1867	6	4	18	58	0	10.8	orig=8.6R|orig.time=9:00PM|orig.date=1867-06-04
1867	6	5	4	58	0	9.9	orig=7.9R|orig.time=7:00AM|orig.date=1867-06-05
1867	6	5	9	58	0	11.4	orig=9.1R|orig.time=Noon|orig.date=1867-06-05
1867	6	5	11	58	0	11.8	orig=9.4R|orig.time=2:00PM|orig.date=1867-06-05
1867	6	5	18	58	0	11.4	orig=9.1R|orig.time=9:00PM|orig.date=1867-06-05
1867	6	6	4	58	0	14.9	orig=11.9R|orig.time=7:00AM|orig.date=1867-06-06
1867	6	6	9	58	0	15.9	orig=12.7R|orig.time=Noon|orig.date=1867-06-06
1867	6	6	11	58	0	15.9	orig=12.7R|orig.time=2:00PM|orig.date=1867-06-06
1867	6	6	18	58	0	12.9	orig=10.3R|orig.time=9:00PM|orig.date=1867-06-06
1867	6	7	4	58	0	15.1	orig=12.1R|orig.time=7:00AM|orig.date=1867-06-07
1867	6	7	9	58	0	21.2	orig=17R|orig.time=Noon|orig.date=1867-06-07
1867	6	7	11	58	0	23.8	orig=19R|orig.time=2:00PM|orig.date=1867-06-07
1867	6	7	18	58	0	20.5	orig=16.4R|orig.time=9:00PM|orig.date=1867-06-07
1867	6	8	4	58	0	19.2	orig=15.4R|orig.time=7:00AM|orig.date=1867-06-08
1867	6	8	9	58	0	26.2	orig=21R|orig.time=Noon|orig.date=1867-06-08
1867	6	8	11	58	0	26.9	orig=21.5R|orig.time=2:00PM|orig.date=1867-06-08
1867	6	8	18	58	0	20.5	orig=16.4R|orig.time=9:00PM|orig.date=1867-06-08
1867	6	9	4	58	0	20	orig=16R|orig.time=7:00AM|orig.date=1867-06-09
1867	6	9	9	58	0	26.4	orig=21.1R|orig.time=Noon|orig.date=1867-06-09
1867	6	9	11	58	0	26.9	orig=21.5R|orig.time=2:00PM|orig.date=1867-06-09
1867	6	9	18	58	0	20.6	orig=16.5R|orig.time=9:00PM|orig.date=1867-06-09
1867	6	10	4	58	0	21.5	orig=17.2R|orig.time=7:00AM|orig.date=1867-06-10
1867	6	10	9	58	0	28.2	orig=22.6R|orig.time=Noon|orig.date=1867-06-10
1867	6	10	11	58	0	28.9	orig=23.1R|orig.time=2:00PM|orig.date=1867-06-10
1867	6	10	18	58	0	17.2	orig=13.8R|orig.time=9:00PM|orig.date=1867-06-10
1867	6	11	4	58	0	12.1	orig=9.7R|orig.time=7:00AM|orig.date=1867-06-11
1867	6	11	9	58	0	15	orig=12R|orig.time=Noon|orig.date=1867-06-11
1867	6	11	11	58	0	24.5	orig=19.6R|orig.time=2:00PM|orig.date=1867-06-11
1867	6	11	18	58	0	13.5	orig=10.8R|orig.time=9:00PM|orig.date=1867-06-11
1867	6	12	4	58	0	14.8	orig=11.8R|orig.time=7:00AM|orig.date=1867-06-12
1867	6	12	9	58	0	15	orig=12R|orig.time=Noon|orig.date=1867-06-12
1867	6	12	11	58	0	16.2	orig=13R|orig.time=2:00PM|orig.date=1867-06-12
1867	6	12	18	58	0	9.5	orig=7.6R|orig.time=9:00PM|orig.date=1867-06-12
1867	6	13	4	58	0	13.4	orig=10.7R|orig.time=7:00AM|orig.date=1867-06-13
1867	6	13	9	58	0	12.4	orig=9.9R|orig.time=Noon|orig.date=1867-06-13
1867	6	13	11	58	0	12.2	orig=9.8R|orig.time=2:00PM|orig.date=1867-06-13
1867	6	13	18	58	0	10	orig=8R|orig.time=9:00PM|orig.date=1867-06-13
1867	6	14	4	58	0	10.2	orig=8.2R|orig.time=7:00AM|orig.date=1867-06-14
1867	6	14	9	58	0	13.2	orig=10.6R|orig.time=Noon|orig.date=1867-06-14
1867	6	14	11	58	0	13.1	orig=10.5R|orig.time=2:00PM|orig.date=1867-06-14
1867	6	14	18	58	0	11.4	orig=9.1R|orig.time=9:00PM|orig.date=1867-06-14
1867	6	15	4	58	0	12.9	orig=10.3R|orig.time=7:00AM|orig.date=1867-06-15
1867	6	15	9	58	0	19.9	orig=15.9R|orig.time=Noon|orig.date=1867-06-15
1867	6	15	11	58	0	19.6	orig=15.7R|orig.time=2:00PM|orig.date=1867-06-15
1867	6	15	18	58	0	19.6	orig=15.7R|orig.time=9:00PM|orig.date=1867-06-15
1867	6	16	4	58	0	16.6	orig=13.3R|orig.time=7:00AM|orig.date=1867-06-16
1867	6	16	9	58	0	26.6	orig=21.3R|orig.time=Noon|orig.date=1867-06-16
1867	6	16	11	58	0	27.6	orig=22.1R|orig.time=2:00PM|orig.date=1867-06-16
1867	6	16	18	58	0	17.2	orig=13.8R|orig.time=9:00PM|orig.date=1867-06-16
1867	6	17	4	58	0	14.1	orig=11.3R|orig.time=7:00AM|orig.date=1867-06-17
1867	6	17	9	58	0	16.2	orig=13R|orig.time=Noon|orig.date=1867-06-17
1867	6	17	11	58	0	16.8	orig=13.4R|orig.time=2:00PM|orig.date=1867-06-17
1867	6	17	18	58	0	16.1	orig=12.9R|orig.time=9:00PM|orig.date=1867-06-17
1867	6	18	4	58	0	16.8	orig=13.4R|orig.time=7:00AM|orig.date=1867-06-18
1867	6	18	9	58	0	22.5	orig=18R|orig.time=Noon|orig.date=1867-06-18
1867	6	18	11	58	0	17.4	orig=13.9R|orig.time=2:00PM|orig.date=1867-06-18
1867	6	18	18	58	0	16.1	orig=12.9R|orig.time=9:00PM|orig.date=1867-06-18
1867	6	19	4	58	0	14.9	orig=11.9R|orig.time=7:00AM|orig.date=1867-06-19
1867	6	19	9	58	0	19.9	orig=15.9R|orig.time=Noon|orig.date=1867-06-19
1867	6	19	11	58	0	21.4	orig=17.1R|orig.time=2:00PM|orig.date=1867-06-19
1867	6	19	18	58	0	16.2	orig=13R|orig.time=9:00PM|orig.date=1867-06-19
1867	6	20	4	58	0	13.2	orig=10.6R|orig.time=7:00AM|orig.date=1867-06-20
1867	6	20	9	58	0	15.2	orig=12.2R|orig.time=Noon|orig.date=1867-06-20
1867	6	20	11	58	0	19	orig=15.2R|orig.time=2:00PM|orig.date=1867-06-20
1867	6	20	18	58	0	15.5	orig=12.4R|orig.time=9:00PM|orig.date=1867-06-20
1867	6	21	4	58	0	16.9	orig=13.5R|orig.time=7:00AM|orig.date=1867-06-21
1867	6	21	9	58	0	16.8	orig=13.4R|orig.time=Noon|orig.date=1867-06-21
1867	6	21	11	58	0	20.1	orig=16.1R|orig.time=2:00PM|orig.date=1867-06-21
1867	6	21	18	58	0	16	orig=12.8R|orig.time=9:00PM|orig.date=1867-06-21
1867	6	22	4	58	0	17.1	orig=13.7R|orig.time=7:00AM|orig.date=1867-06-22
1867	6	22	9	58	0	22.6	orig=18.1R|orig.time=Noon|orig.date=1867-06-22
1867	6	22	11	58	0	21.9	orig=17.5R|orig.time=2:00PM|orig.date=1867-06-22
1867	6	22	18	58	0	19.5	orig=15.6R|orig.time=9:00PM|orig.date=1867-06-22
1867	6	23	4	58	0	18.9	orig=15.1R|orig.time=7:00AM|orig.date=1867-06-23
1867	6	23	9	58	0	21.1	orig=16.9R|orig.time=Noon|orig.date=1867-06-23
1867	6	23	11	58	0	21.9	orig=17.5R|orig.time=2:00PM|orig.date=1867-06-23
1867	6	23	18	58	0	18	orig=14.4R|orig.time=9:00PM|orig.date=1867-06-23
1867	6	24	4	58	0	18.1	orig=14.5R|orig.time=7:00AM|orig.date=1867-06-24
1867	6	24	9	58	0	21.9	orig=17.5R|orig.time=Noon|orig.date=1867-06-24
1867	6	24	11	58	0	20.8	orig=16.6R|orig.time=2:00PM|orig.date=1867-06-24
1867	6	24	18	58	0	18.6	orig=14.9R|orig.time=9:00PM|orig.date=1867-06-24
1867	6	25	4	58	0	18.6	orig=14.9R|orig.time=7:00AM|orig.date=1867-06-25
1867	6	25	9	58	0	23	orig=18.4R|orig.time=Noon|orig.date=1867-06-25
1867	6	25	11	58	0	21.2	orig=17R|orig.time=2:00PM|orig.date=1867-06-25
1867	6	25	18	58	0	16.1	orig=12.9R|orig.time=9:00PM|orig.date=1867-06-25
1867	6	26	4	58	0	19.9	orig=15.9R|orig.time=7:00AM|orig.date=1867-06-26
1867	6	26	9	58	0	25.8	orig=20.6R|orig.time=Noon|orig.date=1867-06-26
1867	6	26	11	58	0	18.4	orig=14.7R|orig.time=2:00PM|orig.date=1867-06-26
1867	6	26	18	58	0	17.9	orig=14.3R|orig.time=9:00PM|orig.date=1867-06-26
1867	6	27	4	58	0	19.4	orig=15.5R|orig.time=7:00AM|orig.date=1867-06-27
1867	6	27	9	58	0	22.9	orig=18.3R|orig.time=Noon|orig.date=1867-06-27
1867	6	27	11	58	0	23.9	orig=19.1R|orig.time=2:00PM|orig.date=1867-06-27
1867	6	27	18	58	0	19.4	orig=15.5R|orig.time=9:00PM|orig.date=1867-06-27
1867	6	28	4	58	0	18.8	orig=15R|orig.time=7:00AM|orig.date=1867-06-28
1867	6	28	9	58	0	22.5	orig=18R|orig.time=Noon|orig.date=1867-06-28
1867	6	28	11	58	0	22.6	orig=18.1R|orig.time=2:00PM|orig.date=1867-06-28
1867	6	28	18	58	0	18.1	orig=14.5R|orig.time=9:00PM|orig.date=1867-06-28
1867	6	29	4	58	0	18.1	orig=14.5R|orig.time=7:00AM|orig.date=1867-06-29
1867	6	29	9	58	0	22.5	orig=18R|orig.time=Noon|orig.date=1867-06-29
1867	6	29	11	58	0	20.8	orig=16.6R|orig.time=2:00PM|orig.date=1867-06-29
1867	6	29	18	58	0	13.2	orig=10.6R|orig.time=9:00PM|orig.date=1867-06-29
1867	6	30	4	58	0	13.8	orig=11R|orig.time=7:00AM|orig.date=1867-06-30
1867	6	30	9	58	0	16	orig=12.8R|orig.time=Noon|orig.date=1867-06-30
1867	6	30	11	58	0	16.9	orig=13.5R|orig.time=2:00PM|orig.date=1867-06-30
1867	6	30	18	58	0	11.4	orig=9.1R|orig.time=9:00PM|orig.date=1867-06-30
1867	7	1	4	58	0	14.6	orig=11.7R|orig.time=7:00AM|orig.date=1867-07-01
1867	7	1	9	58	0	21.8	orig=17.4R|orig.time=Noon|orig.date=1867-07-01
1867	7	1	11	58	0	22.9	orig=18.3R|orig.time=2:00PM|orig.date=1867-07-01
1867	7	1	18	58	0	17.4	orig=13.9R|orig.time=9:00PM|orig.date=1867-07-01
1867	7	2	4	58	0	18.5	orig=14.8R|orig.time=7:00AM|orig.date=1867-07-02
1867	7	2	9	58	0	26.2	orig=21R|orig.time=Noon|orig.date=1867-07-02
1867	7	2	11	58	0	27	orig=21.6R|orig.time=2:00PM|orig.date=1867-07-02
1867	7	2	18	58	0	20.4	orig=16.3R|orig.time=9:00PM|orig.date=1867-07-02
1867	7	3	4	58	0	21.1	orig=16.9R|orig.time=7:00AM|orig.date=1867-07-03
1867	7	3	9	58	0	28.8	orig=23R|orig.time=Noon|orig.date=1867-07-03
1867	7	3	11	58	0	29.1	orig=23.3R|orig.time=2:00PM|orig.date=1867-07-03
1867	7	3	18	58	0	20.8	orig=16.6R|orig.time=9:00PM|orig.date=1867-07-03
1867	7	4	4	58	0	21.6	orig=17.3R|orig.time=7:00AM|orig.date=1867-07-04
1867	7	4	9	58	0	29.4	orig=23.5R|orig.time=Noon|orig.date=1867-07-04
1867	7	4	11	58	0	29.8	orig=23.8R|orig.time=2:00PM|orig.date=1867-07-04
1867	7	4	18	58	0	22	orig=17.6R|orig.time=9:00PM|orig.date=1867-07-04
1867	7	5	4	58	0	21.1	orig=16.9R|orig.time=7:00AM|orig.date=1867-07-05
1867	7	5	9	58	0	26	orig=20.8R|orig.time=Noon|orig.date=1867-07-05
1867	7	5	11	58	0	26.4	orig=21.1R|orig.time=2:00PM|orig.date=1867-07-05
1867	7	5	18	58	0	18.8	orig=15R|orig.time=9:00PM|orig.date=1867-07-05
1867	7	6	4	58	0	18.9	orig=15.1R|orig.time=7:00AM|orig.date=1867-07-06
1867	7	6	9	58	0	23.9	orig=19.1R|orig.time=Noon|orig.date=1867-07-06
1867	7	6	11	58	0	25.4	orig=20.3R|orig.time=2:00PM|orig.date=1867-07-06
1867	7	6	18	58	0	21.2	orig=17R|orig.time=9:00PM|orig.date=1867-07-06
1867	7	7	4	58	0	21.6	orig=17.3R|orig.time=7:00AM|orig.date=1867-07-07
1867	7	7	9	58	0	22	orig=17.6R|orig.time=Noon|orig.date=1867-07-07
1867	7	7	11	58	0	21.9	orig=17.5R|orig.time=2:00PM|orig.date=1867-07-07
1867	7	7	18	58	0	18.1	orig=14.5R|orig.time=9:00PM|orig.date=1867-07-07
1867	7	8	4	58	0	19.8	orig=15.8R|orig.time=7:00AM|orig.date=1867-07-08
1867	7	8	9	58	0	17.1	orig=13.7R|orig.time=Noon|orig.date=1867-07-08
1867	7	8	11	58	0	19.1	orig=15.3R|orig.time=2:00PM|orig.date=1867-07-08
1867	7	8	18	58	0	14.8	orig=11.8R|orig.time=9:00PM|orig.date=1867-07-08
1867	7	9	4	58	0	18.4	orig=14.7R|orig.time=7:00AM|orig.date=1867-07-09
1867	7	9	9	58	0	24.4	orig=19.5R|orig.time=Noon|orig.date=1867-07-09
1867	7	9	11	58	0	26.1	orig=20.9R|orig.time=2:00PM|orig.date=1867-07-09
1867	7	9	18	58	0	18	orig=14.4R|orig.time=9:00PM|orig.date=1867-07-09
1867	7	10	4	58	0	18.1	orig=14.5R|orig.time=7:00AM|orig.date=1867-07-10
1867	7	10	9	58	0	21.1	orig=16.9R|orig.time=Noon|orig.date=1867-07-10
1867	7	10	11	58	0	21.5	orig=17.2R|orig.time=2:00PM|orig.date=1867-07-10
1867	7	10	18	58	0	14.2	orig=11.4R|orig.time=9:00PM|orig.date=1867-07-10
1867	7	11	4	58	0	12.8	orig=10.2R|orig.time=7:00AM|orig.date=1867-07-11
1867	7	11	9	58	0	19.9	orig=15.9R|orig.time=Noon|orig.date=1867-07-11
1867	7	11	11	58	0	21.1	orig=16.9R|orig.time=2:00PM|orig.date=1867-07-11
1867	7	11	18	58	0	14.8	orig=11.8R|orig.time=9:00PM|orig.date=1867-07-11
1867	7	12	4	58	0	15.5	orig=12.4R|orig.time=7:00AM|orig.date=1867-07-12
1867	7	12	9	58	0	17.9	orig=14.3R|orig.time=Noon|orig.date=1867-07-12
1867	7	12	11	58	0	18.1	orig=14.5R|orig.time=2:00PM|orig.date=1867-07-12
1867	7	12	18	58	0	14.9	orig=11.9R|orig.time=9:00PM|orig.date=1867-07-12
1867	7	13	4	58	0	14.9	orig=11.9R|orig.time=7:00AM|orig.date=1867-07-13
1867	7	13	9	58	0	16.6	orig=13.3R|orig.time=Noon|orig.date=1867-07-13
1867	7	13	11	58	0	17.8	orig=14.2R|orig.time=2:00PM|orig.date=1867-07-13
1867	7	13	18	58	0	16.9	orig=13.5R|orig.time=9:00PM|orig.date=1867-07-13
1867	7	14	4	58	0	17.9	orig=14.3R|orig.time=7:00AM|orig.date=1867-07-14
1867	7	14	9	58	0	22.2	orig=17.8R|orig.time=Noon|orig.date=1867-07-14
1867	7	14	11	58	0	20.6	orig=16.5R|orig.time=2:00PM|orig.date=1867-07-14
1867	7	14	18	58	0	17.4	orig=13.9R|orig.time=9:00PM|orig.date=1867-07-14
1867	7	15	4	58	0	19.1	orig=15.3R|orig.time=7:00AM|orig.date=1867-07-15
1867	7	15	9	58	0	23.5	orig=18.8R|orig.time=Noon|orig.date=1867-07-15
1867	7	15	11	58	0	24.5	orig=19.6R|orig.time=2:00PM|orig.date=1867-07-15
1867	7	15	18	58	0	17.2	orig=13.8R|orig.time=9:00PM|orig.date=1867-07-15
1867	7	16	4	58	0	16.5	orig=13.2R|orig.time=7:00AM|orig.date=1867-07-16
1867	7	16	9	58	0	20.9	orig=16.7R|orig.time=Noon|orig.date=1867-07-16
1867	7	16	11	58	0	21.2	orig=17R|orig.time=2:00PM|orig.date=1867-07-16
1867	7	16	18	58	0	16.2	orig=13R|orig.time=9:00PM|orig.date=1867-07-16
1867	7	17	4	58	0	18.4	orig=14.7R|orig.time=7:00AM|orig.date=1867-07-17
1867	7	17	9	58	0	24	orig=19.2R|orig.time=Noon|orig.date=1867-07-17
1867	7	17	11	58	0	22.1	orig=17.7R|orig.time=2:00PM|orig.date=1867-07-17
1867	7	17	18	58	0	17.9	orig=14.3R|orig.time=9:00PM|orig.date=1867-07-17
1867	7	18	4	58	0	18.8	orig=15R|orig.time=7:00AM|orig.date=1867-07-18
1867	7	18	9	58	0	22.8	orig=18.2R|orig.time=Noon|orig.date=1867-07-18
1867	7	18	11	58	0	23.4	orig=18.7R|orig.time=2:00PM|orig.date=1867-07-18
1867	7	18	18	58	0	15.6	orig=12.5R|orig.time=9:00PM|orig.date=1867-07-18
1867	7	19	4	58	0	15.2	orig=12.2R|orig.time=7:00AM|orig.date=1867-07-19
1867	7	19	9	58	0	20.8	orig=16.6R|orig.time=Noon|orig.date=1867-07-19
1867	7	19	11	58	0	21.9	orig=17.5R|orig.time=2:00PM|orig.date=1867-07-19
1867	7	19	18	58	0	18.9	orig=15.1R|orig.time=9:00PM|orig.date=1867-07-19
1867	7	20	4	58	0	18	orig=14.4R|orig.time=7:00AM|orig.date=1867-07-20
1867	7	20	9	58	0	26.9	orig=21.5R|orig.time=Noon|orig.date=1867-07-20
1867	7	20	11	58	0	26.5	orig=21.2R|orig.time=2:00PM|orig.date=1867-07-20
1867	7	20	18	58	0	21.8	orig=17.4R|orig.time=9:00PM|orig.date=1867-07-20
1867	7	21	4	58	0	17.1	orig=13.7R|orig.time=7:00AM|orig.date=1867-07-21
1867	7	21	9	58	0	21.2	orig=17R|orig.time=Noon|orig.date=1867-07-21
1867	7	21	11	58	0	20.6	orig=16.5R|orig.time=2:00PM|orig.date=1867-07-21
1867	7	21	18	58	0	16.2	orig=13R|orig.time=9:00PM|orig.date=1867-07-21
1867	7	22	4	58	0	14.5	orig=11.6R|orig.time=7:00AM|orig.date=1867-07-22
1867	7	22	9	58	0	20	orig=16R|orig.time=Noon|orig.date=1867-07-22
1867	7	22	11	58	0	21.4	orig=17.1R|orig.time=2:00PM|orig.date=1867-07-22
1867	7	22	18	58	0	17.9	orig=14.3R|orig.time=9:00PM|orig.date=1867-07-22
1867	7	23	4	58	0	19.6	orig=15.7R|orig.time=7:00AM|orig.date=1867-07-23
1867	7	23	9	58	0	28.4	orig=22.7R|orig.time=Noon|orig.date=1867-07-23
1867	7	23	11	58	0	27.9	orig=22.3R|orig.time=2:00PM|orig.date=1867-07-23
1867	7	23	18	58	0	23.2	orig=18.6R|orig.time=9:00PM|orig.date=1867-07-23
1867	7	24	4	58	0	22.5	orig=18R|orig.time=7:00AM|orig.date=1867-07-24
1867	7	24	9	58	0	26.8	orig=21.4R|orig.time=Noon|orig.date=1867-07-24
1867	7	24	11	58	0	27.6	orig=22.1R|orig.time=2:00PM|orig.date=1867-07-24
1867	7	24	18	58	0	22.9	orig=18.3R|orig.time=9:00PM|orig.date=1867-07-24
1867	7	25	4	58	0	20.9	orig=16.7R|orig.time=7:00AM|orig.date=1867-07-25
1867	7	25	9	58	0	28.5	orig=22.8R|orig.time=Noon|orig.date=1867-07-25
1867	7	25	11	58	0	28.6	orig=22.9R|orig.time=2:00PM|orig.date=1867-07-25
1867	7	25	18	58	0	23.2	orig=18.6R|orig.time=9:00PM|orig.date=1867-07-25
1867	7	26	4	58	0	23.2	orig=18.6R|orig.time=7:00AM|orig.date=1867-07-26
1867	7	26	9	58	0	30	orig=24R|orig.time=Noon|orig.date=1867-07-26
1867	7	26	11	58	0	30.5	orig=24.4R|orig.time=2:00PM|orig.date=1867-07-26
1867	7	26	18	58	0	24.2	orig=19.4R|orig.time=9:00PM|orig.date=1867-07-26
1867	7	27	4	58	0	23.6	orig=18.9R|orig.time=7:00AM|orig.date=1867-07-27
1867	7	27	9	58	0	31	orig=24.8R|orig.time=Noon|orig.date=1867-07-27
1867	7	27	11	58	0	31.9	orig=25.5R|orig.time=2:00PM|orig.date=1867-07-27
1867	7	27	18	58	0	23.9	orig=19.1R|orig.time=9:00PM|orig.date=1867-07-27
1867	7	28	4	58	0	24.9	orig=19.9R|orig.time=7:00AM|orig.date=1867-07-28
1867	7	28	9	58	0	31.9	orig=25.5R|orig.time=Noon|orig.date=1867-07-28
1867	7	28	11	58	0	32.6	orig=26.1R|orig.time=2:00PM|orig.date=1867-07-28
1867	7	28	18	58	0	24.2	orig=19.4R|orig.time=9:00PM|orig.date=1867-07-28
1867	7	29	4	58	0	22.9	orig=18.3R|orig.time=7:00AM|orig.date=1867-07-29
1867	7	29	9	58	0	22.6	orig=18.1R|orig.time=Noon|orig.date=1867-07-29
1867	7	29	11	58	0	21.8	orig=17.4R|orig.time=2:00PM|orig.date=1867-07-29
1867	7	29	18	58	0	13.6	orig=10.9R|orig.time=9:00PM|orig.date=1867-07-29
1867	7	30	4	58	0	14.1	orig=11.3R|orig.time=7:00AM|orig.date=1867-07-30
1867	7	30	9	58	0	21.8	orig=17.4R|orig.time=Noon|orig.date=1867-07-30
1867	7	30	11	58	0	20.9	orig=16.7R|orig.time=2:00PM|orig.date=1867-07-30
1867	7	30	18	58	0	15.8	orig=12.6R|orig.time=9:00PM|orig.date=1867-07-30
1867	7	31	4	58	0	16.2	orig=13R|orig.time=7:00AM|orig.date=1867-07-31
1867	7	31	9	58	0	12.9	orig=10.3R|orig.time=Noon|orig.date=1867-07-31
1867	7	31	11	58	0	13.4	orig=10.7R|orig.time=2:00PM|orig.date=1867-07-31
1867	7	31	18	58	0	11.5	orig=9.2R|orig.time=9:00PM|orig.date=1867-07-31
1867	8	1	4	58	0	13.6	orig=10.9R|orig.time=7:00AM|orig.date=1867-08-01
1867	8	1	9	58	0	18.8	orig=15R|orig.time=Noon|orig.date=1867-08-01
1867	8	1	11	58	0	20.5	orig=16.4R|orig.time=2:00PM|orig.date=1867-08-01
1867	8	1	18	58	0	12.5	orig=10R|orig.time=9:00PM|orig.date=1867-08-01
1867	8	2	4	58	0	12.2	orig=9.8R|orig.time=7:00AM|orig.date=1867-08-02
1867	8	2	9	58	0	19.6	orig=15.7R|orig.time=Noon|orig.date=1867-08-02
1867	8	2	11	58	0	20.8	orig=16.6R|orig.time=2:00PM|orig.date=1867-08-02
1867	8	2	18	58	0	14.2	orig=11.4R|orig.time=9:00PM|orig.date=1867-08-02
1867	8	3	4	58	0	15.8	orig=12.6R|orig.time=7:00AM|orig.date=1867-08-03
1867	8	3	9	58	0	18.5	orig=14.8R|orig.time=Noon|orig.date=1867-08-03
1867	8	3	11	58	0	21	orig=16.8R|orig.time=2:00PM|orig.date=1867-08-03
1867	8	3	18	58	0	15.8	orig=12.6R|orig.time=9:00PM|orig.date=1867-08-03
1867	8	4	4	58	0	18.6	orig=14.9R|orig.time=7:00AM|orig.date=1867-08-04
1867	8	4	9	58	0	21.4	orig=17.1R|orig.time=Noon|orig.date=1867-08-04
1867	8	4	11	58	0	19.5	orig=15.6R|orig.time=2:00PM|orig.date=1867-08-04
1867	8	4	18	58	0	14	orig=11.2R|orig.time=9:00PM|orig.date=1867-08-04
1867	8	5	4	58	0	14.6	orig=11.7R|orig.time=7:00AM|orig.date=1867-08-05
1867	8	5	9	58	0	18	orig=14.4R|orig.time=Noon|orig.date=1867-08-05
1867	8	5	11	58	0	15.4	orig=12.3R|orig.time=2:00PM|orig.date=1867-08-05
1867	8	5	18	58	0	13.8	orig=11R|orig.time=9:00PM|orig.date=1867-08-05
1867	8	6	4	58	0	15.4	orig=12.3R|orig.time=7:00AM|orig.date=1867-08-06
1867	8	6	9	58	0	17.8	orig=14.2R|orig.time=Noon|orig.date=1867-08-06
1867	8	6	11	58	0	17.8	orig=14.2R|orig.time=2:00PM|orig.date=1867-08-06
1867	8	6	18	58	0	13.4	orig=10.7R|orig.time=9:00PM|orig.date=1867-08-06
1867	8	7	4	58	0	15	orig=12R|orig.time=7:00AM|orig.date=1867-08-07
1867	8	7	9	58	0	14.8	orig=11.8R|orig.time=Noon|orig.date=1867-08-07
1867	8	7	11	58	0	15	orig=12R|orig.time=2:00PM|orig.date=1867-08-07
1867	8	7	18	58	0	14.4	orig=11.5R|orig.time=9:00PM|orig.date=1867-08-07
1867	8	8	4	58	0	13.5	orig=10.8R|orig.time=7:00AM|orig.date=1867-08-08
1867	8	8	9	58	0	18.1	orig=14.5R|orig.time=Noon|orig.date=1867-08-08
1867	8	8	11	58	0	18.6	orig=14.9R|orig.time=2:00PM|orig.date=1867-08-08
1867	8	8	18	58	0	11.4	orig=9.1R|orig.time=9:00PM|orig.date=1867-08-08
1867	8	9	4	58	0	13.9	orig=11.1R|orig.time=7:00AM|orig.date=1867-08-09
1867	8	9	9	58	0	20.5	orig=16.4R|orig.time=Noon|orig.date=1867-08-09
1867	8	9	11	58	0	21.5	orig=17.2R|orig.time=2:00PM|orig.date=1867-08-09
1867	8	9	18	58	0	15.8	orig=12.6R|orig.time=9:00PM|orig.date=1867-08-09
1867	8	10	4	58	0	16	orig=12.8R|orig.time=7:00AM|orig.date=1867-08-10
1867	8	10	9	58	0	22.9	orig=18.3R|orig.time=Noon|orig.date=1867-08-10
1867	8	10	11	58	0	24.4	orig=19.5R|orig.time=2:00PM|orig.date=1867-08-10
1867	8	10	18	58	0	18.8	orig=15R|orig.time=9:00PM|orig.date=1867-08-10
1867	8	11	4	58	0	16.9	orig=13.5R|orig.time=7:00AM|orig.date=1867-08-11
1867	8	11	9	58	0	19.8	orig=15.8R|orig.time=Noon|orig.date=1867-08-11
1867	8	11	11	58	0	21.4	orig=17.1R|orig.time=2:00PM|orig.date=1867-08-11
1867	8	11	18	58	0	12.8	orig=10.2R|orig.time=9:00PM|orig.date=1867-08-11
1867	8	12	4	58	0	14.6	orig=11.7R|orig.time=7:00AM|orig.date=1867-08-12
1867	8	12	9	58	0	19.9	orig=15.9R|orig.time=Noon|orig.date=1867-08-12
1867	8	12	11	58	0	17.9	orig=14.3R|orig.time=2:00PM|orig.date=1867-08-12
1867	8	12	18	58	0	13.9	orig=11.1R|orig.time=9:00PM|orig.date=1867-08-12
1867	8	13	4	58	0	16.2	orig=13R|orig.time=7:00AM|orig.date=1867-08-13
1867	8	13	9	58	0	19.6	orig=15.7R|orig.time=Noon|orig.date=1867-08-13
1867	8	13	11	58	0	20	orig=16R|orig.time=2:00PM|orig.date=1867-08-13
1867	8	13	18	58	0	13.8	orig=11R|orig.time=9:00PM|orig.date=1867-08-13
1867	8	14	4	58	0	15.4	orig=12.3R|orig.time=7:00AM|orig.date=1867-08-14
1867	8	14	9	58	0	17.6	orig=14.1R|orig.time=Noon|orig.date=1867-08-14
1867	8	14	11	58	0	18.4	orig=14.7R|orig.time=2:00PM|orig.date=1867-08-14
1867	8	14	18	58	0	12	orig=9.6R|orig.time=9:00PM|orig.date=1867-08-14
1867	8	15	4	58	0	13.8	orig=11R|orig.time=7:00AM|orig.date=1867-08-15
1867	8	15	9	58	0	18.1	orig=14.5R|orig.time=Noon|orig.date=1867-08-15
1867	8	15	11	58	0	18	orig=14.4R|orig.time=2:00PM|orig.date=1867-08-15
1867	8	15	18	58	0	13.4	orig=10.7R|orig.time=9:00PM|orig.date=1867-08-15
1867	8	16	4	58	0	13.9	orig=11.1R|orig.time=7:00AM|orig.date=1867-08-16
1867	8	16	9	58	0	18.9	orig=15.1R|orig.time=Noon|orig.date=1867-08-16
1867	8	16	11	58	0	19.6	orig=15.7R|orig.time=2:00PM|orig.date=1867-08-16
1867	8	16	18	58	0	16.4	orig=13.1R|orig.time=9:00PM|orig.date=1867-08-16
1867	8	17	4	58	0	16	orig=12.8R|orig.time=7:00AM|orig.date=1867-08-17
1867	8	17	9	58	0	20.6	orig=16.5R|orig.time=Noon|orig.date=1867-08-17
1867	8	17	11	58	0	21.2	orig=17R|orig.time=2:00PM|orig.date=1867-08-17
1867	8	17	18	58	0	18.2	orig=14.6R|orig.time=9:00PM|orig.date=1867-08-17
1867	8	18	4	58	0	17	orig=13.6R|orig.time=7:00AM|orig.date=1867-08-18
1867	8	18	9	58	0	22.6	orig=18.1R|orig.time=Noon|orig.date=1867-08-18
1867	8	18	11	58	0	24.4	orig=19.5R|orig.time=2:00PM|orig.date=1867-08-18
1867	8	18	18	58	0	18.2	orig=14.6R|orig.time=9:00PM|orig.date=1867-08-18
1867	8	19	4	58	0	17.9	orig=14.3R|orig.time=7:00AM|orig.date=1867-08-19
1867	8	19	9	58	0	23.2	orig=18.6R|orig.time=Noon|orig.date=1867-08-19
1867	8	19	11	58	0	23.8	orig=19R|orig.time=2:00PM|orig.date=1867-08-19
1867	8	19	18	58	0	20.5	orig=16.4R|orig.time=9:00PM|orig.date=1867-08-19
1867	8	20	4	58	0	18.5	orig=14.8R|orig.time=7:00AM|orig.date=1867-08-20
1867	8	20	9	58	0	24.1	orig=19.3R|orig.time=Noon|orig.date=1867-08-20
1867	8	20	11	58	0	24.9	orig=19.9R|orig.time=2:00PM|orig.date=1867-08-20
1867	8	20	18	58	0	20.2	orig=16.2R|orig.time=9:00PM|orig.date=1867-08-20
1867	8	21	4	58	0	16.2	orig=13R|orig.time=7:00AM|orig.date=1867-08-21
1867	8	21	9	58	0	22.1	orig=17.7R|orig.time=Noon|orig.date=1867-08-21
1867	8	21	11	58	0	23	orig=18.4R|orig.time=2:00PM|orig.date=1867-08-21
1867	8	21	18	58	0	18.9	orig=15.1R|orig.time=9:00PM|orig.date=1867-08-21
1867	8	22	4	58	0	18.1	orig=14.5R|orig.time=7:00AM|orig.date=1867-08-22
1867	8	22	9	58	0	27.6	orig=22.1R|orig.time=Noon|orig.date=1867-08-22
1867	8	22	11	58	0	29.9	orig=23.9R|orig.time=2:00PM|orig.date=1867-08-22
1867	8	22	18	58	0	23	orig=18.4R|orig.time=9:00PM|orig.date=1867-08-22
1867	8	23	4	58	0	21.5	orig=17.2R|orig.time=7:00AM|orig.date=1867-08-23
1867	8	23	9	58	0	20.6	orig=16.5R|orig.time=Noon|orig.date=1867-08-23
1867	8	23	11	58	0	21.9	orig=17.5R|orig.time=2:00PM|orig.date=1867-08-23
1867	8	23	18	58	0	19.1	orig=15.3R|orig.time=9:00PM|orig.date=1867-08-23
1867	8	24	4	58	0	12.4	orig=9.9R|orig.time=7:00AM|orig.date=1867-08-24
1867	8	24	9	58	0	17.1	orig=13.7R|orig.time=Noon|orig.date=1867-08-24
1867	8	24	11	58	0	17.9	orig=14.3R|orig.time=2:00PM|orig.date=1867-08-24
1867	8	24	18	58	0	14.6	orig=11.7R|orig.time=9:00PM|orig.date=1867-08-24
1867	8	25	4	58	0	13.9	orig=11.1R|orig.time=7:00AM|orig.date=1867-08-25
1867	8	25	9	58	0	18.8	orig=15R|orig.time=Noon|orig.date=1867-08-25
1867	8	25	11	58	0	21	orig=16.8R|orig.time=2:00PM|orig.date=1867-08-25
1867	8	25	18	58	0	16.1	orig=12.9R|orig.time=9:00PM|orig.date=1867-08-25
1867	8	26	4	58	0	14.9	orig=11.9R|orig.time=7:00AM|orig.date=1867-08-26
1867	8	26	9	58	0	19.6	orig=15.7R|orig.time=Noon|orig.date=1867-08-26
1867	8	26	11	58	0	20.9	orig=16.7R|orig.time=2:00PM|orig.date=1867-08-26
1867	8	26	18	58	0	15.1	orig=12.1R|orig.time=9:00PM|orig.date=1867-08-26
1867	8	27	4	58	0	14.6	orig=11.7R|orig.time=7:00AM|orig.date=1867-08-27
1867	8	27	9	58	0	21.4	orig=17.1R|orig.time=Noon|orig.date=1867-08-27
1867	8	27	11	58	0	22	orig=17.6R|orig.time=2:00PM|orig.date=1867-08-27
1867	8	27	18	58	0	16.5	orig=13.2R|orig.time=9:00PM|orig.date=1867-08-27
1867	8	28	4	58	0	15.4	orig=12.3R|orig.time=7:00AM|orig.date=1867-08-28
1867	8	28	9	58	0	23.6	orig=18.9R|orig.time=Noon|orig.date=1867-08-28
1867	8	28	11	58	0	25.5	orig=20.4R|orig.time=2:00PM|orig.date=1867-08-28
1867	8	28	18	58	0	17.8	orig=14.2R|orig.time=9:00PM|orig.date=1867-08-28
1867	8	29	4	58	0	15.9	orig=12.7R|orig.time=7:00AM|orig.date=1867-08-29
1867	8	29	9	58	0	25	orig=20R|orig.time=Noon|orig.date=1867-08-29
1867	8	29	11	58	0	26.5	orig=21.2R|orig.time=2:00PM|orig.date=1867-08-29
1867	8	29	18	58	0	18.8	orig=15R|orig.time=9:00PM|orig.date=1867-08-29
1867	8	30	4	58	0	15.9	orig=12.7R|orig.time=7:00AM|orig.date=1867-08-30
1867	8	30	9	58	0	24.9	orig=19.9R|orig.time=Noon|orig.date=1867-08-30
1867	8	30	11	58	0	23.4	orig=18.7R|orig.time=2:00PM|orig.date=1867-08-30
1867	8	30	18	58	0	17.5	orig=14R|orig.time=9:00PM|orig.date=1867-08-30
1867	8	31	4	58	0	14.9	orig=11.9R|orig.time=7:00AM|orig.date=1867-08-31
1867	8	31	9	58	0	21.5	orig=17.2R|orig.time=Noon|orig.date=1867-08-31
1867	8	31	11	58	0	22.1	orig=17.7R|orig.time=2:00PM|orig.date=1867-08-31
1867	8	31	18	58	0	17.1	orig=13.7R|orig.time=9:00PM|orig.date=1867-08-31
1867	9	1	4	58	0	16.1	orig=12.9R|orig.time=7:00AM|orig.date=1867-09-01
1867	9	1	9	58	0	20.4	orig=16.3R|orig.time=Noon|orig.date=1867-09-01
1867	9	1	11	58	0	21.5	orig=17.2R|orig.time=2:00PM|orig.date=1867-09-01
1867	9	1	18	58	0	16.6	orig=13.3R|orig.time=9:00PM|orig.date=1867-09-01
1867	9	2	4	58	0	17.2	orig=13.8R|orig.time=7:00AM|orig.date=1867-09-02
1867	9	2	9	58	0	26	orig=20.8R|orig.time=Noon|orig.date=1867-09-02
1867	9	2	11	58	0	27.2	orig=21.8R|orig.time=2:00PM|orig.date=1867-09-02
1867	9	2	18	58	0	20.2	orig=16.2R|orig.time=9:00PM|orig.date=1867-09-02
1867	9	3	4	58	0	19.9	orig=15.9R|orig.time=7:00AM|orig.date=1867-09-03
1867	9	3	9	58	0	17.4	orig=13.9R|orig.time=Noon|orig.date=1867-09-03
1867	9	3	11	58	0	15.1	orig=12.1R|orig.time=2:00PM|orig.date=1867-09-03
1867	9	3	18	58	0	9	orig=7.2R|orig.time=9:00PM|orig.date=1867-09-03
1867	9	4	4	58	0	7.9	orig=6.3R|orig.time=7:00AM|orig.date=1867-09-04
1867	9	4	9	58	0	9.2	orig=7.4R|orig.time=Noon|orig.date=1867-09-04
1867	9	4	11	58	0	9.8	orig=7.8R|orig.time=2:00PM|orig.date=1867-09-04
1867	9	4	18	58	0	7	orig=5.6R|orig.time=9:00PM|orig.date=1867-09-04
1867	9	5	4	58	0	5.4	orig=4.3R|orig.time=7:00AM|orig.date=1867-09-05
1867	9	5	9	58	0	10	orig=8R|orig.time=Noon|orig.date=1867-09-05
1867	9	5	11	58	0	10.9	orig=8.7R|orig.time=2:00PM|orig.date=1867-09-05
1867	9	5	18	58	0	7	orig=5.6R|orig.time=9:00PM|orig.date=1867-09-05
1867	9	6	4	58	0	5.9	orig=4.7R|orig.time=7:00AM|orig.date=1867-09-06
1867	9	6	9	58	0	10.5	orig=8.4R|orig.time=Noon|orig.date=1867-09-06
1867	9	6	11	58	0	9.2	orig=7.4R|orig.time=2:00PM|orig.date=1867-09-06
1867	9	6	18	58	0	5.1	orig=4.1R|orig.time=9:00PM|orig.date=1867-09-06
1867	9	7	4	58	0	4.4	orig=3.5R|orig.time=7:00AM|orig.date=1867-09-07
1867	9	7	9	58	0	12.5	orig=10R|orig.time=Noon|orig.date=1867-09-07
1867	9	7	11	58	0	13.5	orig=10.8R|orig.time=2:00PM|orig.date=1867-09-07
1867	9	7	18	58	0	9.1	orig=7.3R|orig.time=9:00PM|orig.date=1867-09-07
1867	9	8	4	58	0	10.6	orig=8.5R|orig.time=7:00AM|orig.date=1867-09-08
1867	9	8	9	58	0	20	orig=16R|orig.time=Noon|orig.date=1867-09-08
1867	9	8	11	58	0	21.8	orig=17.4R|orig.time=2:00PM|orig.date=1867-09-08
1867	9	8	18	58	0	14.2	orig=11.4R|orig.time=9:00PM|orig.date=1867-09-08
1867	9	9	4	58	0	12.5	orig=10R|orig.time=7:00AM|orig.date=1867-09-09
1867	9	9	9	58	0	19.9	orig=15.9R|orig.time=Noon|orig.date=1867-09-09
1867	9	9	11	58	0	18.9	orig=15.1R|orig.time=2:00PM|orig.date=1867-09-09
1867	9	9	18	58	0	16	orig=12.8R|orig.time=9:00PM|orig.date=1867-09-09
1867	9	10	4	58	0	10.6	orig=8.5R|orig.time=7:00AM|orig.date=1867-09-10
1867	9	10	9	58	0	17.4	orig=13.9R|orig.time=Noon|orig.date=1867-09-10
1867	9	10	11	58	0	18.2	orig=14.6R|orig.time=2:00PM|orig.date=1867-09-10
1867	9	10	18	58	0	12.6	orig=10.1R|orig.time=9:00PM|orig.date=1867-09-10
1867	9	11	4	58	0	11.6	orig=9.3R|orig.time=7:00AM|orig.date=1867-09-11
1867	9	11	9	58	0	19.2	orig=15.4R|orig.time=Noon|orig.date=1867-09-11
1867	9	11	11	58	0	20.1	orig=16.1R|orig.time=2:00PM|orig.date=1867-09-11
1867	9	11	18	58	0	14.8	orig=11.8R|orig.time=9:00PM|orig.date=1867-09-11
1867	9	12	4	58	0	14.4	orig=11.5R|orig.time=7:00AM|orig.date=1867-09-12
1867	9	12	9	58	0	20.8	orig=16.6R|orig.time=Noon|orig.date=1867-09-12
1867	9	12	11	58	0	17.2	orig=13.8R|orig.time=2:00PM|orig.date=1867-09-12
1867	9	12	18	58	0	12.4	orig=9.9R|orig.time=9:00PM|orig.date=1867-09-12
1867	9	13	4	58	0	10.8	orig=8.6R|orig.time=7:00AM|orig.date=1867-09-13
1867	9	13	9	58	0	14.1	orig=11.3R|orig.time=Noon|orig.date=1867-09-13
1867	9	13	11	58	0	13.2	orig=10.6R|orig.time=2:00PM|orig.date=1867-09-13
1867	9	13	18	58	0	12	orig=9.6R|orig.time=9:00PM|orig.date=1867-09-13
1867	9	14	4	58	0	7.1	orig=5.7R|orig.time=7:00AM|orig.date=1867-09-14
1867	9	14	9	58	0	12.1	orig=9.7R|orig.time=Noon|orig.date=1867-09-14
1867	9	14	11	58	0	12.9	orig=10.3R|orig.time=2:00PM|orig.date=1867-09-14
1867	9	14	18	58	0	6.8	orig=5.4R|orig.time=9:00PM|orig.date=1867-09-14
1867	9	15	4	58	0	5.8	orig=4.6R|orig.time=7:00AM|orig.date=1867-09-15
1867	9	15	9	58	0	16.6	orig=13.3R|orig.time=Noon|orig.date=1867-09-15
1867	9	15	11	58	0	18.1	orig=14.5R|orig.time=2:00PM|orig.date=1867-09-15
1867	9	15	18	58	0	11.1	orig=8.9R|orig.time=9:00PM|orig.date=1867-09-15
1867	9	16	4	58	0	10.6	orig=8.5R|orig.time=7:00AM|orig.date=1867-09-16
1867	9	16	9	58	0	19.9	orig=15.9R|orig.time=Noon|orig.date=1867-09-16
1867	9	16	11	58	0	22.4	orig=17.9R|orig.time=2:00PM|orig.date=1867-09-16
1867	9	16	18	58	0	17.6	orig=14.1R|orig.time=9:00PM|orig.date=1867-09-16
1867	9	17	4	58	0	15.1	orig=12.1R|orig.time=7:00AM|orig.date=1867-09-17
1867	9	17	9	58	0	23.2	orig=18.6R|orig.time=Noon|orig.date=1867-09-17
1867	9	17	11	58	0	23.1	orig=18.5R|orig.time=2:00PM|orig.date=1867-09-17
1867	9	17	18	58	0	15.2	orig=12.2R|orig.time=9:00PM|orig.date=1867-09-17
1867	9	18	4	58	0	12.9	orig=10.3R|orig.time=7:00AM|orig.date=1867-09-18
1867	9	18	9	58	0	14.8	orig=11.8R|orig.time=Noon|orig.date=1867-09-18
1867	9	18	11	58	0	13.5	orig=10.8R|orig.time=2:00PM|orig.date=1867-09-18
1867	9	18	18	58	0	9.4	orig=7.5R|orig.time=9:00PM|orig.date=1867-09-18
1867	9	19	4	58	0	7.4	orig=5.9R|orig.time=7:00AM|orig.date=1867-09-19
1867	9	19	9	58	0	10.1	orig=8.1R|orig.time=Noon|orig.date=1867-09-19
1867	9	19	11	58	0	10.5	orig=8.4R|orig.time=2:00PM|orig.date=1867-09-19
1867	9	19	18	58	0	9.9	orig=7.9R|orig.time=9:00PM|orig.date=1867-09-19
1867	9	20	4	58	0	6.2	orig=5R|orig.time=7:00AM|orig.date=1867-09-20
1867	9	20	9	58	0	11.2	orig=9R|orig.time=Noon|orig.date=1867-09-20
1867	9	20	11	58	0	13.2	orig=10.6R|orig.time=2:00PM|orig.date=1867-09-20
1867	9	20	18	58	0	8	orig=6.4R|orig.time=9:00PM|orig.date=1867-09-20
1867	9	21	4	58	0	6.4	orig=5.1R|orig.time=7:00AM|orig.date=1867-09-21
1867	9	21	9	58	0	16.8	orig=13.4R|orig.time=Noon|orig.date=1867-09-21
1867	9	21	11	58	0	18.5	orig=14.8R|orig.time=2:00PM|orig.date=1867-09-21
1867	9	21	18	58	0	14.6	orig=11.7R|orig.time=9:00PM|orig.date=1867-09-21
1867	9	22	4	58	0	12.5	orig=10R|orig.time=7:00AM|orig.date=1867-09-22
1867	9	22	9	58	0	20.5	orig=16.4R|orig.time=Noon|orig.date=1867-09-22
1867	9	22	11	58	0	22.2	orig=17.8R|orig.time=2:00PM|orig.date=1867-09-22
1867	9	22	18	58	0	17.5	orig=14R|orig.time=9:00PM|orig.date=1867-09-22
1867	9	23	4	58	0	13.9	orig=11.1R|orig.time=7:00AM|orig.date=1867-09-23
1867	9	23	9	58	0	19.6	orig=15.7R|orig.time=Noon|orig.date=1867-09-23
1867	9	23	11	58	0	21.4	orig=17.1R|orig.time=2:00PM|orig.date=1867-09-23
1867	9	23	18	58	0	13.4	orig=10.7R|orig.time=9:00PM|orig.date=1867-09-23
1867	9	24	4	58	0	10	orig=8R|orig.time=7:00AM|orig.date=1867-09-24
1867	9	24	9	58	0	14.8	orig=11.8R|orig.time=Noon|orig.date=1867-09-24
1867	9	24	11	58	0	19.2	orig=15.4R|orig.time=2:00PM|orig.date=1867-09-24
1867	9	24	18	58	0	13.4	orig=10.7R|orig.time=9:00PM|orig.date=1867-09-24
1867	9	25	4	58	0	10.2	orig=8.2R|orig.time=7:00AM|orig.date=1867-09-25
1867	9	25	9	58	0	20.5	orig=16.4R|orig.time=Noon|orig.date=1867-09-25
1867	9	25	11	58	0	22	orig=17.6R|orig.time=2:00PM|orig.date=1867-09-25
1867	9	25	18	58	0	14	orig=11.2R|orig.time=9:00PM|orig.date=1867-09-25
1867	9	26	4	58	0	9.5	orig=7.6R|orig.time=7:00AM|orig.date=1867-09-26
1867	9	26	9	58	0	11.5	orig=9.2R|orig.time=Noon|orig.date=1867-09-26
1867	9	26	11	58	0	13.2	orig=10.6R|orig.time=2:00PM|orig.date=1867-09-26
1867	9	26	18	58	0	7	orig=5.6R|orig.time=9:00PM|orig.date=1867-09-26
1867	9	27	4	58	0	3	orig=2.4R|orig.time=7:00AM|orig.date=1867-09-27
1867	9	27	9	58	0	6.2	orig=5R|orig.time=Noon|orig.date=1867-09-27
1867	9	27	11	58	0	7.6	orig=6.1R|orig.time=2:00PM|orig.date=1867-09-27
1867	9	27	18	58	0	4.2	orig=3.4R|orig.time=9:00PM|orig.date=1867-09-27
1867	9	28	4	58	0	3.2	orig=2.6R|orig.time=7:00AM|orig.date=1867-09-28
1867	9	28	9	58	0	5	orig=4R|orig.time=Noon|orig.date=1867-09-28
1867	9	28	11	58	0	4.9	orig=3.9R|orig.time=2:00PM|orig.date=1867-09-28
1867	9	28	18	58	0	3.2	orig=2.6R|orig.time=9:00PM|orig.date=1867-09-28
1867	9	29	4	58	0	2.5	orig=2R|orig.time=7:00AM|orig.date=1867-09-29
1867	9	29	9	58	0	1.2	orig=1R|orig.time=Noon|orig.date=1867-09-29
1867	9	29	11	58	0	1	orig=0.8R|orig.time=2:00PM|orig.date=1867-09-29
1867	9	29	18	58	0	5	orig=4R|orig.time=9:00PM|orig.date=1867-09-29
1867	9	30	4	58	0	7.2	orig=5.8R|orig.time=7:00AM|orig.date=1867-09-30
1867	9	30	9	58	0	10	orig=8R|orig.time=Noon|orig.date=1867-09-30
1867	9	30	11	58	0	11	orig=8.8R|orig.time=2:00PM|orig.date=1867-09-30
1867	9	30	18	58	0	10.8	orig=8.6R|orig.time=9:00PM|orig.date=1867-09-30
1867	10	1	4	58	0	9.8	orig=7.8R|orig.time=7:00AM|orig.date=1867-10-01
1867	10	1	9	58	0	15	orig=12R|orig.time=Noon|orig.date=1867-10-01
1867	10	1	11	58	0	14.4	orig=11.5R|orig.time=2:00PM|orig.date=1867-10-01
1867	10	1	18	58	0	11.5	orig=9.2R|orig.time=9:00PM|orig.date=1867-10-01
1867	10	2	4	58	0	6.9	orig=5.5R|orig.time=7:00AM|orig.date=1867-10-02
1867	10	2	9	58	0	8.5	orig=6.8R|orig.time=Noon|orig.date=1867-10-02
1867	10	2	11	58	0	9.1	orig=7.3R|orig.time=2:00PM|orig.date=1867-10-02
1867	10	2	18	58	0	3.6	orig=2.9R|orig.time=9:00PM|orig.date=1867-10-02
1867	10	3	4	58	0	3.6	orig=2.9R|orig.time=7:00AM|orig.date=1867-10-03
1867	10	3	9	58	0	12.8	orig=10.2R|orig.time=Noon|orig.date=1867-10-03
1867	10	3	11	58	0	14.1	orig=11.3R|orig.time=2:00PM|orig.date=1867-10-03
1867	10	3	18	58	0	10	orig=8R|orig.time=9:00PM|orig.date=1867-10-03
1867	10	4	4	58	0	8	orig=6.4R|orig.time=7:00AM|orig.date=1867-10-04
1867	10	4	9	58	0	14.6	orig=11.7R|orig.time=Noon|orig.date=1867-10-04
1867	10	4	11	58	0	16.6	orig=13.3R|orig.time=2:00PM|orig.date=1867-10-04
1867	10	4	18	58	0	11.6	orig=9.3R|orig.time=9:00PM|orig.date=1867-10-04
1867	10	5	4	58	0	10.5	orig=8.4R|orig.time=7:00AM|orig.date=1867-10-05
1867	10	5	9	58	0	18	orig=14.4R|orig.time=Noon|orig.date=1867-10-05
1867	10	5	11	58	0	18.6	orig=14.9R|orig.time=2:00PM|orig.date=1867-10-05
1867	10	5	18	58	0	12.8	orig=10.2R|orig.time=9:00PM|orig.date=1867-10-05
1867	10	6	4	58	0	13.6	orig=10.9R|orig.time=7:00AM|orig.date=1867-10-06
1867	10	6	9	58	0	14.6	orig=11.7R|orig.time=Noon|orig.date=1867-10-06
1867	10	6	11	58	0	15.8	orig=12.6R|orig.time=2:00PM|orig.date=1867-10-06
1867	10	6	18	58	0	11.8	orig=9.4R|orig.time=9:00PM|orig.date=1867-10-06
1867	10	7	4	58	0	5.9	orig=4.7R|orig.time=7:00AM|orig.date=1867-10-07
1867	10	7	9	58	0	4.9	orig=3.9R|orig.time=Noon|orig.date=1867-10-07
1867	10	7	11	58	0	5.9	orig=4.7R|orig.time=2:00PM|orig.date=1867-10-07
1867	10	7	18	58	0	2.8	orig=2.2R|orig.time=9:00PM|orig.date=1867-10-07
1867	10	8	4	58	0	0.8	orig=0.6R|orig.time=7:00AM|orig.date=1867-10-08
1867	10	8	9	58	0	8.9	orig=7.1R|orig.time=Noon|orig.date=1867-10-08
1867	10	8	11	58	0	10.1	orig=8.1R|orig.time=2:00PM|orig.date=1867-10-08
1867	10	8	18	58	0	4.5	orig=3.6R|orig.time=9:00PM|orig.date=1867-10-08
1867	10	9	4	58	0	4.5	orig=3.6R|orig.time=7:00AM|orig.date=1867-10-09
1867	10	9	9	58	0	11.8	orig=9.4R|orig.time=Noon|orig.date=1867-10-09
1867	10	9	11	58	0	12.8	orig=10.2R|orig.time=2:00PM|orig.date=1867-10-09
1867	10	9	18	58	0	11	orig=8.8R|orig.time=9:00PM|orig.date=1867-10-09
1867	10	10	4	58	0	6.6	orig=5.3R|orig.time=7:00AM|orig.date=1867-10-10
1867	10	10	9	58	0	12.4	orig=9.9R|orig.time=Noon|orig.date=1867-10-10
1867	10	10	11	58	0	13.8	orig=11R|orig.time=2:00PM|orig.date=1867-10-10
1867	10	10	18	58	0	10.8	orig=8.6R|orig.time=9:00PM|orig.date=1867-10-10
1867	10	11	4	58	0	9.8	orig=7.8R|orig.time=7:00AM|orig.date=1867-10-11
1867	10	11	9	58	0	10.8	orig=8.6R|orig.time=Noon|orig.date=1867-10-11
1867	10	11	11	58	0	11.4	orig=9.1R|orig.time=2:00PM|orig.date=1867-10-11
1867	10	11	18	58	0	11.4	orig=9.1R|orig.time=9:00PM|orig.date=1867-10-11
1867	10	12	4	58	0	2.5	orig=2R|orig.time=7:00AM|orig.date=1867-10-12
1867	10	12	9	58	0	8.2	orig=6.6R|orig.time=Noon|orig.date=1867-10-12
1867	10	12	11	58	0	10.6	orig=8.5R|orig.time=2:00PM|orig.date=1867-10-12
1867	10	12	18	58	0	6.8	orig=5.4R|orig.time=9:00PM|orig.date=1867-10-12
1867	10	13	4	58	0	2.2	orig=1.8R|orig.time=7:00AM|orig.date=1867-10-13
1867	10	13	9	58	0	8.9	orig=7.1R|orig.time=Noon|orig.date=1867-10-13
1867	10	13	11	58	0	10.6	orig=8.5R|orig.time=2:00PM|orig.date=1867-10-13
1867	10	13	18	58	0	6.6	orig=5.3R|orig.time=9:00PM|orig.date=1867-10-13
1867	10	14	4	58	0	2.1	orig=1.7R|orig.time=7:00AM|orig.date=1867-10-14
1867	10	14	9	58	0	9.4	orig=7.5R|orig.time=Noon|orig.date=1867-10-14
1867	10	14	11	58	0	11	orig=8.8R|orig.time=2:00PM|orig.date=1867-10-14
1867	10	14	18	58	0	5.5	orig=4.4R|orig.time=9:00PM|orig.date=1867-10-14
1867	10	15	4	58	0	1.9	orig=1.5R|orig.time=7:00AM|orig.date=1867-10-15
1867	10	15	9	58	0	9.8	orig=7.8R|orig.time=Noon|orig.date=1867-10-15
1867	10	15	11	58	0	11.8	orig=9.4R|orig.time=2:00PM|orig.date=1867-10-15
1867	10	15	18	58	0	5.2	orig=4.2R|orig.time=9:00PM|orig.date=1867-10-15
1867	10	16	4	58	0	3	orig=2.4R|orig.time=7:00AM|orig.date=1867-10-16
1867	10	16	9	58	0	11.9	orig=9.5R|orig.time=Noon|orig.date=1867-10-16
1867	10	16	11	58	0	14.9	orig=11.9R|orig.time=2:00PM|orig.date=1867-10-16
1867	10	16	18	58	0	7.9	orig=6.3R|orig.time=9:00PM|orig.date=1867-10-16
1867	10	17	4	58	0	3.8	orig=3R|orig.time=7:00AM|orig.date=1867-10-17
1867	10	17	9	58	0	12.8	orig=10.2R|orig.time=Noon|orig.date=1867-10-17
1867	10	17	11	58	0	14.9	orig=11.9R|orig.time=2:00PM|orig.date=1867-10-17
1867	10	17	18	58	0	9.4	orig=7.5R|orig.time=9:00PM|orig.date=1867-10-17
1867	10	18	4	58	0	4	orig=3.2R|orig.time=7:00AM|orig.date=1867-10-18
1867	10	18	9	58	0	10.8	orig=8.6R|orig.time=Noon|orig.date=1867-10-18
1867	10	18	11	58	0	11.1	orig=8.9R|orig.time=2:00PM|orig.date=1867-10-18
1867	10	18	18	58	0	7.4	orig=5.9R|orig.time=9:00PM|orig.date=1867-10-18
1867	10	19	4	58	0	5.9	orig=4.7R|orig.time=7:00AM|orig.date=1867-10-19
1867	10	19	9	58	0	9.8	orig=7.8R|orig.time=Noon|orig.date=1867-10-19
1867	10	19	11	58	0	11.5	orig=9.2R|orig.time=2:00PM|orig.date=1867-10-19
1867	10	19	18	58	0	6.9	orig=5.5R|orig.time=9:00PM|orig.date=1867-10-19
1867	10	20	4	58	0	2.8	orig=2.2R|orig.time=7:00AM|orig.date=1867-10-20
1867	10	20	9	58	0	8.9	orig=7.1R|orig.time=Noon|orig.date=1867-10-20
1867	10	20	11	58	0	6	orig=4.8R|orig.time=2:00PM|orig.date=1867-10-20
1867	10	20	18	58	0	3	orig=2.4R|orig.time=9:00PM|orig.date=1867-10-20
1867	10	21	4	58	0	0	orig=0R|orig.time=7:00AM|orig.date=1867-10-21
1867	10	21	9	58	0	7.5	orig=6R|orig.time=Noon|orig.date=1867-10-21
1867	10	21	11	58	0	9.6	orig=7.7R|orig.time=2:00PM|orig.date=1867-10-21
1867	10	21	18	58	0	5.4	orig=4.3R|orig.time=9:00PM|orig.date=1867-10-21
1867	10	22	4	58	0	5.4	orig=4.3R|orig.time=7:00AM|orig.date=1867-10-22
1867	10	22	9	58	0	9.6	orig=7.7R|orig.time=Noon|orig.date=1867-10-22
1867	10	22	11	58	0	8.9	orig=7.1R|orig.time=2:00PM|orig.date=1867-10-22
1867	10	22	18	58	0	8.6	orig=6.9R|orig.time=9:00PM|orig.date=1867-10-22
1867	10	23	4	58	0	7.4	orig=5.9R|orig.time=7:00AM|orig.date=1867-10-23
1867	10	23	9	58	0	9.6	orig=7.7R|orig.time=Noon|orig.date=1867-10-23
1867	10	23	11	58	0	9.4	orig=7.5R|orig.time=2:00PM|orig.date=1867-10-23
1867	10	23	18	58	0	7.1	orig=5.7R|orig.time=9:00PM|orig.date=1867-10-23
1867	10	24	4	58	0	3	orig=2.4R|orig.time=7:00AM|orig.date=1867-10-24
1867	10	24	9	58	0	9.1	orig=7.3R|orig.time=Noon|orig.date=1867-10-24
1867	10	24	11	58	0	8.9	orig=7.1R|orig.time=2:00PM|orig.date=1867-10-24
1867	10	24	18	58	0	4.2	orig=3.4R|orig.time=9:00PM|orig.date=1867-10-24
1867	10	25	4	58	0	1.8	orig=1.4R|orig.time=7:00AM|orig.date=1867-10-25
1867	10	25	9	58	0	10	orig=8R|orig.time=Noon|orig.date=1867-10-25
1867	10	25	11	58	0	10.8	orig=8.6R|orig.time=2:00PM|orig.date=1867-10-25
1867	10	25	18	58	0	4.6	orig=3.7R|orig.time=9:00PM|orig.date=1867-10-25
1867	10	26	4	58	0	2	orig=1.6R|orig.time=7:00AM|orig.date=1867-10-26
1867	10	26	9	58	0	8.6	orig=6.9R|orig.time=Noon|orig.date=1867-10-26
1867	10	26	11	58	0	8.5	orig=6.8R|orig.time=2:00PM|orig.date=1867-10-26
1867	10	26	18	58	0	8	orig=6.4R|orig.time=9:00PM|orig.date=1867-10-26
1867	10	27	4	58	0	6.4	orig=5.1R|orig.time=7:00AM|orig.date=1867-10-27
1867	10	27	9	58	0	8.9	orig=7.1R|orig.time=Noon|orig.date=1867-10-27
1867	10	27	11	58	0	8.6	orig=6.9R|orig.time=2:00PM|orig.date=1867-10-27
1867	10	27	18	58	0	6.8	orig=5.4R|orig.time=9:00PM|orig.date=1867-10-27
1867	10	28	4	58	0	6.5	orig=5.2R|orig.time=7:00AM|orig.date=1867-10-28
1867	10	28	9	58	0	6.8	orig=5.4R|orig.time=Noon|orig.date=1867-10-28
1867	10	28	11	58	0	9	orig=7.2R|orig.time=2:00PM|orig.date=1867-10-28
1867	10	28	18	58	0	4.9	orig=3.9R|orig.time=9:00PM|orig.date=1867-10-28
1867	10	29	4	58	0	1.8	orig=1.4R|orig.time=7:00AM|orig.date=1867-10-29
1867	10	29	9	58	0	7.2	orig=5.8R|orig.time=Noon|orig.date=1867-10-29
1867	10	29	11	58	0	9	orig=7.2R|orig.time=2:00PM|orig.date=1867-10-29
1867	10	29	18	58	0	6.6	orig=5.3R|orig.time=9:00PM|orig.date=1867-10-29
1867	10	30	4	58	0	1.2	orig=1R|orig.time=7:00AM|orig.date=1867-10-30
1867	10	30	9	58	0	8.5	orig=6.8R|orig.time=Noon|orig.date=1867-10-30
1867	10	30	11	58	0	9.5	orig=7.6R|orig.time=2:00PM|orig.date=1867-10-30
1867	10	30	18	58	0	6.5	orig=5.2R|orig.time=9:00PM|orig.date=1867-10-30
1867	10	31	4	58	0	6.5	orig=5.2R|orig.time=7:00AM|orig.date=1867-10-31
1867	10	31	9	58	0	11.4	orig=9.1R|orig.time=Noon|orig.date=1867-10-31
1867	10	31	11	58	0	6.9	orig=5.5R|orig.time=2:00PM|orig.date=1867-10-31
1867	10	31	18	58	0	5.1	orig=4.1R|orig.time=9:00PM|orig.date=1867-10-31
1867	11	1	4	58	0	1.9	orig=1.5R|orig.time=7:00AM|orig.date=1867-11-01
1867	11	1	9	58	0	9	orig=7.2R|orig.time=Noon|orig.date=1867-11-01
1867	11	1	11	58	0	9.6	orig=7.7R|orig.time=2:00PM|orig.date=1867-11-01
1867	11	1	18	58	0	7.5	orig=6R|orig.time=9:00PM|orig.date=1867-11-01
1867	11	2	4	58	0	4.6	orig=3.7R|orig.time=7:00AM|orig.date=1867-11-02
1867	11	2	9	58	0	13.1	orig=10.5R|orig.time=Noon|orig.date=1867-11-02
1867	11	2	11	58	0	14.5	orig=11.6R|orig.time=2:00PM|orig.date=1867-11-02
1867	11	2	18	58	0	6.8	orig=5.4R|orig.time=9:00PM|orig.date=1867-11-02
1867	11	3	4	58	0	6	orig=4.8R|orig.time=7:00AM|orig.date=1867-11-03
1867	11	3	9	58	0	5.9	orig=4.7R|orig.time=Noon|orig.date=1867-11-03
1867	11	3	11	58	0	6.5	orig=5.2R|orig.time=2:00PM|orig.date=1867-11-03
1867	11	3	18	58	0	3.1	orig=2.5R|orig.time=9:00PM|orig.date=1867-11-03
1867	11	4	4	58	0	-1.6	orig=-1.3R|orig.time=7:00AM|orig.date=1867-11-04
1867	11	4	9	58	0	3.6	orig=2.9R|orig.time=Noon|orig.date=1867-11-04
1867	11	4	11	58	0	3.2	orig=2.6R|orig.time=2:00PM|orig.date=1867-11-04
1867	11	4	18	58	0	0	orig=0R|orig.time=9:00PM|orig.date=1867-11-04
1867	11	5	4	58	0	-1	orig=-0.8R|orig.time=7:00AM|orig.date=1867-11-05
1867	11	5	9	58	0	3.2	orig=2.6R|orig.time=Noon|orig.date=1867-11-05
1867	11	5	11	58	0	4.1	orig=3.3R|orig.time=2:00PM|orig.date=1867-11-05
1867	11	5	18	58	0	0.8	orig=0.6R|orig.time=9:00PM|orig.date=1867-11-05
1867	11	6	4	58	0	0	orig=0R|orig.time=7:00AM|orig.date=1867-11-06
1867	11	6	9	58	0	4.1	orig=3.3R|orig.time=Noon|orig.date=1867-11-06
1867	11	6	11	58	0	3.6	orig=2.9R|orig.time=2:00PM|orig.date=1867-11-06
1867	11	6	18	58	0	0.2	orig=0.2R|orig.time=9:00PM|orig.date=1867-11-06
1867	11	7	4	58	0	0	orig=0R|orig.time=7:00AM|orig.date=1867-11-07
1867	11	7	9	58	0	1.5	orig=1.2R|orig.time=Noon|orig.date=1867-11-07
1867	11	7	11	58	0	1.4	orig=1.1R|orig.time=2:00PM|orig.date=1867-11-07
1867	11	7	18	58	0	0	orig=0R|orig.time=9:00PM|orig.date=1867-11-07
1867	11	8	4	58	0	-1.2	orig=-1R|orig.time=7:00AM|orig.date=1867-11-08
1867	11	8	9	58	0	0.8	orig=0.6R|orig.time=Noon|orig.date=1867-11-08
1867	11	8	11	58	0	1.9	orig=1.5R|orig.time=2:00PM|orig.date=1867-11-08
1867	11	8	18	58	0	2.1	orig=1.7R|orig.time=9:00PM|orig.date=1867-11-08
1867	11	9	4	58	0	0.1	orig=0.1R|orig.time=7:00AM|orig.date=1867-11-09
1867	11	9	9	58	0	2.9	orig=2.3R|orig.time=Noon|orig.date=1867-11-09
1867	11	9	11	58	0	1.5	orig=1.2R|orig.time=2:00PM|orig.date=1867-11-09
1867	11	9	18	58	0	-0.1	orig=-0.1R|orig.time=9:00PM|orig.date=1867-11-09
1867	11	10	4	58	0	-0.5	orig=-0.4R|orig.time=7:00AM|orig.date=1867-11-10
1867	11	10	9	58	0	1.5	orig=1.2R|orig.time=Noon|orig.date=1867-11-10
1867	11	10	11	58	0	2.1	orig=1.7R|orig.time=2:00PM|orig.date=1867-11-10
1867	11	10	18	58	0	-0.1	orig=-0.1R|orig.time=9:00PM|orig.date=1867-11-10
1867	11	11	4	58	0	-3	orig=-2.4R|orig.time=7:00AM|orig.date=1867-11-11
1867	11	11	9	58	0	-1.9	orig=-1.5R|orig.time=Noon|orig.date=1867-11-11
1867	11	11	11	58	0	-1.8	orig=-1.4R|orig.time=2:00PM|orig.date=1867-11-11
1867	11	11	18	58	0	0	orig=0R|orig.time=9:00PM|orig.date=1867-11-11
1867	11	12	4	58	0	-4	orig=-3.2R|orig.time=7:00AM|orig.date=1867-11-12
1867	11	12	9	58	0	-3.9	orig=-3.1R|orig.time=Noon|orig.date=1867-11-12
1867	11	12	11	58	0	-4.2	orig=-3.4R|orig.time=2:00PM|orig.date=1867-11-12
1867	11	12	18	58	0	-5.2	orig=-4.2R|orig.time=9:00PM|orig.date=1867-11-12
1867	11	13	4	58	0	-6.8	orig=-5.4R|orig.time=7:00AM|orig.date=1867-11-13
1867	11	13	9	58	0	-3.5	orig=-2.8R|orig.time=Noon|orig.date=1867-11-13
1867	11	13	11	58	0	-2.9	orig=-2.3R|orig.time=2:00PM|orig.date=1867-11-13
1867	11	13	18	58	0	-4.2	orig=-3.4R|orig.time=9:00PM|orig.date=1867-11-13
1867	11	14	4	58	0	-0.2	orig=-0.2R|orig.time=7:00AM|orig.date=1867-11-14
1867	11	14	9	58	0	2.4	orig=1.9R|orig.time=Noon|orig.date=1867-11-14
1867	11	14	11	58	0	3	orig=2.4R|orig.time=2:00PM|orig.date=1867-11-14
1867	11	14	18	58	0	-1	orig=-0.8R|orig.time=9:00PM|orig.date=1867-11-14
1867	11	15	4	58	0	-3.2	orig=-2.6R|orig.time=7:00AM|orig.date=1867-11-15
1867	11	15	9	58	0	2.4	orig=1.9R|orig.time=Noon|orig.date=1867-11-15
1867	11	15	11	58	0	2.6	orig=2.1R|orig.time=2:00PM|orig.date=1867-11-15
1867	11	15	18	58	0	0	orig=0R|orig.time=9:00PM|orig.date=1867-11-15
1867	11	16	4	58	0	-2	orig=-1.6R|orig.time=7:00AM|orig.date=1867-11-16
1867	11	16	9	58	0	3	orig=2.4R|orig.time=Noon|orig.date=1867-11-16
1867	11	16	11	58	0	3.1	orig=2.5R|orig.time=2:00PM|orig.date=1867-11-16
1867	11	16	18	58	0	3.2	orig=2.6R|orig.time=9:00PM|orig.date=1867-11-16
1867	11	17	4	58	0	5.9	orig=4.7R|orig.time=7:00AM|orig.date=1867-11-17
1867	11	17	9	58	0	9	orig=7.2R|orig.time=Noon|orig.date=1867-11-17
1867	11	17	11	58	0	7.8	orig=6.2R|orig.time=2:00PM|orig.date=1867-11-17
1867	11	17	18	58	0	-3.9	orig=-3.1R|orig.time=9:00PM|orig.date=1867-11-17
1867	11	18	4	58	0	-5.9	orig=-4.7R|orig.time=7:00AM|orig.date=1867-11-18
1867	11	18	9	58	0	-4.6	orig=-3.7R|orig.time=Noon|orig.date=1867-11-18
1867	11	18	11	58	0	-5.1	orig=-4.1R|orig.time=2:00PM|orig.date=1867-11-18
1867	11	18	18	58	0	-6.1	orig=-4.9R|orig.time=9:00PM|orig.date=1867-11-18
1867	11	19	4	58	0	-6.2	orig=-5R|orig.time=7:00AM|orig.date=1867-11-19
1867	11	19	9	58	0	-4.4	orig=-3.5R|orig.time=Noon|orig.date=1867-11-19
1867	11	19	11	58	0	-4.2	orig=-3.4R|orig.time=2:00PM|orig.date=1867-11-19
1867	11	19	18	58	0	-6.8	orig=-5.4R|orig.time=9:00PM|orig.date=1867-11-19
1867	11	20	4	58	0	-6.2	orig=-5R|orig.time=7:00AM|orig.date=1867-11-20
1867	11	20	9	58	0	-0.9	orig=-0.7R|orig.time=Noon|orig.date=1867-11-20
1867	11	20	11	58	0	0.2	orig=0.2R|orig.time=2:00PM|orig.date=1867-11-20
1867	11	20	18	58	0	-1.2	orig=-1R|orig.time=9:00PM|orig.date=1867-11-20
1867	11	21	4	58	0	-4.9	orig=-3.9R|orig.time=7:00AM|orig.date=1867-11-21
1867	11	21	9	58	0	-0.4	orig=-0.3R|orig.time=Noon|orig.date=1867-11-21
1867	11	21	11	58	0	-1.2	orig=-1R|orig.time=2:00PM|orig.date=1867-11-21
1867	11	21	18	58	0	-5.1	orig=-4.1R|orig.time=9:00PM|orig.date=1867-11-21
1867	11	22	4	58	0	-4.8	orig=-3.8R|orig.time=7:00AM|orig.date=1867-11-22
1867	11	22	9	58	0	-3.2	orig=-2.6R|orig.time=Noon|orig.date=1867-11-22
1867	11	22	11	58	0	-2.9	orig=-2.3R|orig.time=2:00PM|orig.date=1867-11-22
1867	11	22	18	58	0	-8.1	orig=-6.5R|orig.time=9:00PM|orig.date=1867-11-22
1867	11	23	4	58	0	-13.5	orig=-10.8R|orig.time=7:00AM|orig.date=1867-11-23
1867	11	23	9	58	0	-6.5	orig=-5.2R|orig.time=Noon|orig.date=1867-11-23
1867	11	23	11	58	0	-8	orig=-6.4R|orig.time=2:00PM|orig.date=1867-11-23
1867	11	23	18	58	0	-9.9	orig=-7.9R|orig.time=9:00PM|orig.date=1867-11-23
1867	11	24	4	58	0	-9.6	orig=-7.7R|orig.time=7:00AM|orig.date=1867-11-24
1867	11	24	9	58	0	-8.8	orig=-7R|orig.time=Noon|orig.date=1867-11-24
1867	11	24	11	58	0	-9.1	orig=-7.3R|orig.time=2:00PM|orig.date=1867-11-24
1867	11	24	18	58	0	-11.4	orig=-9.1R|orig.time=9:00PM|orig.date=1867-11-24
1867	11	25	4	58	0	-13	orig=-10.4R|orig.time=7:00AM|orig.date=1867-11-25
1867	11	25	9	58	0	-8.8	orig=-7R|orig.time=Noon|orig.date=1867-11-25
1867	11	25	11	58	0	-7.9	orig=-6.3R|orig.time=2:00PM|orig.date=1867-11-25
1867	11	25	18	58	0	-8	orig=-6.4R|orig.time=9:00PM|orig.date=1867-11-25
1867	11	26	4	58	0	-5.6	orig=-4.5R|orig.time=7:00AM|orig.date=1867-11-26
1867	11	26	9	58	0	-1.6	orig=-1.3R|orig.time=Noon|orig.date=1867-11-26
1867	11	26	11	58	0	-1	orig=-0.8R|orig.time=2:00PM|orig.date=1867-11-26
1867	11	26	18	58	0	-2.4	orig=-1.9R|orig.time=9:00PM|orig.date=1867-11-26
1867	11	27	4	58	0	-1.5	orig=-1.2R|orig.time=7:00AM|orig.date=1867-11-27
1867	11	27	9	58	0	-0.2	orig=-0.2R|orig.time=Noon|orig.date=1867-11-27
1867	11	27	11	58	0	0	orig=0R|orig.time=2:00PM|orig.date=1867-11-27
1867	11	27	18	58	0	-2.1	orig=-1.7R|orig.time=9:00PM|orig.date=1867-11-27
1867	11	28	4	58	0	-2.6	orig=-2.1R|orig.time=7:00AM|orig.date=1867-11-28
1867	11	28	9	58	0	0.5	orig=0.4R|orig.time=Noon|orig.date=1867-11-28
1867	11	28	11	58	0	0.6	orig=0.5R|orig.time=2:00PM|orig.date=1867-11-28
1867	11	28	18	58	0	-4	orig=-3.2R|orig.time=9:00PM|orig.date=1867-11-28
1867	11	29	4	58	0	-3	orig=-2.4R|orig.time=7:00AM|orig.date=1867-11-29
1867	11	29	9	58	0	-1	orig=-0.8R|orig.time=Noon|orig.date=1867-11-29
1867	11	29	11	58	0	-0.9	orig=-0.7R|orig.time=2:00PM|orig.date=1867-11-29
1867	11	29	18	58	0	-3.2	orig=-2.6R|orig.time=9:00PM|orig.date=1867-11-29
1867	11	30	4	58	0	-4.9	orig=-3.9R|orig.time=7:00AM|orig.date=1867-11-30
1867	11	30	9	58	0	-5.4	orig=-4.3R|orig.time=Noon|orig.date=1867-11-30
1867	11	30	11	58	0	-5.4	orig=-4.3R|orig.time=2:00PM|orig.date=1867-11-30
1867	11	30	18	58	0	-9	orig=-7.2R|orig.time=9:00PM|orig.date=1867-11-30
1867	12	1	4	58	0	-8.1	orig=-6.5R|orig.time=7:00AM|orig.date=1867-12-01
1867	12	1	9	58	0	-4.2	orig=-3.4R|orig.time=Noon|orig.date=1867-12-01
1867	12	1	11	58	0	-3.4	orig=-2.7R|orig.time=2:00PM|orig.date=1867-12-01
1867	12	1	18	58	0	-9	orig=-7.2R|orig.time=9:00PM|orig.date=1867-12-01
1867	12	2	4	58	0	-6.2	orig=-5R|orig.time=7:00AM|orig.date=1867-12-02
1867	12	2	9	58	0	-1.2	orig=-1R|orig.time=Noon|orig.date=1867-12-02
1867	12	2	11	58	0	-0.6	orig=-0.5R|orig.time=2:00PM|orig.date=1867-12-02
1867	12	2	18	58	0	-0.5	orig=-0.4R|orig.time=9:00PM|orig.date=1867-12-02
1867	12	3	4	58	0	-4.8	orig=-3.8R|orig.time=7:00AM|orig.date=1867-12-03
1867	12	3	9	58	0	1.2	orig=1R|orig.time=Noon|orig.date=1867-12-03
1867	12	3	11	58	0	1.1	orig=0.9R|orig.time=2:00PM|orig.date=1867-12-03
1867	12	3	18	58	0	-5.8	orig=-4.6R|orig.time=9:00PM|orig.date=1867-12-03
1867	12	4	4	58	0	-7.9	orig=-6.3R|orig.time=7:00AM|orig.date=1867-12-04
1867	12	4	9	58	0	2.1	orig=1.7R|orig.time=Noon|orig.date=1867-12-04
1867	12	4	11	58	0	2	orig=1.6R|orig.time=2:00PM|orig.date=1867-12-04
1867	12	4	18	58	0	-1.6	orig=-1.3R|orig.time=9:00PM|orig.date=1867-12-04
1867	12	5	4	58	0	-7	orig=-5.6R|orig.time=7:00AM|orig.date=1867-12-05
1867	12	5	9	58	0	-4	orig=-3.2R|orig.time=Noon|orig.date=1867-12-05
1867	12	5	11	58	0	-3.6	orig=-2.9R|orig.time=2:00PM|orig.date=1867-12-05
1867	12	5	18	58	0	-7.1	orig=-5.7R|orig.time=9:00PM|orig.date=1867-12-05
1867	12	6	4	58	0	-5.2	orig=-4.2R|orig.time=7:00AM|orig.date=1867-12-06
1867	12	6	9	58	0	-2	orig=-1.6R|orig.time=Noon|orig.date=1867-12-06
1867	12	6	11	58	0	-1.8	orig=-1.4R|orig.time=2:00PM|orig.date=1867-12-06
1867	12	6	18	58	0	-0.4	orig=-0.3R|orig.time=9:00PM|orig.date=1867-12-06
1867	12	7	4	58	0	0.6	orig=0.5R|orig.time=7:00AM|orig.date=1867-12-07
1867	12	7	9	58	0	1	orig=0.8R|orig.time=Noon|orig.date=1867-12-07
1867	12	7	11	58	0	0.5	orig=0.4R|orig.time=2:00PM|orig.date=1867-12-07
1867	12	7	18	58	0	0.2	orig=0.2R|orig.time=9:00PM|orig.date=1867-12-07
1867	12	8	4	58	0	0.1	orig=0.1R|orig.time=7:00AM|orig.date=1867-12-08
1867	12	8	9	58	0	1	orig=0.8R|orig.time=Noon|orig.date=1867-12-08
1867	12	8	11	58	0	0.9	orig=0.7R|orig.time=2:00PM|orig.date=1867-12-08
1867	12	8	18	58	0	-0.5	orig=-0.4R|orig.time=9:00PM|orig.date=1867-12-08
1867	12	9	4	58	0	-3.5	orig=-2.8R|orig.time=7:00AM|orig.date=1867-12-09
1867	12	9	9	58	0	-5.6	orig=-4.5R|orig.time=Noon|orig.date=1867-12-09
1867	12	9	11	58	0	-7	orig=-5.6R|orig.time=2:00PM|orig.date=1867-12-09
1867	12	9	18	58	0	-13.9	orig=-11.1R|orig.time=9:00PM|orig.date=1867-12-09
1867	12	10	4	58	0	-16.5	orig=-13.2R|orig.time=7:00AM|orig.date=1867-12-10
1867	12	10	9	58	0	-16.9	orig=-13.5R|orig.time=Noon|orig.date=1867-12-10
1867	12	10	11	58	0	-15.4	orig=-12.3R|orig.time=2:00PM|orig.date=1867-12-10
1867	12	10	18	58	0	-14	orig=-11.2R|orig.time=9:00PM|orig.date=1867-12-10
1867	12	11	4	58	0	-13.2	orig=-10.6R|orig.time=7:00AM|orig.date=1867-12-11
1867	12	11	9	58	0	-6.1	orig=-4.9R|orig.time=Noon|orig.date=1867-12-11
1867	12	11	11	58	0	-3.6	orig=-2.9R|orig.time=2:00PM|orig.date=1867-12-11
1867	12	11	18	58	0	-4.1	orig=-3.3R|orig.time=9:00PM|orig.date=1867-12-11
1867	12	12	4	58	0	-3.8	orig=-3R|orig.time=7:00AM|orig.date=1867-12-12
1867	12	12	9	58	0	-2.6	orig=-2.1R|orig.time=Noon|orig.date=1867-12-12
1867	12	12	11	58	0	-2.9	orig=-2.3R|orig.time=2:00PM|orig.date=1867-12-12
1867	12	12	18	58	0	-5.4	orig=-4.3R|orig.time=9:00PM|orig.date=1867-12-12
1867	12	13	4	58	0	-6.5	orig=-5.2R|orig.time=7:00AM|orig.date=1867-12-13
1867	12	13	9	58	0	-1.8	orig=-1.4R|orig.time=Noon|orig.date=1867-12-13
1867	12	13	11	58	0	-1.9	orig=-1.5R|orig.time=2:00PM|orig.date=1867-12-13
1867	12	13	18	58	0	-3.8	orig=-3R|orig.time=9:00PM|orig.date=1867-12-13
1867	12	14	4	58	0	-14.4	orig=-11.5R|orig.time=7:00AM|orig.date=1867-12-14
1867	12	14	9	58	0	-12.1	orig=-9.7R|orig.time=Noon|orig.date=1867-12-14
1867	12	14	11	58	0	-12.1	orig=-9.7R|orig.time=2:00PM|orig.date=1867-12-14
1867	12	14	18	58	0	-11.8	orig=-9.4R|orig.time=9:00PM|orig.date=1867-12-14
1867	12	15	4	58	0	-13	orig=-10.4R|orig.time=7:00AM|orig.date=1867-12-15
1867	12	15	9	58	0	-9.4	orig=-7.5R|orig.time=Noon|orig.date=1867-12-15
1867	12	15	11	58	0	-8.2	orig=-6.6R|orig.time=2:00PM|orig.date=1867-12-15
1867	12	15	18	58	0	-9.8	orig=-7.8R|orig.time=9:00PM|orig.date=1867-12-15
1867	12	16	4	58	0	-6.9	orig=-5.5R|orig.time=7:00AM|orig.date=1867-12-16
1867	12	16	9	58	0	-4.2	orig=-3.4R|orig.time=Noon|orig.date=1867-12-16
1867	12	16	11	58	0	-3.9	orig=-3.1R|orig.time=2:00PM|orig.date=1867-12-16
1867	12	16	18	58	0	-7.2	orig=-5.8R|orig.time=9:00PM|orig.date=1867-12-16
1867	12	17	4	58	0	-16.5	orig=-13.2R|orig.time=7:00AM|orig.date=1867-12-17
1867	12	17	9	58	0	-15.8	orig=-12.6R|orig.time=Noon|orig.date=1867-12-17
1867	12	17	11	58	0	-14.1	orig=-11.3R|orig.time=2:00PM|orig.date=1867-12-17
1867	12	17	18	58	0	-18.5	orig=-14.8R|orig.time=9:00PM|orig.date=1867-12-17
1867	12	18	4	58	0	-20.6	orig=-16.5R|orig.time=7:00AM|orig.date=1867-12-18
1867	12	18	9	58	0	-15.1	orig=-12.1R|orig.time=Noon|orig.date=1867-12-18
1867	12	18	11	58	0	-13.4	orig=-10.7R|orig.time=2:00PM|orig.date=1867-12-18
1867	12	18	18	58	0	-9.6	orig=-7.7R|orig.time=9:00PM|orig.date=1867-12-18
1867	12	19	4	58	0	-2	orig=-1.6R|orig.time=7:00AM|orig.date=1867-12-19
1867	12	19	9	58	0	-1.2	orig=-1R|orig.time=Noon|orig.date=1867-12-19
1867	12	19	11	58	0	-0.6	orig=-0.5R|orig.time=2:00PM|orig.date=1867-12-19
1867	12	19	18	58	0	-2.1	orig=-1.7R|orig.time=9:00PM|orig.date=1867-12-19
1867	12	20	4	58	0	-3.6	orig=-2.9R|orig.time=7:00AM|orig.date=1867-12-20
1867	12	20	9	58	0	0	orig=0R|orig.time=Noon|orig.date=1867-12-20
1867	12	20	11	58	0	1.4	orig=1.1R|orig.time=2:00PM|orig.date=1867-12-20
1867	12	20	18	58	0	-0.9	orig=-0.7R|orig.time=9:00PM|orig.date=1867-12-20
1867	12	21	4	58	0	-0.2	orig=-0.2R|orig.time=7:00AM|orig.date=1867-12-21
1867	12	21	9	58	0	1.8	orig=1.4R|orig.time=Noon|orig.date=1867-12-21
1867	12	21	11	58	0	2.1	orig=1.7R|orig.time=2:00PM|orig.date=1867-12-21
1867	12	21	18	58	0	1.4	orig=1.1R|orig.time=9:00PM|orig.date=1867-12-21
1867	12	22	4	58	0	-0.4	orig=-0.3R|orig.time=7:00AM|orig.date=1867-12-22
1867	12	22	9	58	0	1.1	orig=0.9R|orig.time=Noon|orig.date=1867-12-22
1867	12	22	11	58	0	0.8	orig=0.6R|orig.time=2:00PM|orig.date=1867-12-22
1867	12	22	18	58	0	-1.6	orig=-1.3R|orig.time=9:00PM|orig.date=1867-12-22
1867	12	23	4	58	0	-8.8	orig=-7R|orig.time=7:00AM|orig.date=1867-12-23
1867	12	23	9	58	0	-2.5	orig=-2R|orig.time=Noon|orig.date=1867-12-23
1867	12	23	11	58	0	-1.8	orig=-1.4R|orig.time=2:00PM|orig.date=1867-12-23
1867	12	23	18	58	0	-0.4	orig=-0.3R|orig.time=9:00PM|orig.date=1867-12-23
1867	12	24	4	58	0	-3.6	orig=-2.9R|orig.time=7:00AM|orig.date=1867-12-24
1867	12	24	9	58	0	-3.6	orig=-2.9R|orig.time=Noon|orig.date=1867-12-24
1867	12	24	11	58	0	-3.8	orig=-3R|orig.time=2:00PM|orig.date=1867-12-24
1867	12	24	18	58	0	-5.5	orig=-4.4R|orig.time=9:00PM|orig.date=1867-12-24
1867	12	25	4	58	0	-7.9	orig=-6.3R|orig.time=7:00AM|orig.date=1867-12-25
1867	12	25	9	58	0	-6.4	orig=-5.1R|orig.time=Noon|orig.date=1867-12-25
1867	12	25	11	58	0	-7.2	orig=-5.8R|orig.time=2:00PM|orig.date=1867-12-25
1867	12	25	18	58	0	-7.2	orig=-5.8R|orig.time=9:00PM|orig.date=1867-12-25
1867	12	26	4	58	0	-7.9	orig=-6.3R|orig.time=7:00AM|orig.date=1867-12-26
1867	12	26	9	58	0	-8.8	orig=-7R|orig.time=Noon|orig.date=1867-12-26
1867	12	26	11	58	0	-10.5	orig=-8.4R|orig.time=2:00PM|orig.date=1867-12-26
1867	12	26	18	58	0	-12.6	orig=-10.1R|orig.time=9:00PM|orig.date=1867-12-26
1867	12	27	4	58	0	-11.4	orig=-9.1R|orig.time=7:00AM|orig.date=1867-12-27
1867	12	27	9	58	0	-9.8	orig=-7.8R|orig.time=Noon|orig.date=1867-12-27
1867	12	27	11	58	0	-10.1	orig=-8.1R|orig.time=2:00PM|orig.date=1867-12-27
1867	12	27	18	58	0	-11.8	orig=-9.4R|orig.time=9:00PM|orig.date=1867-12-27
1867	12	28	4	58	0	-10.1	orig=-8.1R|orig.time=7:00AM|orig.date=1867-12-28
1867	12	28	9	58	0	-7	orig=-5.6R|orig.time=Noon|orig.date=1867-12-28
1867	12	28	11	58	0	-6.4	orig=-5.1R|orig.time=2:00PM|orig.date=1867-12-28
1867	12	28	18	58	0	-5.4	orig=-4.3R|orig.time=9:00PM|orig.date=1867-12-28
1867	12	29	4	58	0	-3.5	orig=-2.8R|orig.time=7:00AM|orig.date=1867-12-29
1867	12	29	9	58	0	-2.8	orig=-2.2R|orig.time=Noon|orig.date=1867-12-29
1867	12	29	11	58	0	-2.8	orig=-2.2R|orig.time=2:00PM|orig.date=1867-12-29
1867	12	29	18	58	0	-2.8	orig=-2.2R|orig.time=9:00PM|orig.date=1867-12-29
1867	12	30	4	58	0	-4.5	orig=-3.6R|orig.time=7:00AM|orig.date=1867-12-30
1867	12	30	9	58	0	-4	orig=-3.2R|orig.time=Noon|orig.date=1867-12-30
1867	12	30	11	58	0	-4.2	orig=-3.4R|orig.time=2:00PM|orig.date=1867-12-30
1867	12	30	18	58	0	-5	orig=-4R|orig.time=9:00PM|orig.date=1867-12-30
1867	12	31	4	58	0	-5.4	orig=-4.3R|orig.time=7:00AM|orig.date=1867-12-31
1867	12	31	9	58	0	-3.8	orig=-3R|orig.time=Noon|orig.date=1867-12-31
1867	12	31	11	58	0	-3.9	orig=-3.1R|orig.time=2:00PM|orig.date=1867-12-31
1867	12	31	18	58	0	-4.8	orig=-3.8R|orig.time=9:00PM|orig.date=1867-12-31
1868	1	1	4	58	0	-5	orig=-4R|orig.time=7:00AM|orig.date=1868-01-01
1868	1	1	9	58	0	-0.1	orig=-0.1R|orig.time=Noon|orig.date=1868-01-01
1868	1	1	11	58	0	-1.1	orig=-0.9R|orig.time=2:00PM|orig.date=1868-01-01
1868	1	1	18	58	0	-4.6	orig=-3.7R|orig.time=9:00PM|orig.date=1868-01-01
1868	1	2	4	58	0	-9.5	orig=-7.6R|orig.time=7:00AM|orig.date=1868-01-02
1868	1	2	9	58	0	-8.4	orig=-6.7R|orig.time=Noon|orig.date=1868-01-02
1868	1	2	11	58	0	-8.4	orig=-6.7R|orig.time=2:00PM|orig.date=1868-01-02
1868	1	2	18	58	0	-8.8	orig=-7R|orig.time=9:00PM|orig.date=1868-01-02
1868	1	3	4	58	0	-7.8	orig=-6.2R|orig.time=7:00AM|orig.date=1868-01-03
1868	1	3	9	58	0	-6.9	orig=-5.5R|orig.time=Noon|orig.date=1868-01-03
1868	1	3	11	58	0	-5.1	orig=-4.1R|orig.time=2:00PM|orig.date=1868-01-03
1868	1	3	18	58	0	-4.8	orig=-3.8R|orig.time=9:00PM|orig.date=1868-01-03
1868	1	4	4	58	0	-2.1	orig=-1.7R|orig.time=7:00AM|orig.date=1868-01-04
1868	1	4	9	58	0	-0.6	orig=-0.5R|orig.time=Noon|orig.date=1868-01-04
1868	1	4	11	58	0	0.4	orig=0.3R|orig.time=2:00PM|orig.date=1868-01-04
1868	1	4	18	58	0	-0.2	orig=-0.2R|orig.time=9:00PM|orig.date=1868-01-04
1868	1	5	4	58	0	-6.2	orig=-5R|orig.time=7:00AM|orig.date=1868-01-05
1868	1	5	9	58	0	-6.5	orig=-5.2R|orig.time=Noon|orig.date=1868-01-05
1868	1	5	11	58	0	-6.6	orig=-5.3R|orig.time=2:00PM|orig.date=1868-01-05
1868	1	5	18	58	0	-9.8	orig=-7.8R|orig.time=9:00PM|orig.date=1868-01-05
1868	1	6	4	58	0	-10.8	orig=-8.6R|orig.time=7:00AM|orig.date=1868-01-06
1868	1	6	9	58	0	-9.9	orig=-7.9R|orig.time=Noon|orig.date=1868-01-06
1868	1	6	11	58	0	-9	orig=-7.2R|orig.time=2:00PM|orig.date=1868-01-06
1868	1	6	18	58	0	-10	orig=-8R|orig.time=9:00PM|orig.date=1868-01-06
1868	1	7	4	58	0	-9	orig=-7.2R|orig.time=7:00AM|orig.date=1868-01-07
1868	1	7	9	58	0	-8.2	orig=-6.6R|orig.time=Noon|orig.date=1868-01-07
1868	1	7	11	58	0	-9	orig=-7.2R|orig.time=2:00PM|orig.date=1868-01-07
1868	1	7	18	58	0	-13.1	orig=-10.5R|orig.time=9:00PM|orig.date=1868-01-07
1868	1	8	4	58	0	-11.4	orig=-9.1R|orig.time=7:00AM|orig.date=1868-01-08
1868	1	8	9	58	0	-9	orig=-7.2R|orig.time=Noon|orig.date=1868-01-08
1868	1	8	11	58	0	-8.5	orig=-6.8R|orig.time=2:00PM|orig.date=1868-01-08
1868	1	8	18	58	0	-9.2	orig=-7.4R|orig.time=9:00PM|orig.date=1868-01-08
1868	1	9	4	58	0	-9.4	orig=-7.5R|orig.time=7:00AM|orig.date=1868-01-09
1868	1	9	9	58	0	-9.2	orig=-7.4R|orig.time=Noon|orig.date=1868-01-09
1868	1	9	11	58	0	-9	orig=-7.2R|orig.time=2:00PM|orig.date=1868-01-09
1868	1	9	18	58	0	-9.4	orig=-7.5R|orig.time=9:00PM|orig.date=1868-01-09
1868	1	10	4	58	0	-10.2	orig=-8.2R|orig.time=7:00AM|orig.date=1868-01-10
1868	1	10	9	58	0	-8.1	orig=-6.5R|orig.time=Noon|orig.date=1868-01-10
1868	1	10	11	58	0	-8	orig=-6.4R|orig.time=2:00PM|orig.date=1868-01-10
1868	1	10	18	58	0	-8.6	orig=-6.9R|orig.time=9:00PM|orig.date=1868-01-10
1868	1	11	4	58	0	-7.8	orig=-6.2R|orig.time=7:00AM|orig.date=1868-01-11
1868	1	11	9	58	0	-7.4	orig=-5.9R|orig.time=Noon|orig.date=1868-01-11
1868	1	11	11	58	0	-6.4	orig=-5.1R|orig.time=2:00PM|orig.date=1868-01-11
1868	1	11	18	58	0	-6.8	orig=-5.4R|orig.time=9:00PM|orig.date=1868-01-11
1868	1	12	4	58	0	-7.5	orig=-6R|orig.time=7:00AM|orig.date=1868-01-12
1868	1	12	9	58	0	-6.5	orig=-5.2R|orig.time=Noon|orig.date=1868-01-12
1868	1	12	11	58	0	-5.6	orig=-4.5R|orig.time=2:00PM|orig.date=1868-01-12
1868	1	12	18	58	0	-10.2	orig=-8.2R|orig.time=9:00PM|orig.date=1868-01-12
1868	1	13	4	58	0	-14.8	orig=-11.8R|orig.time=7:00AM|orig.date=1868-01-13
1868	1	13	9	58	0	-12.8	orig=-10.2R|orig.time=Noon|orig.date=1868-01-13
1868	1	13	11	58	0	-10.2	orig=-8.2R|orig.time=2:00PM|orig.date=1868-01-13
1868	1	13	18	58	0	-10.4	orig=-8.3R|orig.time=9:00PM|orig.date=1868-01-13
1868	1	14	4	58	0	-12.8	orig=-10.2R|orig.time=7:00AM|orig.date=1868-01-14
1868	1	14	9	58	0	-10.9	orig=-8.7R|orig.time=Noon|orig.date=1868-01-14
1868	1	14	11	58	0	-10.1	orig=-8.1R|orig.time=2:00PM|orig.date=1868-01-14
1868	1	14	18	58	0	-7.5	orig=-6R|orig.time=9:00PM|orig.date=1868-01-14
1868	1	15	4	58	0	-4.5	orig=-3.6R|orig.time=7:00AM|orig.date=1868-01-15
1868	1	15	9	58	0	-2	orig=-1.6R|orig.time=Noon|orig.date=1868-01-15
1868	1	15	11	58	0	-0.6	orig=-0.5R|orig.time=2:00PM|orig.date=1868-01-15
1868	1	15	18	58	0	-2.8	orig=-2.2R|orig.time=9:00PM|orig.date=1868-01-15
1868	1	16	4	58	0	-4.5	orig=-3.6R|orig.time=7:00AM|orig.date=1868-01-16
1868	1	16	9	58	0	-1.2	orig=-1R|orig.time=Noon|orig.date=1868-01-16
1868	1	16	11	58	0	0.5	orig=0.4R|orig.time=2:00PM|orig.date=1868-01-16
1868	1	16	18	58	0	1.2	orig=1R|orig.time=9:00PM|orig.date=1868-01-16
1868	1	17	4	58	0	1	orig=0.8R|orig.time=7:00AM|orig.date=1868-01-17
1868	1	17	9	58	0	2	orig=1.6R|orig.time=Noon|orig.date=1868-01-17
1868	1	17	11	58	0	0.9	orig=0.7R|orig.time=2:00PM|orig.date=1868-01-17
1868	1	17	18	58	0	0.5	orig=0.4R|orig.time=9:00PM|orig.date=1868-01-17
1868	1	18	4	58	0	1.5	orig=1.2R|orig.time=7:00AM|orig.date=1868-01-18
1868	1	18	9	58	0	2.5	orig=2R|orig.time=Noon|orig.date=1868-01-18
1868	1	18	11	58	0	2.9	orig=2.3R|orig.time=2:00PM|orig.date=1868-01-18
1868	1	18	18	58	0	3.8	orig=3R|orig.time=9:00PM|orig.date=1868-01-18
1868	1	19	4	58	0	1.9	orig=1.5R|orig.time=7:00AM|orig.date=1868-01-19
1868	1	19	9	58	0	2.4	orig=1.9R|orig.time=Noon|orig.date=1868-01-19
1868	1	19	11	58	0	3.5	orig=2.8R|orig.time=2:00PM|orig.date=1868-01-19
1868	1	19	18	58	0	1.9	orig=1.5R|orig.time=9:00PM|orig.date=1868-01-19
1868	1	20	4	58	0	1.8	orig=1.4R|orig.time=7:00AM|orig.date=1868-01-20
1868	1	20	9	58	0	2.6	orig=2.1R|orig.time=Noon|orig.date=1868-01-20
1868	1	20	11	58	0	3.4	orig=2.7R|orig.time=2:00PM|orig.date=1868-01-20
1868	1	20	18	58	0	1	orig=0.8R|orig.time=9:00PM|orig.date=1868-01-20
1868	1	21	4	58	0	-1.1	orig=-0.9R|orig.time=7:00AM|orig.date=1868-01-21
1868	1	21	9	58	0	-0.1	orig=-0.1R|orig.time=Noon|orig.date=1868-01-21
1868	1	21	11	58	0	-0.4	orig=-0.3R|orig.time=2:00PM|orig.date=1868-01-21
1868	1	21	18	58	0	0.1	orig=0.1R|orig.time=9:00PM|orig.date=1868-01-21
1868	1	22	4	58	0	-0.4	orig=-0.3R|orig.time=7:00AM|orig.date=1868-01-22
1868	1	22	9	58	0	0.4	orig=0.3R|orig.time=Noon|orig.date=1868-01-22
1868	1	22	11	58	0	0.5	orig=0.4R|orig.time=2:00PM|orig.date=1868-01-22
1868	1	22	18	58	0	-3.2	orig=-2.6R|orig.time=9:00PM|orig.date=1868-01-22
1868	1	23	4	58	0	-7.5	orig=-6R|orig.time=7:00AM|orig.date=1868-01-23
1868	1	23	9	58	0	-3.8	orig=-3R|orig.time=Noon|orig.date=1868-01-23
1868	1	23	11	58	0	-2.8	orig=-2.2R|orig.time=2:00PM|orig.date=1868-01-23
1868	1	23	18	58	0	-2.8	orig=-2.2R|orig.time=9:00PM|orig.date=1868-01-23
1868	1	24	4	58	0	-3.9	orig=-3.1R|orig.time=7:00AM|orig.date=1868-01-24
1868	1	24	9	58	0	0.4	orig=0.3R|orig.time=Noon|orig.date=1868-01-24
1868	1	24	11	58	0	1.8	orig=1.4R|orig.time=2:00PM|orig.date=1868-01-24
1868	1	24	18	58	0	-0.6	orig=-0.5R|orig.time=9:00PM|orig.date=1868-01-24
1868	1	25	4	58	0	-6.2	orig=-5R|orig.time=7:00AM|orig.date=1868-01-25
1868	1	25	9	58	0	-9	orig=-7.2R|orig.time=Noon|orig.date=1868-01-25
1868	1	25	11	58	0	-9.8	orig=-7.8R|orig.time=2:00PM|orig.date=1868-01-25
1868	1	25	18	58	0	-17.9	orig=-14.3R|orig.time=9:00PM|orig.date=1868-01-25
1868	1	26	4	58	0	-27.9	orig=-22.3R|orig.time=7:00AM|orig.date=1868-01-26
1868	1	26	9	58	0	-27.1	orig=-21.7R|orig.time=Noon|orig.date=1868-01-26
1868	1	26	11	58	0	-28	orig=-22.4R|orig.time=2:00PM|orig.date=1868-01-26
1868	1	26	18	58	0	-27	orig=-21.6R|orig.time=9:00PM|orig.date=1868-01-26
1868	1	27	4	58	0	-33.1	orig=-26.5R|orig.time=7:00AM|orig.date=1868-01-27
1868	1	27	9	58	0	-28.9	orig=-23.1R|orig.time=Noon|orig.date=1868-01-27
1868	1	27	11	58	0	-27	orig=-21.6R|orig.time=2:00PM|orig.date=1868-01-27
1868	1	27	18	58	0	-27.5	orig=-22R|orig.time=9:00PM|orig.date=1868-01-27
1868	1	28	4	58	0	-24.4	orig=-19.5R|orig.time=7:00AM|orig.date=1868-01-28
1868	1	28	9	58	0	-18.5	orig=-14.8R|orig.time=Noon|orig.date=1868-01-28
1868	1	28	11	58	0	-17.8	orig=-14.2R|orig.time=2:00PM|orig.date=1868-01-28
1868	1	28	18	58	0	-17.2	orig=-13.8R|orig.time=9:00PM|orig.date=1868-01-28
1868	1	29	4	58	0	-16	orig=-12.8R|orig.time=7:00AM|orig.date=1868-01-29
1868	1	29	9	58	0	-11.9	orig=-9.5R|orig.time=Noon|orig.date=1868-01-29
1868	1	29	11	58	0	-11.2	orig=-9R|orig.time=2:00PM|orig.date=1868-01-29
1868	1	29	18	58	0	-15.6	orig=-12.5R|orig.time=9:00PM|orig.date=1868-01-29
1868	1	30	4	58	0	-11.2	orig=-9R|orig.time=7:00AM|orig.date=1868-01-30
1868	1	30	9	58	0	-6.6	orig=-5.3R|orig.time=Noon|orig.date=1868-01-30
1868	1	30	11	58	0	-3.6	orig=-2.9R|orig.time=2:00PM|orig.date=1868-01-30
1868	1	30	18	58	0	-4.1	orig=-3.3R|orig.time=9:00PM|orig.date=1868-01-30
1868	1	31	4	58	0	-6.9	orig=-5.5R|orig.time=7:00AM|orig.date=1868-01-31
1868	1	31	9	58	0	-4.5	orig=-3.6R|orig.time=Noon|orig.date=1868-01-31
1868	1	31	11	58	0	-4	orig=-3.2R|orig.time=2:00PM|orig.date=1868-01-31
1868	1	31	18	58	0	-4.5	orig=-3.6R|orig.time=9:00PM|orig.date=1868-01-31
1868	2	1	4	58	0	-1.1	orig=-0.9R|orig.time=7:00AM|orig.date=1868-02-01
1868	2	1	9	58	0	1.5	orig=1.2R|orig.time=Noon|orig.date=1868-02-01
1868	2	1	11	58	0	1.9	orig=1.5R|orig.time=2:00PM|orig.date=1868-02-01
1868	2	1	18	58	0	-1.9	orig=-1.5R|orig.time=9:00PM|orig.date=1868-02-01
1868	2	2	4	58	0	1.4	orig=1.1R|orig.time=7:00AM|orig.date=1868-02-02
1868	2	2	9	58	0	4	orig=3.2R|orig.time=Noon|orig.date=1868-02-02
1868	2	2	11	58	0	4.2	orig=3.4R|orig.time=2:00PM|orig.date=1868-02-02
1868	2	2	18	58	0	0.8	orig=0.6R|orig.time=9:00PM|orig.date=1868-02-02
1868	2	3	4	58	0	-1.8	orig=-1.4R|orig.time=7:00AM|orig.date=1868-02-03
1868	2	3	9	58	0	3	orig=2.4R|orig.time=Noon|orig.date=1868-02-03
1868	2	3	11	58	0	3.1	orig=2.5R|orig.time=2:00PM|orig.date=1868-02-03
1868	2	3	18	58	0	-3.2	orig=-2.6R|orig.time=9:00PM|orig.date=1868-02-03
1868	2	4	4	58	0	-3	orig=-2.4R|orig.time=7:00AM|orig.date=1868-02-04
1868	2	4	9	58	0	2.6	orig=2.1R|orig.time=Noon|orig.date=1868-02-04
1868	2	4	11	58	0	2.9	orig=2.3R|orig.time=2:00PM|orig.date=1868-02-04
1868	2	4	18	58	0	-0.5	orig=-0.4R|orig.time=9:00PM|orig.date=1868-02-04
1868	2	5	4	58	0	-0.9	orig=-0.7R|orig.time=7:00AM|orig.date=1868-02-05
1868	2	5	9	58	0	-0.6	orig=-0.5R|orig.time=Noon|orig.date=1868-02-05
1868	2	5	11	58	0	0.1	orig=0.1R|orig.time=2:00PM|orig.date=1868-02-05
1868	2	5	18	58	0	0.1	orig=0.1R|orig.time=9:00PM|orig.date=1868-02-05
1868	2	6	4	58	0	-1	orig=-0.8R|orig.time=7:00AM|orig.date=1868-02-06
1868	2	6	9	58	0	0.2	orig=0.2R|orig.time=Noon|orig.date=1868-02-06
1868	2	6	11	58	0	1	orig=0.8R|orig.time=2:00PM|orig.date=1868-02-06
1868	2	6	18	58	0	0.4	orig=0.3R|orig.time=9:00PM|orig.date=1868-02-06
1868	2	7	4	58	0	0.4	orig=0.3R|orig.time=7:00AM|orig.date=1868-02-07
1868	2	7	9	58	0	2.4	orig=1.9R|orig.time=Noon|orig.date=1868-02-07
1868	2	7	11	58	0	1.8	orig=1.4R|orig.time=2:00PM|orig.date=1868-02-07
1868	2	7	18	58	0	0.9	orig=0.7R|orig.time=9:00PM|orig.date=1868-02-07
1868	2	8	4	58	0	-2.1	orig=-1.7R|orig.time=7:00AM|orig.date=1868-02-08
1868	2	8	9	58	0	-2.6	orig=-2.1R|orig.time=Noon|orig.date=1868-02-08
1868	2	8	11	58	0	-1.4	orig=-1.1R|orig.time=2:00PM|orig.date=1868-02-08
1868	2	8	18	58	0	-6	orig=-4.8R|orig.time=9:00PM|orig.date=1868-02-08
1868	2	9	4	58	0	-7.4	orig=-5.9R|orig.time=7:00AM|orig.date=1868-02-09
1868	2	9	9	58	0	-1.2	orig=-1R|orig.time=Noon|orig.date=1868-02-09
1868	2	9	11	58	0	-1	orig=-0.8R|orig.time=2:00PM|orig.date=1868-02-09
1868	2	9	18	58	0	-1.4	orig=-1.1R|orig.time=9:00PM|orig.date=1868-02-09
1868	2	10	4	58	0	-8.8	orig=-7R|orig.time=7:00AM|orig.date=1868-02-10
1868	2	10	9	58	0	-4.5	orig=-3.6R|orig.time=Noon|orig.date=1868-02-10
1868	2	10	11	58	0	-3.1	orig=-2.5R|orig.time=2:00PM|orig.date=1868-02-10
1868	2	10	18	58	0	-9	orig=-7.2R|orig.time=9:00PM|orig.date=1868-02-10
1868	2	11	4	58	0	-8.4	orig=-6.7R|orig.time=7:00AM|orig.date=1868-02-11
1868	2	11	9	58	0	-4	orig=-3.2R|orig.time=Noon|orig.date=1868-02-11
1868	2	11	11	58	0	-1.2	orig=-1R|orig.time=2:00PM|orig.date=1868-02-11
1868	2	11	18	58	0	0.2	orig=0.2R|orig.time=9:00PM|orig.date=1868-02-11
1868	2	12	4	58	0	2.5	orig=2R|orig.time=7:00AM|orig.date=1868-02-12
1868	2	12	9	58	0	0.4	orig=0.3R|orig.time=Noon|orig.date=1868-02-12
1868	2	12	11	58	0	0.4	orig=0.3R|orig.time=2:00PM|orig.date=1868-02-12
1868	2	12	18	58	0	-3.9	orig=-3.1R|orig.time=9:00PM|orig.date=1868-02-12
1868	2	13	4	58	0	-11.2	orig=-9R|orig.time=7:00AM|orig.date=1868-02-13
1868	2	13	9	58	0	-7.5	orig=-6R|orig.time=Noon|orig.date=1868-02-13
1868	2	13	11	58	0	-9	orig=-7.2R|orig.time=2:00PM|orig.date=1868-02-13
1868	2	13	18	58	0	-13.6	orig=-10.9R|orig.time=9:00PM|orig.date=1868-02-13
1868	2	14	4	58	0	-15.5	orig=-12.4R|orig.time=7:00AM|orig.date=1868-02-14
1868	2	14	9	58	0	-12.8	orig=-10.2R|orig.time=Noon|orig.date=1868-02-14
1868	2	14	11	58	0	-12.8	orig=-10.2R|orig.time=2:00PM|orig.date=1868-02-14
1868	2	14	18	58	0	-17	orig=-13.6R|orig.time=9:00PM|orig.date=1868-02-14
1868	2	15	4	58	0	-17.5	orig=-14R|orig.time=7:00AM|orig.date=1868-02-15
1868	2	15	9	58	0	-16.5	orig=-13.2R|orig.time=Noon|orig.date=1868-02-15
1868	2	15	11	58	0	-15.5	orig=-12.4R|orig.time=2:00PM|orig.date=1868-02-15
1868	2	15	18	58	0	-17.8	orig=-14.2R|orig.time=9:00PM|orig.date=1868-02-15
1868	2	16	4	58	0	-18.4	orig=-14.7R|orig.time=7:00AM|orig.date=1868-02-16
1868	2	16	9	58	0	-12.8	orig=-10.2R|orig.time=Noon|orig.date=1868-02-16
1868	2	16	11	58	0	-10.6	orig=-8.5R|orig.time=2:00PM|orig.date=1868-02-16
1868	2	16	18	58	0	-14.1	orig=-11.3R|orig.time=9:00PM|orig.date=1868-02-16
1868	2	17	4	58	0	-14	orig=-11.2R|orig.time=7:00AM|orig.date=1868-02-17
1868	2	17	9	58	0	-8.4	orig=-6.7R|orig.time=Noon|orig.date=1868-02-17
1868	2	17	11	58	0	-7.9	orig=-6.3R|orig.time=2:00PM|orig.date=1868-02-17
1868	2	17	18	58	0	-15.5	orig=-12.4R|orig.time=9:00PM|orig.date=1868-02-17
1868	2	18	4	58	0	-18.8	orig=-15R|orig.time=7:00AM|orig.date=1868-02-18
1868	2	18	9	58	0	-12.8	orig=-10.2R|orig.time=Noon|orig.date=1868-02-18
1868	2	18	11	58	0	-6.9	orig=-5.5R|orig.time=2:00PM|orig.date=1868-02-18
1868	2	18	18	58	0	-11.9	orig=-9.5R|orig.time=9:00PM|orig.date=1868-02-18
1868	2	19	4	58	0	-7.1	orig=-5.7R|orig.time=7:00AM|orig.date=1868-02-19
1868	2	19	9	58	0	-1.4	orig=-1.1R|orig.time=Noon|orig.date=1868-02-19
1868	2	19	11	58	0	-2.1	orig=-1.7R|orig.time=2:00PM|orig.date=1868-02-19
1868	2	19	18	58	0	-5.2	orig=-4.2R|orig.time=9:00PM|orig.date=1868-02-19
1868	2	20	4	58	0	-5.9	orig=-4.7R|orig.time=7:00AM|orig.date=1868-02-20
1868	2	20	9	58	0	-3.9	orig=-3.1R|orig.time=Noon|orig.date=1868-02-20
1868	2	20	11	58	0	-4.8	orig=-3.8R|orig.time=2:00PM|orig.date=1868-02-20
1868	2	20	18	58	0	-7.6	orig=-6.1R|orig.time=9:00PM|orig.date=1868-02-20
1868	2	21	4	58	0	-14.4	orig=-11.5R|orig.time=7:00AM|orig.date=1868-02-21
1868	2	21	9	58	0	-12.9	orig=-10.3R|orig.time=Noon|orig.date=1868-02-21
1868	2	21	11	58	0	-12.5	orig=-10R|orig.time=2:00PM|orig.date=1868-02-21
1868	2	21	18	58	0	-17.9	orig=-14.3R|orig.time=9:00PM|orig.date=1868-02-21
1868	2	22	4	58	0	-21.4	orig=-17.1R|orig.time=7:00AM|orig.date=1868-02-22
1868	2	22	9	58	0	-16.9	orig=-13.5R|orig.time=Noon|orig.date=1868-02-22
1868	2	22	11	58	0	-15.6	orig=-12.5R|orig.time=2:00PM|orig.date=1868-02-22
1868	2	22	18	58	0	-20.6	orig=-16.5R|orig.time=9:00PM|orig.date=1868-02-22
1868	2	23	4	58	0	-24.6	orig=-19.7R|orig.time=7:00AM|orig.date=1868-02-23
1868	2	23	9	58	0	-17.1	orig=-13.7R|orig.time=Noon|orig.date=1868-02-23
1868	2	23	11	58	0	-15.6	orig=-12.5R|orig.time=2:00PM|orig.date=1868-02-23
1868	2	23	18	58	0	-21.1	orig=-16.9R|orig.time=9:00PM|orig.date=1868-02-23
1868	2	24	4	58	0	-24.5	orig=-19.6R|orig.time=7:00AM|orig.date=1868-02-24
1868	2	24	9	58	0	-15	orig=-12R|orig.time=Noon|orig.date=1868-02-24
1868	2	24	11	58	0	-12.6	orig=-10.1R|orig.time=2:00PM|orig.date=1868-02-24
1868	2	24	18	58	0	-19.2	orig=-15.4R|orig.time=9:00PM|orig.date=1868-02-24
1868	2	25	4	58	0	-12.8	orig=-10.2R|orig.time=7:00AM|orig.date=1868-02-25
1868	2	25	9	58	0	-8.5	orig=-6.8R|orig.time=Noon|orig.date=1868-02-25
1868	2	25	11	58	0	-6.8	orig=-5.4R|orig.time=2:00PM|orig.date=1868-02-25
1868	2	25	18	58	0	-1.2	orig=-1R|orig.time=9:00PM|orig.date=1868-02-25
1868	2	26	4	58	0	-2.9	orig=-2.3R|orig.time=7:00AM|orig.date=1868-02-26
1868	2	26	9	58	0	-0.6	orig=-0.5R|orig.time=Noon|orig.date=1868-02-26
1868	2	26	11	58	0	-0.4	orig=-0.3R|orig.time=2:00PM|orig.date=1868-02-26
1868	2	26	18	58	0	-2.6	orig=-2.1R|orig.time=9:00PM|orig.date=1868-02-26
1868	2	27	4	58	0	-3.5	orig=-2.8R|orig.time=7:00AM|orig.date=1868-02-27
1868	2	27	9	58	0	4	orig=3.2R|orig.time=Noon|orig.date=1868-02-27
1868	2	27	11	58	0	3.1	orig=2.5R|orig.time=2:00PM|orig.date=1868-02-27
1868	2	27	18	58	0	2.2	orig=1.8R|orig.time=9:00PM|orig.date=1868-02-27
1868	2	28	4	58	0	3.4	orig=2.7R|orig.time=7:00AM|orig.date=1868-02-28
1868	2	28	9	58	0	5.6	orig=4.5R|orig.time=Noon|orig.date=1868-02-28
1868	2	28	11	58	0	6.5	orig=5.2R|orig.time=2:00PM|orig.date=1868-02-28
1868	2	28	18	58	0	2.8	orig=2.2R|orig.time=9:00PM|orig.date=1868-02-28
1868	2	29	4	58	0	2.5	orig=2R|orig.time=7:00AM|orig.date=1868-02-29
1868	2	29	9	58	0	4.2	orig=3.4R|orig.time=Noon|orig.date=1868-02-29
1868	2	29	11	58	0	4.6	orig=3.7R|orig.time=2:00PM|orig.date=1868-02-29
1868	2	29	18	58	0	-2.1	orig=-1.7R|orig.time=9:00PM|orig.date=1868-02-29
1868	3	1	4	58	0	-5.1	orig=-4.1R|orig.time=7:00AM|orig.date=1868-03-01
1868	3	1	9	58	0	2.2	orig=1.8R|orig.time=Noon|orig.date=1868-03-01
1868	3	1	11	58	0	3.6	orig=2.9R|orig.time=2:00PM|orig.date=1868-03-01
1868	3	1	18	58	0	1.8	orig=1.4R|orig.time=9:00PM|orig.date=1868-03-01
1868	3	2	4	58	0	0.6	orig=0.5R|orig.time=7:00AM|orig.date=1868-03-02
1868	3	2	9	58	0	4	orig=3.2R|orig.time=Noon|orig.date=1868-03-02
1868	3	2	11	58	0	3.5	orig=2.8R|orig.time=2:00PM|orig.date=1868-03-02
1868	3	2	18	58	0	1.2	orig=1R|orig.time=9:00PM|orig.date=1868-03-02
1868	3	3	4	58	0	0.1	orig=0.1R|orig.time=7:00AM|orig.date=1868-03-03
1868	3	3	9	58	0	3.9	orig=3.1R|orig.time=Noon|orig.date=1868-03-03
1868	3	3	11	58	0	3.2	orig=2.6R|orig.time=2:00PM|orig.date=1868-03-03
1868	3	3	18	58	0	-1.5	orig=-1.2R|orig.time=9:00PM|orig.date=1868-03-03
1868	3	4	4	58	0	-2.2	orig=-1.8R|orig.time=7:00AM|orig.date=1868-03-04
1868	3	4	9	58	0	-4.6	orig=-3.7R|orig.time=Noon|orig.date=1868-03-04
1868	3	4	11	58	0	-4.9	orig=-3.9R|orig.time=2:00PM|orig.date=1868-03-04
1868	3	4	18	58	0	-7.2	orig=-5.8R|orig.time=9:00PM|orig.date=1868-03-04
1868	3	5	4	58	0	-7.9	orig=-6.3R|orig.time=7:00AM|orig.date=1868-03-05
1868	3	5	9	58	0	-5.4	orig=-4.3R|orig.time=Noon|orig.date=1868-03-05
1868	3	5	11	58	0	-5.2	orig=-4.2R|orig.time=2:00PM|orig.date=1868-03-05
1868	3	5	18	58	0	-6.4	orig=-5.1R|orig.time=9:00PM|orig.date=1868-03-05
1868	3	6	4	58	0	-7.6	orig=-6.1R|orig.time=7:00AM|orig.date=1868-03-06
1868	3	6	9	58	0	3.4	orig=2.7R|orig.time=Noon|orig.date=1868-03-06
1868	3	6	11	58	0	-1.8	orig=-1.4R|orig.time=2:00PM|orig.date=1868-03-06
1868	3	6	18	58	0	-0.2	orig=-0.2R|orig.time=9:00PM|orig.date=1868-03-06
1868	3	7	4	58	0	-0.9	orig=-0.7R|orig.time=7:00AM|orig.date=1868-03-07
1868	3	7	9	58	0	3.6	orig=2.9R|orig.time=Noon|orig.date=1868-03-07
1868	3	7	11	58	0	3.6	orig=2.9R|orig.time=2:00PM|orig.date=1868-03-07
1868	3	7	18	58	0	0.2	orig=0.2R|orig.time=9:00PM|orig.date=1868-03-07
1868	3	8	4	58	0	-0.5	orig=-0.4R|orig.time=7:00AM|orig.date=1868-03-08
1868	3	8	9	58	0	1.8	orig=1.4R|orig.time=Noon|orig.date=1868-03-08
1868	3	8	11	58	0	1.2	orig=1R|orig.time=2:00PM|orig.date=1868-03-08
1868	3	8	18	58	0	-0.2	orig=-0.2R|orig.time=9:00PM|orig.date=1868-03-08
1868	3	9	4	58	0	0	orig=0R|orig.time=7:00AM|orig.date=1868-03-09
1868	3	9	9	58	0	3.5	orig=2.8R|orig.time=Noon|orig.date=1868-03-09
1868	3	9	11	58	0	3.9	orig=3.1R|orig.time=2:00PM|orig.date=1868-03-09
1868	3	9	18	58	0	-1	orig=-0.8R|orig.time=9:00PM|orig.date=1868-03-09
1868	3	10	4	58	0	-0.8	orig=-0.6R|orig.time=7:00AM|orig.date=1868-03-10
1868	3	10	9	58	0	3	orig=2.4R|orig.time=Noon|orig.date=1868-03-10
1868	3	10	11	58	0	3.1	orig=2.5R|orig.time=2:00PM|orig.date=1868-03-10
1868	3	10	18	58	0	1.1	orig=0.9R|orig.time=9:00PM|orig.date=1868-03-10
1868	3	11	4	58	0	0.4	orig=0.3R|orig.time=7:00AM|orig.date=1868-03-11
1868	3	11	9	58	0	4.6	orig=3.7R|orig.time=Noon|orig.date=1868-03-11
1868	3	11	11	58	0	4.1	orig=3.3R|orig.time=2:00PM|orig.date=1868-03-11
1868	3	11	18	58	0	-1.4	orig=-1.1R|orig.time=9:00PM|orig.date=1868-03-11
1868	3	12	4	58	0	0	orig=0R|orig.time=7:00AM|orig.date=1868-03-12
1868	3	12	9	58	0	1.5	orig=1.2R|orig.time=Noon|orig.date=1868-03-12
1868	3	12	11	58	0	2.2	orig=1.8R|orig.time=2:00PM|orig.date=1868-03-12
1868	3	12	18	58	0	0.4	orig=0.3R|orig.time=9:00PM|orig.date=1868-03-12
1868	3	13	4	58	0	0	orig=0R|orig.time=7:00AM|orig.date=1868-03-13
1868	3	13	9	58	0	1.8	orig=1.4R|orig.time=Noon|orig.date=1868-03-13
1868	3	13	11	58	0	2.1	orig=1.7R|orig.time=2:00PM|orig.date=1868-03-13
1868	3	13	18	58	0	-1.1	orig=-0.9R|orig.time=9:00PM|orig.date=1868-03-13
1868	3	14	4	58	0	-3.5	orig=-2.8R|orig.time=7:00AM|orig.date=1868-03-14
1868	3	14	9	58	0	-2	orig=-1.6R|orig.time=Noon|orig.date=1868-03-14
1868	3	14	11	58	0	-0.6	orig=-0.5R|orig.time=2:00PM|orig.date=1868-03-14
1868	3	14	18	58	0	-7	orig=-5.6R|orig.time=9:00PM|orig.date=1868-03-14
1868	3	15	4	58	0	-9.6	orig=-7.7R|orig.time=7:00AM|orig.date=1868-03-15
1868	3	15	9	58	0	-3.4	orig=-2.7R|orig.time=Noon|orig.date=1868-03-15
1868	3	15	11	58	0	-2.5	orig=-2R|orig.time=2:00PM|orig.date=1868-03-15
1868	3	15	18	58	0	-8	orig=-6.4R|orig.time=9:00PM|orig.date=1868-03-15
1868	3	16	4	58	0	-10	orig=-8R|orig.time=7:00AM|orig.date=1868-03-16
1868	3	16	9	58	0	-2.6	orig=-2.1R|orig.time=Noon|orig.date=1868-03-16
1868	3	16	11	58	0	-1.9	orig=-1.5R|orig.time=2:00PM|orig.date=1868-03-16
1868	3	16	18	58	0	-6.2	orig=-5R|orig.time=9:00PM|orig.date=1868-03-16
1868	3	17	4	58	0	-10.2	orig=-8.2R|orig.time=7:00AM|orig.date=1868-03-17
1868	3	17	9	58	0	-3.5	orig=-2.8R|orig.time=Noon|orig.date=1868-03-17
1868	3	17	11	58	0	-1.8	orig=-1.4R|orig.time=2:00PM|orig.date=1868-03-17
1868	3	17	18	58	0	-5	orig=-4R|orig.time=9:00PM|orig.date=1868-03-17
1868	3	18	4	58	0	-7.9	orig=-6.3R|orig.time=7:00AM|orig.date=1868-03-18
1868	3	18	9	58	0	-3	orig=-2.4R|orig.time=Noon|orig.date=1868-03-18
1868	3	18	11	58	0	-2.4	orig=-1.9R|orig.time=2:00PM|orig.date=1868-03-18
1868	3	18	18	58	0	-4.2	orig=-3.4R|orig.time=9:00PM|orig.date=1868-03-18
1868	3	19	4	58	0	-3	orig=-2.4R|orig.time=7:00AM|orig.date=1868-03-19
1868	3	19	9	58	0	0.2	orig=0.2R|orig.time=Noon|orig.date=1868-03-19
1868	3	19	11	58	0	0.4	orig=0.3R|orig.time=2:00PM|orig.date=1868-03-19
1868	3	19	18	58	0	-4.2	orig=-3.4R|orig.time=9:00PM|orig.date=1868-03-19
1868	3	20	4	58	0	-2	orig=-1.6R|orig.time=7:00AM|orig.date=1868-03-20
1868	3	20	9	58	0	2.5	orig=2R|orig.time=Noon|orig.date=1868-03-20
1868	3	20	11	58	0	2.8	orig=2.2R|orig.time=2:00PM|orig.date=1868-03-20
1868	3	20	18	58	0	0.1	orig=0.1R|orig.time=9:00PM|orig.date=1868-03-20
1868	3	21	4	58	0	-0.4	orig=-0.3R|orig.time=7:00AM|orig.date=1868-03-21
1868	3	21	9	58	0	2.9	orig=2.3R|orig.time=Noon|orig.date=1868-03-21
1868	3	21	11	58	0	3	orig=2.4R|orig.time=2:00PM|orig.date=1868-03-21
1868	3	21	18	58	0	-3	orig=-2.4R|orig.time=9:00PM|orig.date=1868-03-21
1868	3	22	4	58	0	-1.4	orig=-1.1R|orig.time=7:00AM|orig.date=1868-03-22
1868	3	22	9	58	0	2.9	orig=2.3R|orig.time=Noon|orig.date=1868-03-22
1868	3	22	11	58	0	3.1	orig=2.5R|orig.time=2:00PM|orig.date=1868-03-22
1868	3	22	18	58	0	-3.2	orig=-2.6R|orig.time=9:00PM|orig.date=1868-03-22
1868	3	23	4	58	0	-6	orig=-4.8R|orig.time=7:00AM|orig.date=1868-03-23
1868	3	23	9	58	0	-2.1	orig=-1.7R|orig.time=Noon|orig.date=1868-03-23
1868	3	23	11	58	0	-3	orig=-2.4R|orig.time=2:00PM|orig.date=1868-03-23
1868	3	23	18	58	0	-5	orig=-4R|orig.time=9:00PM|orig.date=1868-03-23
1868	3	24	4	58	0	-4.4	orig=-3.5R|orig.time=7:00AM|orig.date=1868-03-24
1868	3	24	9	58	0	-0.1	orig=-0.1R|orig.time=Noon|orig.date=1868-03-24
1868	3	24	11	58	0	-1.2	orig=-1R|orig.time=2:00PM|orig.date=1868-03-24
1868	3	24	18	58	0	-0.1	orig=-0.1R|orig.time=9:00PM|orig.date=1868-03-24
1868	3	25	4	58	0	-2.9	orig=-2.3R|orig.time=7:00AM|orig.date=1868-03-25
1868	3	25	9	58	0	-1.5	orig=-1.2R|orig.time=Noon|orig.date=1868-03-25
1868	3	25	11	58	0	-0.9	orig=-0.7R|orig.time=2:00PM|orig.date=1868-03-25
1868	3	25	18	58	0	-2.5	orig=-2R|orig.time=9:00PM|orig.date=1868-03-25
1868	3	26	4	58	0	0.4	orig=0.3R|orig.time=7:00AM|orig.date=1868-03-26
1868	3	26	9	58	0	1	orig=0.8R|orig.time=Noon|orig.date=1868-03-26
1868	3	26	11	58	0	0.5	orig=0.4R|orig.time=2:00PM|orig.date=1868-03-26
1868	3	26	18	58	0	0.4	orig=0.3R|orig.time=9:00PM|orig.date=1868-03-26
1868	3	27	4	58	0	1	orig=0.8R|orig.time=7:00AM|orig.date=1868-03-27
1868	3	27	9	58	0	3	orig=2.4R|orig.time=Noon|orig.date=1868-03-27
1868	3	27	11	58	0	1.6	orig=1.3R|orig.time=2:00PM|orig.date=1868-03-27
1868	3	27	18	58	0	1.6	orig=1.3R|orig.time=9:00PM|orig.date=1868-03-27
1868	3	28	4	58	0	1.1	orig=0.9R|orig.time=7:00AM|orig.date=1868-03-28
1868	3	28	9	58	0	1.2	orig=1R|orig.time=Noon|orig.date=1868-03-28
1868	3	28	11	58	0	1.2	orig=1R|orig.time=2:00PM|orig.date=1868-03-28
1868	3	28	18	58	0	0.2	orig=0.2R|orig.time=9:00PM|orig.date=1868-03-28
1868	3	29	4	58	0	0.4	orig=0.3R|orig.time=7:00AM|orig.date=1868-03-29
1868	3	29	9	58	0	1.2	orig=1R|orig.time=Noon|orig.date=1868-03-29
1868	3	29	11	58	0	2	orig=1.6R|orig.time=2:00PM|orig.date=1868-03-29
1868	3	29	18	58	0	-0.5	orig=-0.4R|orig.time=9:00PM|orig.date=1868-03-29
1868	3	30	4	58	0	-1.2	orig=-1R|orig.time=7:00AM|orig.date=1868-03-30
1868	3	30	9	58	0	-0.6	orig=-0.5R|orig.time=Noon|orig.date=1868-03-30
1868	3	30	11	58	0	0.1	orig=0.1R|orig.time=2:00PM|orig.date=1868-03-30
1868	3	30	18	58	0	-1	orig=-0.8R|orig.time=9:00PM|orig.date=1868-03-30
1868	3	31	4	58	0	-1.8	orig=-1.4R|orig.time=7:00AM|orig.date=1868-03-31
1868	3	31	9	58	0	-0.4	orig=-0.3R|orig.time=Noon|orig.date=1868-03-31
1868	3	31	11	58	0	0	orig=0R|orig.time=2:00PM|orig.date=1868-03-31
1868	3	31	18	58	0	0.1	orig=0.1R|orig.time=9:00PM|orig.date=1868-03-31
1868	4	1	4	58	0	0.2	orig=0.2R|orig.time=7:00AM|orig.date=1868-04-01
1868	4	1	9	58	0	1.2	orig=1R|orig.time=Noon|orig.date=1868-04-01
1868	4	1	11	58	0	2.8	orig=2.2R|orig.time=2:00PM|orig.date=1868-04-01
1868	4	1	18	58	0	1.9	orig=1.5R|orig.time=9:00PM|orig.date=1868-04-01
1868	4	2	4	58	0	0.9	orig=0.7R|orig.time=7:00AM|orig.date=1868-04-02
1868	4	2	9	58	0	3	orig=2.4R|orig.time=Noon|orig.date=1868-04-02
1868	4	2	11	58	0	4.1	orig=3.3R|orig.time=2:00PM|orig.date=1868-04-02
1868	4	2	18	58	0	-0.4	orig=-0.3R|orig.time=9:00PM|orig.date=1868-04-02
1868	4	3	4	58	0	-2.6	orig=-2.1R|orig.time=7:00AM|orig.date=1868-04-03
1868	4	3	9	58	0	-0.4	orig=-0.3R|orig.time=Noon|orig.date=1868-04-03
1868	4	3	11	58	0	-0.6	orig=-0.5R|orig.time=2:00PM|orig.date=1868-04-03
1868	4	3	18	58	0	-4.2	orig=-3.4R|orig.time=9:00PM|orig.date=1868-04-03
1868	4	4	4	58	0	-5.4	orig=-4.3R|orig.time=7:00AM|orig.date=1868-04-04
1868	4	4	9	58	0	-1.8	orig=-1.4R|orig.time=Noon|orig.date=1868-04-04
1868	4	4	11	58	0	-1.1	orig=-0.9R|orig.time=2:00PM|orig.date=1868-04-04
1868	4	4	18	58	0	-3.4	orig=-2.7R|orig.time=9:00PM|orig.date=1868-04-04
1868	4	5	4	58	0	-1	orig=-0.8R|orig.time=7:00AM|orig.date=1868-04-05
1868	4	5	9	58	0	3.5	orig=2.8R|orig.time=Noon|orig.date=1868-04-05
1868	4	5	11	58	0	3.5	orig=2.8R|orig.time=2:00PM|orig.date=1868-04-05
1868	4	5	18	58	0	1.8	orig=1.4R|orig.time=9:00PM|orig.date=1868-04-05
1868	4	6	4	58	0	4.4	orig=3.5R|orig.time=7:00AM|orig.date=1868-04-06
1868	4	6	9	58	0	10.1	orig=8.1R|orig.time=Noon|orig.date=1868-04-06
1868	4	6	11	58	0	10	orig=8R|orig.time=2:00PM|orig.date=1868-04-06
1868	4	6	18	58	0	6.8	orig=5.4R|orig.time=9:00PM|orig.date=1868-04-06
1868	4	7	4	58	0	7.2	orig=5.8R|orig.time=7:00AM|orig.date=1868-04-07
1868	4	7	9	58	0	13.2	orig=10.6R|orig.time=Noon|orig.date=1868-04-07
1868	4	7	11	58	0	10.5	orig=8.4R|orig.time=2:00PM|orig.date=1868-04-07
1868	4	7	18	58	0	2.8	orig=2.2R|orig.time=9:00PM|orig.date=1868-04-07
1868	4	8	4	58	0	1.6	orig=1.3R|orig.time=7:00AM|orig.date=1868-04-08
1868	4	8	9	58	0	5.1	orig=4.1R|orig.time=Noon|orig.date=1868-04-08
1868	4	8	11	58	0	6.1	orig=4.9R|orig.time=2:00PM|orig.date=1868-04-08
1868	4	8	18	58	0	0.5	orig=0.4R|orig.time=9:00PM|orig.date=1868-04-08
1868	4	9	4	58	0	4.4	orig=3.5R|orig.time=7:00AM|orig.date=1868-04-09
1868	4	9	9	58	0	12.2	orig=9.8R|orig.time=Noon|orig.date=1868-04-09
1868	4	9	11	58	0	13	orig=10.4R|orig.time=2:00PM|orig.date=1868-04-09
1868	4	9	18	58	0	6.9	orig=5.5R|orig.time=9:00PM|orig.date=1868-04-09
1868	4	10	4	58	0	6.8	orig=5.4R|orig.time=7:00AM|orig.date=1868-04-10
1868	4	10	9	58	0	14.8	orig=11.8R|orig.time=Noon|orig.date=1868-04-10
1868	4	10	11	58	0	16.4	orig=13.1R|orig.time=2:00PM|orig.date=1868-04-10
1868	4	10	18	58	0	10.4	orig=8.3R|orig.time=9:00PM|orig.date=1868-04-10
1868	4	11	4	58	0	8.6	orig=6.9R|orig.time=7:00AM|orig.date=1868-04-11
1868	4	11	9	58	0	16.8	orig=13.4R|orig.time=Noon|orig.date=1868-04-11
1868	4	11	11	58	0	17.4	orig=13.9R|orig.time=2:00PM|orig.date=1868-04-11
1868	4	11	18	58	0	11.2	orig=9R|orig.time=9:00PM|orig.date=1868-04-11
1868	4	12	4	58	0	8.5	orig=6.8R|orig.time=7:00AM|orig.date=1868-04-12
1868	4	12	9	58	0	13.6	orig=10.9R|orig.time=Noon|orig.date=1868-04-12
1868	4	12	11	58	0	13.9	orig=11.1R|orig.time=2:00PM|orig.date=1868-04-12
1868	4	12	18	58	0	6.6	orig=5.3R|orig.time=9:00PM|orig.date=1868-04-12
1868	4	13	4	58	0	3.9	orig=3.1R|orig.time=7:00AM|orig.date=1868-04-13
1868	4	13	9	58	0	4	orig=3.2R|orig.time=Noon|orig.date=1868-04-13
1868	4	13	11	58	0	3.8	orig=3R|orig.time=2:00PM|orig.date=1868-04-13
1868	4	13	18	58	0	2.9	orig=2.3R|orig.time=9:00PM|orig.date=1868-04-13
1868	4	14	4	58	0	2.1	orig=1.7R|orig.time=7:00AM|orig.date=1868-04-14
1868	4	14	9	58	0	3.6	orig=2.9R|orig.time=Noon|orig.date=1868-04-14
1868	4	14	11	58	0	4.9	orig=3.9R|orig.time=2:00PM|orig.date=1868-04-14
1868	4	14	18	58	0	5.6	orig=4.5R|orig.time=9:00PM|orig.date=1868-04-14
1868	4	15	4	58	0	2.5	orig=2R|orig.time=7:00AM|orig.date=1868-04-15
1868	4	15	9	58	0	3.8	orig=3R|orig.time=Noon|orig.date=1868-04-15
1868	4	15	11	58	0	4	orig=3.2R|orig.time=2:00PM|orig.date=1868-04-15
1868	4	15	18	58	0	3.8	orig=3R|orig.time=9:00PM|orig.date=1868-04-15
1868	4	16	4	58	0	3.2	orig=2.6R|orig.time=7:00AM|orig.date=1868-04-16
1868	4	16	9	58	0	7.2	orig=5.8R|orig.time=Noon|orig.date=1868-04-16
1868	4	16	11	58	0	7.9	orig=6.3R|orig.time=2:00PM|orig.date=1868-04-16
1868	4	16	18	58	0	4.5	orig=3.6R|orig.time=9:00PM|orig.date=1868-04-16
1868	4	17	4	58	0	3.1	orig=2.5R|orig.time=7:00AM|orig.date=1868-04-17
1868	4	17	9	58	0	8.8	orig=7R|orig.time=Noon|orig.date=1868-04-17
1868	4	17	11	58	0	8.8	orig=7R|orig.time=2:00PM|orig.date=1868-04-17
1868	4	17	18	58	0	6.8	orig=5.4R|orig.time=9:00PM|orig.date=1868-04-17
1868	4	18	4	58	0	6.2	orig=5R|orig.time=7:00AM|orig.date=1868-04-18
1868	4	18	9	58	0	10.5	orig=8.4R|orig.time=Noon|orig.date=1868-04-18
1868	4	18	11	58	0	12	orig=9.6R|orig.time=2:00PM|orig.date=1868-04-18
1868	4	18	18	58	0	9.2	orig=7.4R|orig.time=9:00PM|orig.date=1868-04-18
1868	4	19	4	58	0	9.5	orig=7.6R|orig.time=7:00AM|orig.date=1868-04-19
1868	4	19	9	58	0	8.9	orig=7.1R|orig.time=Noon|orig.date=1868-04-19
1868	4	19	11	58	0	9.1	orig=7.3R|orig.time=2:00PM|orig.date=1868-04-19
1868	4	19	18	58	0	7.2	orig=5.8R|orig.time=9:00PM|orig.date=1868-04-19
1868	4	20	4	58	0	6.5	orig=5.2R|orig.time=7:00AM|orig.date=1868-04-20
1868	4	20	9	58	0	9	orig=7.2R|orig.time=Noon|orig.date=1868-04-20
1868	4	20	11	58	0	12.1	orig=9.7R|orig.time=2:00PM|orig.date=1868-04-20
1868	4	20	18	58	0	7.6	orig=6.1R|orig.time=9:00PM|orig.date=1868-04-20
1868	4	21	4	58	0	5.1	orig=4.1R|orig.time=7:00AM|orig.date=1868-04-21
1868	4	21	9	58	0	10.8	orig=8.6R|orig.time=Noon|orig.date=1868-04-21
1868	4	21	11	58	0	10	orig=8R|orig.time=2:00PM|orig.date=1868-04-21
1868	4	21	18	58	0	6.2	orig=5R|orig.time=9:00PM|orig.date=1868-04-21
1868	4	22	4	58	0	7.9	orig=6.3R|orig.time=7:00AM|orig.date=1868-04-22
1868	4	22	9	58	0	11.9	orig=9.5R|orig.time=Noon|orig.date=1868-04-22
1868	4	22	11	58	0	12.5	orig=10R|orig.time=2:00PM|orig.date=1868-04-22
1868	4	22	18	58	0	8.5	orig=6.8R|orig.time=9:00PM|orig.date=1868-04-22
1868	4	23	4	58	0	7.5	orig=6R|orig.time=7:00AM|orig.date=1868-04-23
1868	4	23	9	58	0	12.5	orig=10R|orig.time=Noon|orig.date=1868-04-23
1868	4	23	11	58	0	18.2	orig=14.6R|orig.time=2:00PM|orig.date=1868-04-23
1868	4	23	18	58	0	12.2	orig=9.8R|orig.time=9:00PM|orig.date=1868-04-23
1868	4	24	4	58	0	12.4	orig=9.9R|orig.time=7:00AM|orig.date=1868-04-24
1868	4	24	9	58	0	19.2	orig=15.4R|orig.time=Noon|orig.date=1868-04-24
1868	4	24	11	58	0	20.2	orig=16.2R|orig.time=2:00PM|orig.date=1868-04-24
1868	4	24	18	58	0	13.8	orig=11R|orig.time=9:00PM|orig.date=1868-04-24
1868	4	25	4	58	0	12.5	orig=10R|orig.time=7:00AM|orig.date=1868-04-25
1868	4	25	9	58	0	16.6	orig=13.3R|orig.time=Noon|orig.date=1868-04-25
1868	4	25	11	58	0	16.6	orig=13.3R|orig.time=2:00PM|orig.date=1868-04-25
1868	4	25	18	58	0	13.1	orig=10.5R|orig.time=9:00PM|orig.date=1868-04-25
1868	4	26	4	58	0	12.5	orig=10R|orig.time=7:00AM|orig.date=1868-04-26
1868	4	26	9	58	0	11.2	orig=9R|orig.time=Noon|orig.date=1868-04-26
1868	4	26	11	58	0	11.5	orig=9.2R|orig.time=2:00PM|orig.date=1868-04-26
1868	4	26	18	58	0	7.4	orig=5.9R|orig.time=9:00PM|orig.date=1868-04-26
1868	4	27	4	58	0	4.1	orig=3.3R|orig.time=7:00AM|orig.date=1868-04-27
1868	4	27	9	58	0	5.2	orig=4.2R|orig.time=Noon|orig.date=1868-04-27
1868	4	27	11	58	0	6.1	orig=4.9R|orig.time=2:00PM|orig.date=1868-04-27
1868	4	27	18	58	0	4	orig=3.2R|orig.time=9:00PM|orig.date=1868-04-27
1868	4	28	4	58	0	4.8	orig=3.8R|orig.time=7:00AM|orig.date=1868-04-28
1868	4	28	9	58	0	8.6	orig=6.9R|orig.time=Noon|orig.date=1868-04-28
1868	4	28	11	58	0	11	orig=8.8R|orig.time=2:00PM|orig.date=1868-04-28
1868	4	28	18	58	0	4.9	orig=3.9R|orig.time=9:00PM|orig.date=1868-04-28
1868	4	29	4	58	0	7.9	orig=6.3R|orig.time=7:00AM|orig.date=1868-04-29
1868	4	29	9	58	0	7.4	orig=5.9R|orig.time=Noon|orig.date=1868-04-29
1868	4	29	11	58	0	6.1	orig=4.9R|orig.time=2:00PM|orig.date=1868-04-29
1868	4	29	18	58	0	4.6	orig=3.7R|orig.time=9:00PM|orig.date=1868-04-29
1868	4	30	4	58	0	6.1	orig=4.9R|orig.time=7:00AM|orig.date=1868-04-30
1868	4	30	9	58	0	11.9	orig=9.5R|orig.time=Noon|orig.date=1868-04-30
1868	4	30	11	58	0	10.9	orig=8.7R|orig.time=2:00PM|orig.date=1868-04-30
1868	4	30	18	58	0	7.1	orig=5.7R|orig.time=9:00PM|orig.date=1868-04-30
1868	5	1	4	58	0	8.1	orig=6.5R|orig.time=7:00AM|orig.date=1868-05-01
1868	5	1	9	58	0	13	orig=10.4R|orig.time=Noon|orig.date=1868-05-01
1868	5	1	11	58	0	11	orig=8.8R|orig.time=2:00PM|orig.date=1868-05-01
1868	5	1	18	58	0	5.6	orig=4.5R|orig.time=9:00PM|orig.date=1868-05-01
1868	5	2	4	58	0	6.6	orig=5.3R|orig.time=7:00AM|orig.date=1868-05-02
1868	5	2	9	58	0	10.2	orig=8.2R|orig.time=Noon|orig.date=1868-05-02
1868	5	2	11	58	0	11.2	orig=9R|orig.time=2:00PM|orig.date=1868-05-02
1868	5	2	18	58	0	9.5	orig=7.6R|orig.time=9:00PM|orig.date=1868-05-02
1868	5	3	4	58	0	9.9	orig=7.9R|orig.time=7:00AM|orig.date=1868-05-03
1868	5	3	9	58	0	10.2	orig=8.2R|orig.time=Noon|orig.date=1868-05-03
1868	5	3	11	58	0	10.1	orig=8.1R|orig.time=2:00PM|orig.date=1868-05-03
1868	5	3	18	58	0	5.1	orig=4.1R|orig.time=9:00PM|orig.date=1868-05-03
1868	5	4	4	58	0	5.8	orig=4.6R|orig.time=7:00AM|orig.date=1868-05-04
1868	5	4	9	58	0	9.9	orig=7.9R|orig.time=Noon|orig.date=1868-05-04
1868	5	4	11	58	0	11.1	orig=8.9R|orig.time=2:00PM|orig.date=1868-05-04
1868	5	4	18	58	0	8.6	orig=6.9R|orig.time=9:00PM|orig.date=1868-05-04
1868	5	5	4	58	0	10.4	orig=8.3R|orig.time=7:00AM|orig.date=1868-05-05
1868	5	5	9	58	0	14.8	orig=11.8R|orig.time=Noon|orig.date=1868-05-05
1868	5	5	11	58	0	14.5	orig=11.6R|orig.time=2:00PM|orig.date=1868-05-05
1868	5	5	18	58	0	12	orig=9.6R|orig.time=9:00PM|orig.date=1868-05-05
1868	5	6	4	58	0	12.5	orig=10R|orig.time=7:00AM|orig.date=1868-05-06
1868	5	6	9	58	0	15	orig=12R|orig.time=Noon|orig.date=1868-05-06
1868	5	6	11	58	0	14.8	orig=11.8R|orig.time=2:00PM|orig.date=1868-05-06
1868	5	6	18	58	0	10	orig=8R|orig.time=9:00PM|orig.date=1868-05-06
1868	5	7	4	58	0	6.5	orig=5.2R|orig.time=7:00AM|orig.date=1868-05-07
1868	5	7	9	58	0	8.9	orig=7.1R|orig.time=Noon|orig.date=1868-05-07
1868	5	7	11	58	0	10	orig=8R|orig.time=2:00PM|orig.date=1868-05-07
1868	5	7	18	58	0	7.2	orig=5.8R|orig.time=9:00PM|orig.date=1868-05-07
1868	5	8	4	58	0	8.4	orig=6.7R|orig.time=7:00AM|orig.date=1868-05-08
1868	5	8	9	58	0	13.2	orig=10.6R|orig.time=Noon|orig.date=1868-05-08
1868	5	8	11	58	0	13.5	orig=10.8R|orig.time=2:00PM|orig.date=1868-05-08
1868	5	8	18	58	0	7.9	orig=6.3R|orig.time=9:00PM|orig.date=1868-05-08
1868	5	9	4	58	0	10.4	orig=8.3R|orig.time=7:00AM|orig.date=1868-05-09
1868	5	9	9	58	0	11.9	orig=9.5R|orig.time=Noon|orig.date=1868-05-09
1868	5	9	11	58	0	14.2	orig=11.4R|orig.time=2:00PM|orig.date=1868-05-09
1868	5	9	18	58	0	8.1	orig=6.5R|orig.time=9:00PM|orig.date=1868-05-09
1868	5	10	4	58	0	13.8	orig=11R|orig.time=7:00AM|orig.date=1868-05-10
1868	5	10	9	58	0	17.1	orig=13.7R|orig.time=Noon|orig.date=1868-05-10
1868	5	10	11	58	0	17.2	orig=13.8R|orig.time=2:00PM|orig.date=1868-05-10
1868	5	10	18	58	0	13.6	orig=10.9R|orig.time=9:00PM|orig.date=1868-05-10
1868	5	11	4	58	0	12.2	orig=9.8R|orig.time=7:00AM|orig.date=1868-05-11
1868	5	11	9	58	0	11.9	orig=9.5R|orig.time=Noon|orig.date=1868-05-11
1868	5	11	11	58	0	12.4	orig=9.9R|orig.time=2:00PM|orig.date=1868-05-11
1868	5	11	18	58	0	7	orig=5.6R|orig.time=9:00PM|orig.date=1868-05-11
1868	5	12	4	58	0	13.1	orig=10.5R|orig.time=7:00AM|orig.date=1868-05-12
1868	5	12	9	58	0	15	orig=12R|orig.time=Noon|orig.date=1868-05-12
1868	5	12	11	58	0	15.9	orig=12.7R|orig.time=2:00PM|orig.date=1868-05-12
1868	5	12	18	58	0	11.9	orig=9.5R|orig.time=9:00PM|orig.date=1868-05-12
1868	5	13	4	58	0	16.4	orig=13.1R|orig.time=7:00AM|orig.date=1868-05-13
1868	5	13	9	58	0	19	orig=15.2R|orig.time=Noon|orig.date=1868-05-13
1868	5	13	11	58	0	18	orig=14.4R|orig.time=2:00PM|orig.date=1868-05-13
1868	5	13	18	58	0	14.5	orig=11.6R|orig.time=9:00PM|orig.date=1868-05-13
1868	5	14	4	58	0	17	orig=13.6R|orig.time=7:00AM|orig.date=1868-05-14
1868	5	14	9	58	0	19.8	orig=15.8R|orig.time=Noon|orig.date=1868-05-14
1868	5	14	11	58	0	19.8	orig=15.8R|orig.time=2:00PM|orig.date=1868-05-14
1868	5	14	18	58	0	16.1	orig=12.9R|orig.time=9:00PM|orig.date=1868-05-14
1868	5	15	4	58	0	16.4	orig=13.1R|orig.time=7:00AM|orig.date=1868-05-15
1868	5	15	9	58	0	20	orig=16R|orig.time=Noon|orig.date=1868-05-15
1868	5	15	11	58	0	20.5	orig=16.4R|orig.time=2:00PM|orig.date=1868-05-15
1868	5	15	18	58	0	15.2	orig=12.2R|orig.time=9:00PM|orig.date=1868-05-15
1868	5	16	4	58	0	17	orig=13.6R|orig.time=7:00AM|orig.date=1868-05-16
1868	5	16	9	58	0	21.9	orig=17.5R|orig.time=Noon|orig.date=1868-05-16
1868	5	16	11	58	0	22.8	orig=18.2R|orig.time=2:00PM|orig.date=1868-05-16
1868	5	16	18	58	0	18.2	orig=14.6R|orig.time=9:00PM|orig.date=1868-05-16
1868	5	17	4	58	0	22.2	orig=17.8R|orig.time=7:00AM|orig.date=1868-05-17
1868	5	17	9	58	0	25.5	orig=20.4R|orig.time=Noon|orig.date=1868-05-17
1868	5	17	11	58	0	25.8	orig=20.6R|orig.time=2:00PM|orig.date=1868-05-17
1868	5	17	18	58	0	17.2	orig=13.8R|orig.time=9:00PM|orig.date=1868-05-17
1868	5	18	4	58	0	22.5	orig=18R|orig.time=7:00AM|orig.date=1868-05-18
1868	5	18	9	58	0	24.8	orig=19.8R|orig.time=Noon|orig.date=1868-05-18
1868	5	18	11	58	0	25.6	orig=20.5R|orig.time=2:00PM|orig.date=1868-05-18
1868	5	18	18	58	0	19.2	orig=15.4R|orig.time=9:00PM|orig.date=1868-05-18
1868	5	19	4	58	0	17.5	orig=14R|orig.time=7:00AM|orig.date=1868-05-19
1868	5	19	9	58	0	16.4	orig=13.1R|orig.time=Noon|orig.date=1868-05-19
1868	5	19	11	58	0	16.5	orig=13.2R|orig.time=2:00PM|orig.date=1868-05-19
1868	5	19	18	58	0	13.9	orig=11.1R|orig.time=9:00PM|orig.date=1868-05-19
1868	5	20	4	58	0	13.2	orig=10.6R|orig.time=7:00AM|orig.date=1868-05-20
1868	5	20	9	58	0	17.1	orig=13.7R|orig.time=Noon|orig.date=1868-05-20
1868	5	20	11	58	0	17.9	orig=14.3R|orig.time=2:00PM|orig.date=1868-05-20
1868	5	20	18	58	0	14	orig=11.2R|orig.time=9:00PM|orig.date=1868-05-20
1868	5	21	4	58	0	13	orig=10.4R|orig.time=7:00AM|orig.date=1868-05-21
1868	5	21	9	58	0	14.8	orig=11.8R|orig.time=Noon|orig.date=1868-05-21
1868	5	21	11	58	0	15.8	orig=12.6R|orig.time=2:00PM|orig.date=1868-05-21
1868	5	21	18	58	0	11.8	orig=9.4R|orig.time=9:00PM|orig.date=1868-05-21
1868	5	22	4	58	0	15.4	orig=12.3R|orig.time=7:00AM|orig.date=1868-05-22
1868	5	22	9	58	0	20.2	orig=16.2R|orig.time=Noon|orig.date=1868-05-22
1868	5	22	11	58	0	21.2	orig=17R|orig.time=2:00PM|orig.date=1868-05-22
1868	5	22	18	58	0	15.9	orig=12.7R|orig.time=9:00PM|orig.date=1868-05-22
1868	5	23	4	58	0	11.9	orig=9.5R|orig.time=7:00AM|orig.date=1868-05-23
1868	5	23	9	58	0	12.6	orig=10.1R|orig.time=Noon|orig.date=1868-05-23
1868	5	23	11	58	0	14.2	orig=11.4R|orig.time=2:00PM|orig.date=1868-05-23
1868	5	23	18	58	0	10.1	orig=8.1R|orig.time=9:00PM|orig.date=1868-05-23
1868	5	24	4	58	0	16.2	orig=13R|orig.time=7:00AM|orig.date=1868-05-24
1868	5	24	9	58	0	17.4	orig=13.9R|orig.time=Noon|orig.date=1868-05-24
1868	5	24	11	58	0	19.8	orig=15.8R|orig.time=2:00PM|orig.date=1868-05-24
1868	5	24	18	58	0	13	orig=10.4R|orig.time=9:00PM|orig.date=1868-05-24
1868	5	25	4	58	0	16.2	orig=13R|orig.time=7:00AM|orig.date=1868-05-25
1868	5	25	9	58	0	23.2	orig=18.6R|orig.time=Noon|orig.date=1868-05-25
1868	5	25	11	58	0	23.6	orig=18.9R|orig.time=2:00PM|orig.date=1868-05-25
1868	5	25	18	58	0	16.5	orig=13.2R|orig.time=9:00PM|orig.date=1868-05-25
1868	5	26	4	58	0	22.6	orig=18.1R|orig.time=7:00AM|orig.date=1868-05-26
1868	5	26	9	58	0	27	orig=21.6R|orig.time=Noon|orig.date=1868-05-26
1868	5	26	11	58	0	19.1	orig=15.3R|orig.time=2:00PM|orig.date=1868-05-26
1868	5	26	18	58	0	16.9	orig=13.5R|orig.time=9:00PM|orig.date=1868-05-26
1868	5	27	4	58	0	16.4	orig=13.1R|orig.time=7:00AM|orig.date=1868-05-27
1868	5	27	9	58	0	18.8	orig=15R|orig.time=Noon|orig.date=1868-05-27
1868	5	27	11	58	0	20	orig=16R|orig.time=2:00PM|orig.date=1868-05-27
1868	5	27	18	58	0	14.9	orig=11.9R|orig.time=9:00PM|orig.date=1868-05-27
1868	5	28	4	58	0	17.1	orig=13.7R|orig.time=7:00AM|orig.date=1868-05-28
1868	5	28	9	58	0	18.2	orig=14.6R|orig.time=Noon|orig.date=1868-05-28
1868	5	28	11	58	0	22	orig=17.6R|orig.time=2:00PM|orig.date=1868-05-28
1868	5	28	18	58	0	20.2	orig=16.2R|orig.time=9:00PM|orig.date=1868-05-28
1868	5	29	4	58	0	14.5	orig=11.6R|orig.time=7:00AM|orig.date=1868-05-29
1868	5	29	9	58	0	18.6	orig=14.9R|orig.time=Noon|orig.date=1868-05-29
1868	5	29	11	58	0	18.5	orig=14.8R|orig.time=2:00PM|orig.date=1868-05-29
1868	5	29	18	58	0	11.6	orig=9.3R|orig.time=9:00PM|orig.date=1868-05-29
1868	5	30	4	58	0	13.9	orig=11.1R|orig.time=7:00AM|orig.date=1868-05-30
1868	5	30	9	58	0	17	orig=13.6R|orig.time=Noon|orig.date=1868-05-30
1868	5	30	11	58	0	17.5	orig=14R|orig.time=2:00PM|orig.date=1868-05-30
1868	5	30	18	58	0	13.6	orig=10.9R|orig.time=9:00PM|orig.date=1868-05-30
1868	5	31	4	58	0	18.8	orig=15R|orig.time=7:00AM|orig.date=1868-05-31
1868	5	31	9	58	0	21.5	orig=17.2R|orig.time=Noon|orig.date=1868-05-31
1868	5	31	11	58	0	23.5	orig=18.8R|orig.time=2:00PM|orig.date=1868-05-31
1868	5	31	18	58	0	16.9	orig=13.5R|orig.time=9:00PM|orig.date=1868-05-31
1868	6	1	4	58	0	20.6	orig=16.5R|orig.time=7:00AM|orig.date=1868-06-01
1868	6	1	9	58	0	27.6	orig=22.1R|orig.time=Noon|orig.date=1868-06-01
1868	6	1	11	58	0	24.5	orig=19.6R|orig.time=2:00PM|orig.date=1868-06-01
1868	6	1	18	58	0	17.4	orig=13.9R|orig.time=9:00PM|orig.date=1868-06-01
1868	6	2	4	58	0	21	orig=16.8R|orig.time=7:00AM|orig.date=1868-06-02
1868	6	2	9	58	0	22.8	orig=18.2R|orig.time=Noon|orig.date=1868-06-02
1868	6	2	11	58	0	23.1	orig=18.5R|orig.time=2:00PM|orig.date=1868-06-02
1868	6	2	18	58	0	17.2	orig=13.8R|orig.time=9:00PM|orig.date=1868-06-02
1868	6	3	4	58	0	20	orig=16R|orig.time=7:00AM|orig.date=1868-06-03
1868	6	3	11	58	0	22	orig=17.6R|orig.time=2:00PM|orig.date=1868-06-03
1868	6	3	18	58	0	17.8	orig=14.2R|orig.time=9:00PM|orig.date=1868-06-03
1868	6	4	4	58	0	14	orig=11.2R|orig.time=7:00AM|orig.date=1868-06-04
1868	6	4	9	58	0	17.1	orig=13.7R|orig.time=Noon|orig.date=1868-06-04
1868	6	4	11	58	0	16.5	orig=13.2R|orig.time=2:00PM|orig.date=1868-06-04
1868	6	4	18	58	0	16	orig=12.8R|orig.time=9:00PM|orig.date=1868-06-04
1868	6	5	4	58	0	22.1	orig=17.7R|orig.time=7:00AM|orig.date=1868-06-05
1868	6	5	9	58	0	23.4	orig=18.7R|orig.time=Noon|orig.date=1868-06-05
1868	6	5	11	58	0	24.2	orig=19.4R|orig.time=2:00PM|orig.date=1868-06-05
1868	6	5	18	58	0	18	orig=14.4R|orig.time=9:00PM|orig.date=1868-06-05
1868	6	6	4	58	0	20	orig=16R|orig.time=7:00AM|orig.date=1868-06-06
1868	6	6	9	58	0	26.2	orig=21R|orig.time=Noon|orig.date=1868-06-06
1868	6	6	11	58	0	26.4	orig=21.1R|orig.time=2:00PM|orig.date=1868-06-06
1868	6	6	18	58	0	21	orig=16.8R|orig.time=9:00PM|orig.date=1868-06-06
1868	6	7	4	58	0	17.2	orig=13.8R|orig.time=7:00AM|orig.date=1868-06-07
1868	6	7	9	58	0	19.5	orig=15.6R|orig.time=Noon|orig.date=1868-06-07
1868	6	7	11	58	0	19.8	orig=15.8R|orig.time=2:00PM|orig.date=1868-06-07
1868	6	7	18	58	0	16.8	orig=13.4R|orig.time=9:00PM|orig.date=1868-06-07
1868	6	8	4	58	0	16.9	orig=13.5R|orig.time=7:00AM|orig.date=1868-06-08
1868	6	8	9	58	0	21.2	orig=17R|orig.time=Noon|orig.date=1868-06-08
1868	6	8	11	58	0	22.2	orig=17.8R|orig.time=2:00PM|orig.date=1868-06-08
1868	6	8	18	58	0	19.1	orig=15.3R|orig.time=9:00PM|orig.date=1868-06-08
1868	6	9	4	58	0	23.8	orig=19R|orig.time=7:00AM|orig.date=1868-06-09
1868	6	9	9	58	0	26.2	orig=21R|orig.time=Noon|orig.date=1868-06-09
1868	6	9	11	58	0	25.2	orig=20.2R|orig.time=2:00PM|orig.date=1868-06-09
1868	6	9	18	58	0	21.2	orig=17R|orig.time=9:00PM|orig.date=1868-06-09
1868	6	10	4	58	0	26.6	orig=21.3R|orig.time=7:00AM|orig.date=1868-06-10
1868	6	10	9	58	0	28.9	orig=23.1R|orig.time=Noon|orig.date=1868-06-10
1868	6	10	11	58	0	28.2	orig=22.6R|orig.time=2:00PM|orig.date=1868-06-10
1868	6	10	18	58	0	12.9	orig=10.3R|orig.time=9:00PM|orig.date=1868-06-10
1868	6	11	4	58	0	12.5	orig=10R|orig.time=7:00AM|orig.date=1868-06-11
1868	6	11	9	58	0	13.6	orig=10.9R|orig.time=Noon|orig.date=1868-06-11
1868	6	11	11	58	0	14.1	orig=11.3R|orig.time=2:00PM|orig.date=1868-06-11
1868	6	11	18	58	0	13.4	orig=10.7R|orig.time=9:00PM|orig.date=1868-06-11
1868	6	12	4	58	0	15.1	orig=12.1R|orig.time=7:00AM|orig.date=1868-06-12
1868	6	12	9	58	0	18.9	orig=15.1R|orig.time=Noon|orig.date=1868-06-12
1868	6	12	11	58	0	20.8	orig=16.6R|orig.time=2:00PM|orig.date=1868-06-12
1868	6	12	18	58	0	18.4	orig=14.7R|orig.time=9:00PM|orig.date=1868-06-12
1868	6	13	4	58	0	21.2	orig=17R|orig.time=7:00AM|orig.date=1868-06-13
1868	6	13	9	58	0	24.8	orig=19.8R|orig.time=Noon|orig.date=1868-06-13
1868	6	13	11	58	0	26.9	orig=21.5R|orig.time=2:00PM|orig.date=1868-06-13
1868	6	13	18	58	0	19.1	orig=15.3R|orig.time=9:00PM|orig.date=1868-06-13
1868	6	14	4	58	0	16.2	orig=13R|orig.time=7:00AM|orig.date=1868-06-14
1868	6	14	9	58	0	20	orig=16R|orig.time=Noon|orig.date=1868-06-14
1868	6	14	11	58	0	21	orig=16.8R|orig.time=2:00PM|orig.date=1868-06-14
1868	6	14	18	58	0	19.9	orig=15.9R|orig.time=9:00PM|orig.date=1868-06-14
1868	6	15	4	58	0	18.6	orig=14.9R|orig.time=7:00AM|orig.date=1868-06-15
1868	6	15	9	58	0	22.9	orig=18.3R|orig.time=Noon|orig.date=1868-06-15
1868	6	15	11	58	0	23.9	orig=19.1R|orig.time=2:00PM|orig.date=1868-06-15
1868	6	15	18	58	0	20.2	orig=16.2R|orig.time=9:00PM|orig.date=1868-06-15
1868	6	16	4	58	0	23.5	orig=18.8R|orig.time=7:00AM|orig.date=1868-06-16
1868	6	16	9	58	0	25.1	orig=20.1R|orig.time=Noon|orig.date=1868-06-16
1868	6	16	11	58	0	25.6	orig=20.5R|orig.time=2:00PM|orig.date=1868-06-16
1868	6	16	18	58	0	21	orig=16.8R|orig.time=9:00PM|orig.date=1868-06-16
1868	6	17	4	58	0	20	orig=16R|orig.time=7:00AM|orig.date=1868-06-17
1868	6	17	9	58	0	25.5	orig=20.4R|orig.time=Noon|orig.date=1868-06-17
1868	6	17	11	58	0	26.2	orig=21R|orig.time=2:00PM|orig.date=1868-06-17
1868	6	17	18	58	0	22.8	orig=18.2R|orig.time=9:00PM|orig.date=1868-06-17
1868	6	18	4	58	0	22.6	orig=18.1R|orig.time=7:00AM|orig.date=1868-06-18
1868	6	18	9	58	0	25	orig=20R|orig.time=Noon|orig.date=1868-06-18
1868	6	18	11	58	0	24.5	orig=19.6R|orig.time=2:00PM|orig.date=1868-06-18
1868	6	18	18	58	0	19.8	orig=15.8R|orig.time=9:00PM|orig.date=1868-06-18
1868	6	19	4	58	0	15.5	orig=12.4R|orig.time=7:00AM|orig.date=1868-06-19
1868	6	19	9	58	0	18.2	orig=14.6R|orig.time=Noon|orig.date=1868-06-19
1868	6	19	11	58	0	18.9	orig=15.1R|orig.time=2:00PM|orig.date=1868-06-19
1868	6	19	18	58	0	14.9	orig=11.9R|orig.time=9:00PM|orig.date=1868-06-19
1868	6	20	4	58	0	13.8	orig=11R|orig.time=7:00AM|orig.date=1868-06-20
1868	6	20	9	58	0	16.8	orig=13.4R|orig.time=Noon|orig.date=1868-06-20
1868	6	20	11	58	0	19.2	orig=15.4R|orig.time=2:00PM|orig.date=1868-06-20
1868	6	20	18	58	0	13	orig=10.4R|orig.time=9:00PM|orig.date=1868-06-20
1868	6	21	4	58	0	12.8	orig=10.2R|orig.time=7:00AM|orig.date=1868-06-21
1868	6	21	9	58	0	19.8	orig=15.8R|orig.time=Noon|orig.date=1868-06-21
1868	6	21	11	58	0	18.9	orig=15.1R|orig.time=2:00PM|orig.date=1868-06-21
1868	6	21	18	58	0	17.5	orig=14R|orig.time=9:00PM|orig.date=1868-06-21
1868	6	22	4	58	0	19.2	orig=15.4R|orig.time=7:00AM|orig.date=1868-06-22
1868	6	22	9	58	0	21	orig=16.8R|orig.time=Noon|orig.date=1868-06-22
1868	6	22	11	58	0	22	orig=17.6R|orig.time=2:00PM|orig.date=1868-06-22
1868	6	22	18	58	0	18.5	orig=14.8R|orig.time=9:00PM|orig.date=1868-06-22
1868	6	23	4	58	0	17	orig=13.6R|orig.time=7:00AM|orig.date=1868-06-23
1868	6	23	9	58	0	19.4	orig=15.5R|orig.time=Noon|orig.date=1868-06-23
1868	6	23	11	58	0	20.5	orig=16.4R|orig.time=2:00PM|orig.date=1868-06-23
1868	6	23	18	58	0	17.4	orig=13.9R|orig.time=9:00PM|orig.date=1868-06-23
1868	6	24	4	58	0	18.6	orig=14.9R|orig.time=7:00AM|orig.date=1868-06-24
1868	6	24	9	58	0	22.8	orig=18.2R|orig.time=Noon|orig.date=1868-06-24
1868	6	24	11	58	0	24.1	orig=19.3R|orig.time=2:00PM|orig.date=1868-06-24
1868	6	24	18	58	0	19.2	orig=15.4R|orig.time=9:00PM|orig.date=1868-06-24
1868	6	25	4	58	0	18.1	orig=14.5R|orig.time=7:00AM|orig.date=1868-06-25
1868	6	25	9	58	0	23.8	orig=19R|orig.time=Noon|orig.date=1868-06-25
1868	6	25	11	58	0	26	orig=20.8R|orig.time=2:00PM|orig.date=1868-06-25
1868	6	25	18	58	0	21.2	orig=17R|orig.time=9:00PM|orig.date=1868-06-25
1868	6	26	4	58	0	20.1	orig=16.1R|orig.time=7:00AM|orig.date=1868-06-26
1868	6	26	9	58	0	24	orig=19.2R|orig.time=Noon|orig.date=1868-06-26
1868	6	26	11	58	0	25.4	orig=20.3R|orig.time=2:00PM|orig.date=1868-06-26
1868	6	26	18	58	0	19.1	orig=15.3R|orig.time=9:00PM|orig.date=1868-06-26
1868	6	27	4	58	0	19.1	orig=15.3R|orig.time=7:00AM|orig.date=1868-06-27
1868	6	27	9	58	0	21.2	orig=17R|orig.time=Noon|orig.date=1868-06-27
1868	6	27	11	58	0	26.9	orig=21.5R|orig.time=2:00PM|orig.date=1868-06-27
1868	6	27	18	58	0	16.2	orig=13R|orig.time=9:00PM|orig.date=1868-06-27
1868	6	28	4	58	0	14.5	orig=11.6R|orig.time=7:00AM|orig.date=1868-06-28
1868	6	28	9	58	0	17.5	orig=14R|orig.time=Noon|orig.date=1868-06-28
1868	6	28	11	58	0	17.1	orig=13.7R|orig.time=2:00PM|orig.date=1868-06-28
1868	6	28	18	58	0	11	orig=8.8R|orig.time=9:00PM|orig.date=1868-06-28
1868	6	29	4	58	0	14.5	orig=11.6R|orig.time=7:00AM|orig.date=1868-06-29
1868	6	29	9	58	0	18.6	orig=14.9R|orig.time=Noon|orig.date=1868-06-29
1868	6	29	11	58	0	21.1	orig=16.9R|orig.time=2:00PM|orig.date=1868-06-29
1868	6	29	18	58	0	12.2	orig=9.8R|orig.time=9:00PM|orig.date=1868-06-29
1868	6	30	4	58	0	15.6	orig=12.5R|orig.time=7:00AM|orig.date=1868-06-30
1868	6	30	9	58	0	21.2	orig=17R|orig.time=Noon|orig.date=1868-06-30
1868	6	30	11	58	0	19.5	orig=15.6R|orig.time=2:00PM|orig.date=1868-06-30
1868	6	30	18	58	0	16	orig=12.8R|orig.time=9:00PM|orig.date=1868-06-30
1868	7	1	4	58	0	17.2	orig=13.8R|orig.time=7:00AM|orig.date=1868-07-01
1868	7	1	9	58	0	22.4	orig=17.9R|orig.time=Noon|orig.date=1868-07-01
1868	7	1	11	58	0	21.9	orig=17.5R|orig.time=2:00PM|orig.date=1868-07-01
1868	7	1	18	58	0	19.8	orig=15.8R|orig.time=9:00PM|orig.date=1868-07-01
1868	7	2	4	58	0	18.5	orig=14.8R|orig.time=7:00AM|orig.date=1868-07-02
1868	7	2	9	58	0	23.5	orig=18.8R|orig.time=Noon|orig.date=1868-07-02
1868	7	2	11	58	0	23.1	orig=18.5R|orig.time=2:00PM|orig.date=1868-07-02
1868	7	2	18	58	0	20.2	orig=16.2R|orig.time=9:00PM|orig.date=1868-07-02
1868	7	3	4	58	0	19.5	orig=15.6R|orig.time=7:00AM|orig.date=1868-07-03
1868	7	3	9	58	0	23.2	orig=18.6R|orig.time=Noon|orig.date=1868-07-03
1868	7	3	11	58	0	24.5	orig=19.6R|orig.time=2:00PM|orig.date=1868-07-03
1868	7	3	18	58	0	22.8	orig=18.2R|orig.time=9:00PM|orig.date=1868-07-03
1868	7	4	4	58	0	20	orig=16R|orig.time=7:00AM|orig.date=1868-07-04
1868	7	4	9	58	0	26	orig=20.8R|orig.time=Noon|orig.date=1868-07-04
1868	7	4	11	58	0	26.1	orig=20.9R|orig.time=2:00PM|orig.date=1868-07-04
1868	7	4	18	58	0	23.8	orig=19R|orig.time=9:00PM|orig.date=1868-07-04
1868	7	5	4	58	0	23.1	orig=18.5R|orig.time=7:00AM|orig.date=1868-07-05
1868	7	5	9	58	0	27.4	orig=21.9R|orig.time=Noon|orig.date=1868-07-05
1868	7	5	11	58	0	26.5	orig=21.2R|orig.time=2:00PM|orig.date=1868-07-05
1868	7	5	18	58	0	23	orig=18.4R|orig.time=9:00PM|orig.date=1868-07-05
1868	7	6	4	58	0	23.2	orig=18.6R|orig.time=7:00AM|orig.date=1868-07-06
1868	7	6	9	58	0	28.2	orig=22.6R|orig.time=Noon|orig.date=1868-07-06
1868	7	6	11	58	0	27.5	orig=22R|orig.time=2:00PM|orig.date=1868-07-06
1868	7	6	18	58	0	20	orig=16R|orig.time=9:00PM|orig.date=1868-07-06
1868	7	7	4	58	0	26.8	orig=21.4R|orig.time=7:00AM|orig.date=1868-07-07
1868	7	7	9	58	0	27.8	orig=22.2R|orig.time=Noon|orig.date=1868-07-07
1868	7	7	11	58	0	24.6	orig=19.7R|orig.time=2:00PM|orig.date=1868-07-07
1868	7	7	18	58	0	22.9	orig=18.3R|orig.time=9:00PM|orig.date=1868-07-07
1868	7	8	4	58	0	21.2	orig=17R|orig.time=7:00AM|orig.date=1868-07-08
1868	7	8	9	58	0	28	orig=22.4R|orig.time=Noon|orig.date=1868-07-08
1868	7	8	11	58	0	28.9	orig=23.1R|orig.time=2:00PM|orig.date=1868-07-08
1868	7	8	18	58	0	24	orig=19.2R|orig.time=9:00PM|orig.date=1868-07-08
1868	7	9	4	58	0	21.8	orig=17.4R|orig.time=7:00AM|orig.date=1868-07-09
1868	7	9	9	58	0	27.5	orig=22R|orig.time=Noon|orig.date=1868-07-09
1868	7	9	11	58	0	27.8	orig=22.2R|orig.time=2:00PM|orig.date=1868-07-09
1868	7	9	18	58	0	23.2	orig=18.6R|orig.time=9:00PM|orig.date=1868-07-09
1868	7	10	4	58	0	20.9	orig=16.7R|orig.time=7:00AM|orig.date=1868-07-10
1868	7	10	9	58	0	28	orig=22.4R|orig.time=Noon|orig.date=1868-07-10
1868	7	10	11	58	0	22.8	orig=18.2R|orig.time=2:00PM|orig.date=1868-07-10
1868	7	10	18	58	0	22.2	orig=17.8R|orig.time=9:00PM|orig.date=1868-07-10
1868	7	11	4	58	0	20.6	orig=16.5R|orig.time=7:00AM|orig.date=1868-07-11
1868	7	11	9	58	0	23	orig=18.4R|orig.time=Noon|orig.date=1868-07-11
1868	7	11	11	58	0	21.6	orig=17.3R|orig.time=2:00PM|orig.date=1868-07-11
1868	7	11	18	58	0	19.2	orig=15.4R|orig.time=9:00PM|orig.date=1868-07-11
1868	7	12	4	58	0	21.8	orig=17.4R|orig.time=7:00AM|orig.date=1868-07-12
1868	7	12	9	58	0	25.9	orig=20.7R|orig.time=Noon|orig.date=1868-07-12
1868	7	12	11	58	0	27.2	orig=21.8R|orig.time=2:00PM|orig.date=1868-07-12
1868	7	12	18	58	0	20.8	orig=16.6R|orig.time=9:00PM|orig.date=1868-07-12
1868	7	13	4	58	0	21.5	orig=17.2R|orig.time=7:00AM|orig.date=1868-07-13
1868	7	13	9	58	0	24.5	orig=19.6R|orig.time=Noon|orig.date=1868-07-13
1868	7	13	11	58	0	26	orig=20.8R|orig.time=2:00PM|orig.date=1868-07-13
1868	7	13	18	58	0	22.8	orig=18.2R|orig.time=9:00PM|orig.date=1868-07-13
1868	7	14	4	58	0	22.5	orig=18R|orig.time=7:00AM|orig.date=1868-07-14
1868	7	14	9	58	0	23.2	orig=18.6R|orig.time=Noon|orig.date=1868-07-14
1868	7	14	11	58	0	20.1	orig=16.1R|orig.time=2:00PM|orig.date=1868-07-14
1868	7	14	18	58	0	19	orig=15.2R|orig.time=9:00PM|orig.date=1868-07-14
1868	7	15	4	58	0	18.2	orig=14.6R|orig.time=7:00AM|orig.date=1868-07-15
1868	7	15	9	58	0	22.8	orig=18.2R|orig.time=Noon|orig.date=1868-07-15
1868	7	15	11	58	0	22.8	orig=18.2R|orig.time=2:00PM|orig.date=1868-07-15
1868	7	15	18	58	0	18	orig=14.4R|orig.time=9:00PM|orig.date=1868-07-15
1868	7	16	4	58	0	13.4	orig=10.7R|orig.time=7:00AM|orig.date=1868-07-16
1868	7	16	9	58	0	20.1	orig=16.1R|orig.time=Noon|orig.date=1868-07-16
1868	7	16	11	58	0	21	orig=16.8R|orig.time=2:00PM|orig.date=1868-07-16
1868	7	16	18	58	0	17.8	orig=14.2R|orig.time=9:00PM|orig.date=1868-07-16
1868	7	17	4	58	0	17.1	orig=13.7R|orig.time=7:00AM|orig.date=1868-07-17
1868	7	17	9	58	0	21.1	orig=16.9R|orig.time=Noon|orig.date=1868-07-17
1868	7	17	11	58	0	22	orig=17.6R|orig.time=2:00PM|orig.date=1868-07-17
1868	7	17	18	58	0	15.1	orig=12.1R|orig.time=9:00PM|orig.date=1868-07-17
1868	7	18	4	58	0	16.9	orig=13.5R|orig.time=7:00AM|orig.date=1868-07-18
1868	7	18	9	58	0	20	orig=16R|orig.time=Noon|orig.date=1868-07-18
1868	7	18	11	58	0	21.2	orig=17R|orig.time=2:00PM|orig.date=1868-07-18
1868	7	18	18	58	0	17.4	orig=13.9R|orig.time=9:00PM|orig.date=1868-07-18
1868	7	19	4	58	0	15.9	orig=12.7R|orig.time=7:00AM|orig.date=1868-07-19
1868	7	19	9	58	0	19	orig=15.2R|orig.time=Noon|orig.date=1868-07-19
1868	7	19	11	58	0	20.6	orig=16.5R|orig.time=2:00PM|orig.date=1868-07-19
1868	7	19	18	58	0	17.9	orig=14.3R|orig.time=9:00PM|orig.date=1868-07-19
1868	7	20	4	58	0	18.5	orig=14.8R|orig.time=7:00AM|orig.date=1868-07-20
1868	7	20	9	58	0	22.5	orig=18R|orig.time=Noon|orig.date=1868-07-20
1868	7	20	11	58	0	24.5	orig=19.6R|orig.time=2:00PM|orig.date=1868-07-20
1868	7	20	18	58	0	17.6	orig=14.1R|orig.time=9:00PM|orig.date=1868-07-20
1868	7	21	4	58	0	18.2	orig=14.6R|orig.time=7:00AM|orig.date=1868-07-21
1868	7	21	9	58	0	20.1	orig=16.1R|orig.time=Noon|orig.date=1868-07-21
1868	7	21	11	58	0	20.8	orig=16.6R|orig.time=2:00PM|orig.date=1868-07-21
1868	7	21	18	58	0	17.5	orig=14R|orig.time=9:00PM|orig.date=1868-07-21
1868	7	22	4	58	0	17.8	orig=14.2R|orig.time=7:00AM|orig.date=1868-07-22
1868	7	22	9	58	0	23	orig=18.4R|orig.time=Noon|orig.date=1868-07-22
1868	7	22	11	58	0	23.6	orig=18.9R|orig.time=2:00PM|orig.date=1868-07-22
1868	7	22	18	58	0	20.5	orig=16.4R|orig.time=9:00PM|orig.date=1868-07-22
1868	7	23	4	58	0	18.8	orig=15R|orig.time=7:00AM|orig.date=1868-07-23
1868	7	23	9	58	0	24.2	orig=19.4R|orig.time=Noon|orig.date=1868-07-23
1868	7	23	11	58	0	25.5	orig=20.4R|orig.time=2:00PM|orig.date=1868-07-23
1868	7	23	18	58	0	18.9	orig=15.1R|orig.time=9:00PM|orig.date=1868-07-23
1868	7	24	4	58	0	21.4	orig=17.1R|orig.time=7:00AM|orig.date=1868-07-24
1868	7	24	9	58	0	26.8	orig=21.4R|orig.time=Noon|orig.date=1868-07-24
1868	7	24	11	58	0	29.4	orig=23.5R|orig.time=2:00PM|orig.date=1868-07-24
1868	7	24	18	58	0	24	orig=19.2R|orig.time=9:00PM|orig.date=1868-07-24
1868	7	25	4	58	0	22.6	orig=18.1R|orig.time=7:00AM|orig.date=1868-07-25
1868	7	25	9	58	0	22.4	orig=17.9R|orig.time=Noon|orig.date=1868-07-25
1868	7	25	11	58	0	21.5	orig=17.2R|orig.time=2:00PM|orig.date=1868-07-25
1868	7	25	18	58	0	15.4	orig=12.3R|orig.time=9:00PM|orig.date=1868-07-25
1868	7	26	4	58	0	14.2	orig=11.4R|orig.time=7:00AM|orig.date=1868-07-26
1868	7	26	9	58	0	13.6	orig=10.9R|orig.time=Noon|orig.date=1868-07-26
1868	7	26	11	58	0	12.9	orig=10.3R|orig.time=2:00PM|orig.date=1868-07-26
1868	7	26	18	58	0	12.9	orig=10.3R|orig.time=9:00PM|orig.date=1868-07-26
1868	7	27	4	58	0	12.8	orig=10.2R|orig.time=7:00AM|orig.date=1868-07-27
1868	7	27	9	58	0	12.4	orig=9.9R|orig.time=Noon|orig.date=1868-07-27
1868	7	27	11	58	0	12.5	orig=10R|orig.time=2:00PM|orig.date=1868-07-27
1868	7	27	18	58	0	12.6	orig=10.1R|orig.time=9:00PM|orig.date=1868-07-27
1868	7	28	4	58	0	12.8	orig=10.2R|orig.time=7:00AM|orig.date=1868-07-28
1868	7	28	9	58	0	16.4	orig=13.1R|orig.time=Noon|orig.date=1868-07-28
1868	7	28	11	58	0	16.6	orig=13.3R|orig.time=2:00PM|orig.date=1868-07-28
1868	7	28	18	58	0	14.2	orig=11.4R|orig.time=9:00PM|orig.date=1868-07-28
1868	7	29	4	58	0	13.1	orig=10.5R|orig.time=7:00AM|orig.date=1868-07-29
1868	7	29	9	58	0	20	orig=16R|orig.time=Noon|orig.date=1868-07-29
1868	7	29	11	58	0	21.1	orig=16.9R|orig.time=2:00PM|orig.date=1868-07-29
1868	7	29	18	58	0	17.8	orig=14.2R|orig.time=9:00PM|orig.date=1868-07-29
1868	7	30	4	58	0	18.2	orig=14.6R|orig.time=7:00AM|orig.date=1868-07-30
1868	7	30	9	58	0	22	orig=17.6R|orig.time=Noon|orig.date=1868-07-30
1868	7	30	11	58	0	23.5	orig=18.8R|orig.time=2:00PM|orig.date=1868-07-30
1868	7	30	18	58	0	19	orig=15.2R|orig.time=9:00PM|orig.date=1868-07-30
1868	7	31	4	58	0	16	orig=12.8R|orig.time=7:00AM|orig.date=1868-07-31
1868	7	31	9	58	0	21.4	orig=17.1R|orig.time=Noon|orig.date=1868-07-31
1868	7	31	11	58	0	22.6	orig=18.1R|orig.time=2:00PM|orig.date=1868-07-31
1868	7	31	18	58	0	18.8	orig=15R|orig.time=9:00PM|orig.date=1868-07-31
1868	8	1	4	58	0	19	orig=15.2R|orig.time=7:00AM|orig.date=1868-08-01
1868	8	1	9	58	0	25.8	orig=20.6R|orig.time=Noon|orig.date=1868-08-01
1868	8	1	11	58	0	25.4	orig=20.3R|orig.time=2:00PM|orig.date=1868-08-01
1868	8	1	18	58	0	21.2	orig=17R|orig.time=9:00PM|orig.date=1868-08-01
1868	8	2	4	58	0	20.4	orig=16.3R|orig.time=7:00AM|orig.date=1868-08-02
1868	8	2	9	58	0	26.8	orig=21.4R|orig.time=Noon|orig.date=1868-08-02
1868	8	2	11	58	0	26.5	orig=21.2R|orig.time=2:00PM|orig.date=1868-08-02
1868	8	2	18	58	0	19.2	orig=15.4R|orig.time=9:00PM|orig.date=1868-08-02
1868	8	3	4	58	0	17.8	orig=14.2R|orig.time=7:00AM|orig.date=1868-08-03
1868	8	3	9	58	0	24.2	orig=19.4R|orig.time=Noon|orig.date=1868-08-03
1868	8	3	11	58	0	23.2	orig=18.6R|orig.time=2:00PM|orig.date=1868-08-03
1868	8	3	18	58	0	20.1	orig=16.1R|orig.time=9:00PM|orig.date=1868-08-03
1868	8	4	4	58	0	20.4	orig=16.3R|orig.time=7:00AM|orig.date=1868-08-04
1868	8	4	9	58	0	23.4	orig=18.7R|orig.time=Noon|orig.date=1868-08-04
1868	8	4	11	58	0	24	orig=19.2R|orig.time=2:00PM|orig.date=1868-08-04
1868	8	4	18	58	0	20.1	orig=16.1R|orig.time=9:00PM|orig.date=1868-08-04
1868	8	5	4	58	0	20.8	orig=16.6R|orig.time=7:00AM|orig.date=1868-08-05
1868	8	5	9	58	0	24	orig=19.2R|orig.time=Noon|orig.date=1868-08-05
1868	8	5	11	58	0	25	orig=20R|orig.time=2:00PM|orig.date=1868-08-05
1868	8	5	18	58	0	21	orig=16.8R|orig.time=9:00PM|orig.date=1868-08-05
1868	8	6	4	58	0	17.4	orig=13.9R|orig.time=7:00AM|orig.date=1868-08-06
1868	8	6	9	58	0	20.5	orig=16.4R|orig.time=Noon|orig.date=1868-08-06
1868	8	6	11	58	0	20.2	orig=16.2R|orig.time=2:00PM|orig.date=1868-08-06
1868	8	6	18	58	0	17	orig=13.6R|orig.time=9:00PM|orig.date=1868-08-06
1868	8	7	4	58	0	17.6	orig=14.1R|orig.time=7:00AM|orig.date=1868-08-07
1868	8	7	9	58	0	20.2	orig=16.2R|orig.time=Noon|orig.date=1868-08-07
1868	8	7	11	58	0	20.1	orig=16.1R|orig.time=2:00PM|orig.date=1868-08-07
1868	8	7	18	58	0	15.8	orig=12.6R|orig.time=9:00PM|orig.date=1868-08-07
1868	8	8	4	58	0	16.1	orig=12.9R|orig.time=7:00AM|orig.date=1868-08-08
1868	8	8	9	58	0	20.9	orig=16.7R|orig.time=Noon|orig.date=1868-08-08
1868	8	8	11	58	0	22.8	orig=18.2R|orig.time=2:00PM|orig.date=1868-08-08
1868	8	8	18	58	0	18.1	orig=14.5R|orig.time=9:00PM|orig.date=1868-08-08
1868	8	9	4	58	0	16.5	orig=13.2R|orig.time=7:00AM|orig.date=1868-08-09
1868	8	9	9	58	0	23.6	orig=18.9R|orig.time=Noon|orig.date=1868-08-09
1868	8	9	11	58	0	26.5	orig=21.2R|orig.time=2:00PM|orig.date=1868-08-09
1868	8	9	18	58	0	20.5	orig=16.4R|orig.time=9:00PM|orig.date=1868-08-09
1868	8	10	4	58	0	19.8	orig=15.8R|orig.time=7:00AM|orig.date=1868-08-10
1868	8	10	9	58	0	24.8	orig=19.8R|orig.time=Noon|orig.date=1868-08-10
1868	8	10	11	58	0	25.8	orig=20.6R|orig.time=2:00PM|orig.date=1868-08-10
1868	8	10	18	58	0	20.4	orig=16.3R|orig.time=9:00PM|orig.date=1868-08-10
1868	8	11	4	58	0	21.5	orig=17.2R|orig.time=7:00AM|orig.date=1868-08-11
1868	8	11	9	58	0	25	orig=20R|orig.time=Noon|orig.date=1868-08-11
1868	8	11	11	58	0	27.4	orig=21.9R|orig.time=2:00PM|orig.date=1868-08-11
1868	8	11	18	58	0	22.9	orig=18.3R|orig.time=9:00PM|orig.date=1868-08-11
1868	8	12	4	58	0	20.2	orig=16.2R|orig.time=7:00AM|orig.date=1868-08-12
1868	8	12	9	58	0	26.9	orig=21.5R|orig.time=Noon|orig.date=1868-08-12
1868	8	12	11	58	0	26.5	orig=21.2R|orig.time=2:00PM|orig.date=1868-08-12
1868	8	12	18	58	0	20.2	orig=16.2R|orig.time=9:00PM|orig.date=1868-08-12
1868	8	13	4	58	0	19.9	orig=15.9R|orig.time=7:00AM|orig.date=1868-08-13
1868	8	13	9	58	0	24.5	orig=19.6R|orig.time=Noon|orig.date=1868-08-13
1868	8	13	11	58	0	26	orig=20.8R|orig.time=2:00PM|orig.date=1868-08-13
1868	8	13	18	58	0	21.1	orig=16.9R|orig.time=9:00PM|orig.date=1868-08-13
1868	8	14	4	58	0	20.2	orig=16.2R|orig.time=7:00AM|orig.date=1868-08-14
1868	8	14	9	58	0	26.2	orig=21R|orig.time=Noon|orig.date=1868-08-14
1868	8	14	11	58	0	26.8	orig=21.4R|orig.time=2:00PM|orig.date=1868-08-14
1868	8	14	18	58	0	22.8	orig=18.2R|orig.time=9:00PM|orig.date=1868-08-14
1868	8	15	4	58	0	18.1	orig=14.5R|orig.time=7:00AM|orig.date=1868-08-15
1868	8	15	9	58	0	25.8	orig=20.6R|orig.time=Noon|orig.date=1868-08-15
1868	8	15	11	58	0	24.4	orig=19.5R|orig.time=2:00PM|orig.date=1868-08-15
1868	8	15	18	58	0	18.5	orig=14.8R|orig.time=9:00PM|orig.date=1868-08-15
1868	8	16	4	58	0	18.1	orig=14.5R|orig.time=7:00AM|orig.date=1868-08-16
1868	8	16	9	58	0	25.2	orig=20.2R|orig.time=Noon|orig.date=1868-08-16
1868	8	16	11	58	0	27.4	orig=21.9R|orig.time=2:00PM|orig.date=1868-08-16
1868	8	16	18	58	0	22.2	orig=17.8R|orig.time=9:00PM|orig.date=1868-08-16
1868	8	17	4	58	0	19.4	orig=15.5R|orig.time=7:00AM|orig.date=1868-08-17
1868	8	17	9	58	0	25.5	orig=20.4R|orig.time=Noon|orig.date=1868-08-17
1868	8	17	11	58	0	24.8	orig=19.8R|orig.time=2:00PM|orig.date=1868-08-17
1868	8	17	18	58	0	20.1	orig=16.1R|orig.time=9:00PM|orig.date=1868-08-17
1868	8	18	4	58	0	19.5	orig=15.6R|orig.time=7:00AM|orig.date=1868-08-18
1868	8	18	9	58	0	24	orig=19.2R|orig.time=Noon|orig.date=1868-08-18
1868	8	18	11	58	0	24.2	orig=19.4R|orig.time=2:00PM|orig.date=1868-08-18
1868	8	18	18	58	0	21	orig=16.8R|orig.time=9:00PM|orig.date=1868-08-18
1868	8	19	4	58	0	16.6	orig=13.3R|orig.time=7:00AM|orig.date=1868-08-19
1868	8	19	9	58	0	24	orig=19.2R|orig.time=Noon|orig.date=1868-08-19
1868	8	19	11	58	0	25.2	orig=20.2R|orig.time=2:00PM|orig.date=1868-08-19
1868	8	19	18	58	0	21.2	orig=17R|orig.time=9:00PM|orig.date=1868-08-19
1868	8	20	4	58	0	17.5	orig=14R|orig.time=7:00AM|orig.date=1868-08-20
1868	8	20	9	58	0	24.9	orig=19.9R|orig.time=Noon|orig.date=1868-08-20
1868	8	20	11	58	0	26.8	orig=21.4R|orig.time=2:00PM|orig.date=1868-08-20
1868	8	20	18	58	0	21.4	orig=17.1R|orig.time=9:00PM|orig.date=1868-08-20
1868	8	21	4	58	0	17.5	orig=14R|orig.time=7:00AM|orig.date=1868-08-21
1868	8	21	9	58	0	26.5	orig=21.2R|orig.time=Noon|orig.date=1868-08-21
1868	8	21	11	58	0	27.2	orig=21.8R|orig.time=2:00PM|orig.date=1868-08-21
1868	8	21	18	58	0	18	orig=14.4R|orig.time=9:00PM|orig.date=1868-08-21
1868	8	22	4	58	0	15	orig=12R|orig.time=7:00AM|orig.date=1868-08-22
1868	8	22	9	58	0	21.5	orig=17.2R|orig.time=Noon|orig.date=1868-08-22
1868	8	22	11	58	0	22.2	orig=17.8R|orig.time=2:00PM|orig.date=1868-08-22
1868	8	22	18	58	0	21.9	orig=17.5R|orig.time=9:00PM|orig.date=1868-08-22
1868	8	23	4	58	0	15.1	orig=12.1R|orig.time=7:00AM|orig.date=1868-08-23
1868	8	23	9	58	0	22.5	orig=18R|orig.time=Noon|orig.date=1868-08-23
1868	8	23	11	58	0	23.6	orig=18.9R|orig.time=2:00PM|orig.date=1868-08-23
1868	8	23	18	58	0	20.2	orig=16.2R|orig.time=9:00PM|orig.date=1868-08-23
1868	8	24	4	58	0	16.9	orig=13.5R|orig.time=7:00AM|orig.date=1868-08-24
1868	8	24	9	58	0	24.2	orig=19.4R|orig.time=Noon|orig.date=1868-08-24
1868	8	24	11	58	0	23.8	orig=19R|orig.time=2:00PM|orig.date=1868-08-24
1868	8	24	18	58	0	16	orig=12.8R|orig.time=9:00PM|orig.date=1868-08-24
1868	8	25	4	58	0	17.6	orig=14.1R|orig.time=7:00AM|orig.date=1868-08-25
1868	8	25	9	58	0	22.8	orig=18.2R|orig.time=Noon|orig.date=1868-08-25
1868	8	25	11	58	0	23.1	orig=18.5R|orig.time=2:00PM|orig.date=1868-08-25
1868	8	25	18	58	0	19	orig=15.2R|orig.time=9:00PM|orig.date=1868-08-25
1868	8	26	4	58	0	16.6	orig=13.3R|orig.time=7:00AM|orig.date=1868-08-26
1868	8	26	9	58	0	23.4	orig=18.7R|orig.time=Noon|orig.date=1868-08-26
1868	8	26	11	58	0	22.5	orig=18R|orig.time=2:00PM|orig.date=1868-08-26
1868	8	26	18	58	0	17.2	orig=13.8R|orig.time=9:00PM|orig.date=1868-08-26
1868	8	27	4	58	0	16.5	orig=13.2R|orig.time=7:00AM|orig.date=1868-08-27
1868	8	27	9	58	0	22.5	orig=18R|orig.time=Noon|orig.date=1868-08-27
1868	8	27	11	58	0	22.2	orig=17.8R|orig.time=2:00PM|orig.date=1868-08-27
1868	8	27	18	58	0	18.5	orig=14.8R|orig.time=9:00PM|orig.date=1868-08-27
1868	8	28	4	58	0	14.4	orig=11.5R|orig.time=7:00AM|orig.date=1868-08-28
1868	8	28	9	58	0	19.2	orig=15.4R|orig.time=Noon|orig.date=1868-08-28
1868	8	28	11	58	0	20	orig=16R|orig.time=2:00PM|orig.date=1868-08-28
1868	8	28	18	58	0	18	orig=14.4R|orig.time=9:00PM|orig.date=1868-08-28
1868	8	29	4	58	0	15.8	orig=12.6R|orig.time=7:00AM|orig.date=1868-08-29
1868	8	29	9	58	0	19	orig=15.2R|orig.time=Noon|orig.date=1868-08-29
1868	8	29	11	58	0	19.6	orig=15.7R|orig.time=2:00PM|orig.date=1868-08-29
1868	8	29	18	58	0	12.2	orig=9.8R|orig.time=9:00PM|orig.date=1868-08-29
1868	8	30	4	58	0	11.5	orig=9.2R|orig.time=7:00AM|orig.date=1868-08-30
1868	8	30	9	58	0	18.5	orig=14.8R|orig.time=Noon|orig.date=1868-08-30
1868	8	30	11	58	0	18.6	orig=14.9R|orig.time=2:00PM|orig.date=1868-08-30
1868	8	30	18	58	0	24.4	orig=19.5R|orig.time=9:00PM|orig.date=1868-08-30
1868	8	31	4	58	0	12.6	orig=10.1R|orig.time=7:00AM|orig.date=1868-08-31
1868	8	31	9	58	0	17	orig=13.6R|orig.time=Noon|orig.date=1868-08-31
1868	8	31	11	58	0	18	orig=14.4R|orig.time=2:00PM|orig.date=1868-08-31
1868	8	31	18	58	0	15.2	orig=12.2R|orig.time=9:00PM|orig.date=1868-08-31
1868	9	1	4	58	0	13.6	orig=10.9R|orig.time=7:00AM|orig.date=1868-09-01
1868	9	1	9	58	0	18.8	orig=15R|orig.time=Noon|orig.date=1868-09-01
1868	9	1	11	58	0	19.6	orig=15.7R|orig.time=2:00PM|orig.date=1868-09-01
1868	9	1	18	58	0	16.2	orig=13R|orig.time=9:00PM|orig.date=1868-09-01
1868	9	2	4	58	0	14.1	orig=11.3R|orig.time=7:00AM|orig.date=1868-09-02
1868	9	2	9	58	0	15.4	orig=12.3R|orig.time=Noon|orig.date=1868-09-02
1868	9	2	11	58	0	16.9	orig=13.5R|orig.time=2:00PM|orig.date=1868-09-02
1868	9	2	18	58	0	15.4	orig=12.3R|orig.time=9:00PM|orig.date=1868-09-02
1868	9	3	4	58	0	17	orig=13.6R|orig.time=7:00AM|orig.date=1868-09-03
1868	9	3	9	58	0	16.4	orig=13.1R|orig.time=Noon|orig.date=1868-09-03
1868	9	3	11	58	0	18.5	orig=14.8R|orig.time=2:00PM|orig.date=1868-09-03
1868	9	3	18	58	0	14.6	orig=11.7R|orig.time=9:00PM|orig.date=1868-09-03
1868	9	4	4	58	0	11.2	orig=9R|orig.time=7:00AM|orig.date=1868-09-04
1868	9	4	9	58	0	13.8	orig=11R|orig.time=Noon|orig.date=1868-09-04
1868	9	4	11	58	0	15	orig=12R|orig.time=2:00PM|orig.date=1868-09-04
1868	9	4	18	58	0	12.5	orig=10R|orig.time=9:00PM|orig.date=1868-09-04
1868	9	5	4	58	0	12.5	orig=10R|orig.time=7:00AM|orig.date=1868-09-05
1868	9	5	9	58	0	16	orig=12.8R|orig.time=Noon|orig.date=1868-09-05
1868	9	5	11	58	0	16.5	orig=13.2R|orig.time=2:00PM|orig.date=1868-09-05
1868	9	5	18	58	0	12.5	orig=10R|orig.time=9:00PM|orig.date=1868-09-05
1868	9	6	4	58	0	9	orig=7.2R|orig.time=7:00AM|orig.date=1868-09-06
1868	9	6	9	58	0	15.2	orig=12.2R|orig.time=Noon|orig.date=1868-09-06
1868	9	6	11	58	0	17	orig=13.6R|orig.time=2:00PM|orig.date=1868-09-06
1868	9	6	18	58	0	13.1	orig=10.5R|orig.time=9:00PM|orig.date=1868-09-06
1868	9	7	4	58	0	10.4	orig=8.3R|orig.time=7:00AM|orig.date=1868-09-07
1868	9	7	9	58	0	18.8	orig=15R|orig.time=Noon|orig.date=1868-09-07
1868	9	7	11	58	0	19.8	orig=15.8R|orig.time=2:00PM|orig.date=1868-09-07
1868	9	7	18	58	0	18	orig=14.4R|orig.time=9:00PM|orig.date=1868-09-07
1868	9	8	4	58	0	12.2	orig=9.8R|orig.time=7:00AM|orig.date=1868-09-08
1868	9	8	9	58	0	18.6	orig=14.9R|orig.time=Noon|orig.date=1868-09-08
1868	9	8	11	58	0	19.1	orig=15.3R|orig.time=2:00PM|orig.date=1868-09-08
1868	9	8	18	58	0	16	orig=12.8R|orig.time=9:00PM|orig.date=1868-09-08
1868	9	9	4	58	0	11.9	orig=9.5R|orig.time=7:00AM|orig.date=1868-09-09
1868	9	9	9	58	0	18.9	orig=15.1R|orig.time=Noon|orig.date=1868-09-09
1868	9	9	11	58	0	18.5	orig=14.8R|orig.time=2:00PM|orig.date=1868-09-09
1868	9	9	18	58	0	16.8	orig=13.4R|orig.time=9:00PM|orig.date=1868-09-09
1868	9	10	4	58	0	12.5	orig=10R|orig.time=7:00AM|orig.date=1868-09-10
1868	9	10	9	58	0	18.8	orig=15R|orig.time=Noon|orig.date=1868-09-10
1868	9	10	11	58	0	18	orig=14.4R|orig.time=2:00PM|orig.date=1868-09-10
1868	9	10	18	58	0	14	orig=11.2R|orig.time=9:00PM|orig.date=1868-09-10
1868	9	11	4	58	0	7.9	orig=6.3R|orig.time=7:00AM|orig.date=1868-09-11
1868	9	11	9	58	0	15.2	orig=12.2R|orig.time=Noon|orig.date=1868-09-11
1868	9	11	11	58	0	16	orig=12.8R|orig.time=2:00PM|orig.date=1868-09-11
1868	9	11	18	58	0	12	orig=9.6R|orig.time=9:00PM|orig.date=1868-09-11
1868	9	12	4	58	0	7.6	orig=6.1R|orig.time=7:00AM|orig.date=1868-09-12
1868	9	12	9	58	0	15.6	orig=12.5R|orig.time=Noon|orig.date=1868-09-12
1868	9	12	11	58	0	17.1	orig=13.7R|orig.time=2:00PM|orig.date=1868-09-12
1868	9	12	18	58	0	13.5	orig=10.8R|orig.time=9:00PM|orig.date=1868-09-12
1868	9	13	4	58	0	11.1	orig=8.9R|orig.time=7:00AM|orig.date=1868-09-13
1868	9	13	9	58	0	18.6	orig=14.9R|orig.time=Noon|orig.date=1868-09-13
1868	9	13	11	58	0	19.4	orig=15.5R|orig.time=2:00PM|orig.date=1868-09-13
1868	9	13	18	58	0	15	orig=12R|orig.time=9:00PM|orig.date=1868-09-13
1868	9	14	4	58	0	12.5	orig=10R|orig.time=7:00AM|orig.date=1868-09-14
1868	9	14	9	58	0	18.9	orig=15.1R|orig.time=Noon|orig.date=1868-09-14
1868	9	14	11	58	0	20.4	orig=16.3R|orig.time=2:00PM|orig.date=1868-09-14
1868	9	14	18	58	0	17.5	orig=14R|orig.time=9:00PM|orig.date=1868-09-14
1868	9	15	4	58	0	14.6	orig=11.7R|orig.time=7:00AM|orig.date=1868-09-15
1868	9	15	9	58	0	22.1	orig=17.7R|orig.time=Noon|orig.date=1868-09-15
1868	9	15	11	58	0	21.8	orig=17.4R|orig.time=2:00PM|orig.date=1868-09-15
1868	9	15	18	58	0	16.8	orig=13.4R|orig.time=9:00PM|orig.date=1868-09-15
1868	9	16	4	58	0	13.5	orig=10.8R|orig.time=7:00AM|orig.date=1868-09-16
1868	9	16	9	58	0	15.8	orig=12.6R|orig.time=Noon|orig.date=1868-09-16
1868	9	16	11	58	0	16.9	orig=13.5R|orig.time=2:00PM|orig.date=1868-09-16
1868	9	16	18	58	0	13	orig=10.4R|orig.time=9:00PM|orig.date=1868-09-16
1868	9	17	4	58	0	11.1	orig=8.9R|orig.time=7:00AM|orig.date=1868-09-17
1868	9	17	9	58	0	16.9	orig=13.5R|orig.time=Noon|orig.date=1868-09-17
1868	9	17	11	58	0	18	orig=14.4R|orig.time=2:00PM|orig.date=1868-09-17
1868	9	17	18	58	0	15.4	orig=12.3R|orig.time=9:00PM|orig.date=1868-09-17
1868	9	18	4	58	0	13.9	orig=11.1R|orig.time=7:00AM|orig.date=1868-09-18
1868	9	18	9	58	0	17.9	orig=14.3R|orig.time=Noon|orig.date=1868-09-18
1868	9	18	11	58	0	20.1	orig=16.1R|orig.time=2:00PM|orig.date=1868-09-18
1868	9	18	18	58	0	16.1	orig=12.9R|orig.time=9:00PM|orig.date=1868-09-18
1868	9	19	4	58	0	14.1	orig=11.3R|orig.time=7:00AM|orig.date=1868-09-19
1868	9	19	9	58	0	20.4	orig=16.3R|orig.time=Noon|orig.date=1868-09-19
1868	9	19	11	58	0	21.8	orig=17.4R|orig.time=2:00PM|orig.date=1868-09-19
1868	9	19	18	58	0	17.2	orig=13.8R|orig.time=9:00PM|orig.date=1868-09-19
1868	9	20	4	58	0	14.2	orig=11.4R|orig.time=7:00AM|orig.date=1868-09-20
1868	9	20	9	58	0	21.9	orig=17.5R|orig.time=Noon|orig.date=1868-09-20
1868	9	20	11	58	0	23.2	orig=18.6R|orig.time=2:00PM|orig.date=1868-09-20
1868	9	20	18	58	0	16.4	orig=13.1R|orig.time=9:00PM|orig.date=1868-09-20
1868	9	21	4	58	0	14	orig=11.2R|orig.time=7:00AM|orig.date=1868-09-21
1868	9	21	9	58	0	19.8	orig=15.8R|orig.time=Noon|orig.date=1868-09-21
1868	9	21	11	58	0	19.5	orig=15.6R|orig.time=2:00PM|orig.date=1868-09-21
1868	9	21	18	58	0	16.1	orig=12.9R|orig.time=9:00PM|orig.date=1868-09-21
1868	9	22	4	58	0	17.2	orig=13.8R|orig.time=7:00AM|orig.date=1868-09-22
1868	9	22	9	58	0	20.2	orig=16.2R|orig.time=Noon|orig.date=1868-09-22
1868	9	22	11	58	0	21.2	orig=17R|orig.time=2:00PM|orig.date=1868-09-22
1868	9	22	18	58	0	15.5	orig=12.4R|orig.time=9:00PM|orig.date=1868-09-22
1868	9	23	4	58	0	12.5	orig=10R|orig.time=7:00AM|orig.date=1868-09-23
1868	9	23	9	58	0	15.9	orig=12.7R|orig.time=Noon|orig.date=1868-09-23
1868	9	23	11	58	0	17.5	orig=14R|orig.time=2:00PM|orig.date=1868-09-23
1868	9	23	18	58	0	12	orig=9.6R|orig.time=9:00PM|orig.date=1868-09-23
1868	9	24	4	58	0	8.9	orig=7.1R|orig.time=7:00AM|orig.date=1868-09-24
1868	9	24	9	58	0	21.5	orig=17.2R|orig.time=Noon|orig.date=1868-09-24
1868	9	24	11	58	0	23.5	orig=18.8R|orig.time=2:00PM|orig.date=1868-09-24
1868	9	24	18	58	0	17.2	orig=13.8R|orig.time=9:00PM|orig.date=1868-09-24
1868	9	25	4	58	0	12.4	orig=9.9R|orig.time=7:00AM|orig.date=1868-09-25
1868	9	25	9	58	0	17.1	orig=13.7R|orig.time=Noon|orig.date=1868-09-25
1868	9	25	11	58	0	18.1	orig=14.5R|orig.time=2:00PM|orig.date=1868-09-25
1868	9	25	18	58	0	12.1	orig=9.7R|orig.time=9:00PM|orig.date=1868-09-25
1868	9	26	4	58	0	11.4	orig=9.1R|orig.time=7:00AM|orig.date=1868-09-26
1868	9	26	9	58	0	19.4	orig=15.5R|orig.time=Noon|orig.date=1868-09-26
1868	9	26	11	58	0	20.4	orig=16.3R|orig.time=2:00PM|orig.date=1868-09-26
1868	9	26	18	58	0	16.4	orig=13.1R|orig.time=9:00PM|orig.date=1868-09-26
1868	9	27	4	58	0	15.5	orig=12.4R|orig.time=7:00AM|orig.date=1868-09-27
1868	9	27	9	58	0	17	orig=13.6R|orig.time=Noon|orig.date=1868-09-27
1868	9	27	11	58	0	21	orig=16.8R|orig.time=2:00PM|orig.date=1868-09-27
1868	9	27	18	58	0	16.9	orig=13.5R|orig.time=9:00PM|orig.date=1868-09-27
1868	9	28	4	58	0	14.1	orig=11.3R|orig.time=7:00AM|orig.date=1868-09-28
1868	9	28	9	58	0	23.1	orig=18.5R|orig.time=Noon|orig.date=1868-09-28
1868	9	28	11	58	0	25.5	orig=20.4R|orig.time=2:00PM|orig.date=1868-09-28
1868	9	28	18	58	0	21	orig=16.8R|orig.time=9:00PM|orig.date=1868-09-28
1868	9	29	4	58	0	15.5	orig=12.4R|orig.time=7:00AM|orig.date=1868-09-29
1868	9	29	9	58	0	15.9	orig=12.7R|orig.time=Noon|orig.date=1868-09-29
1868	9	29	11	58	0	16.1	orig=12.9R|orig.time=2:00PM|orig.date=1868-09-29
1868	9	29	18	58	0	11.9	orig=9.5R|orig.time=9:00PM|orig.date=1868-09-29
1868	9	30	4	58	0	8	orig=6.4R|orig.time=7:00AM|orig.date=1868-09-30
1868	9	30	9	58	0	13.9	orig=11.1R|orig.time=Noon|orig.date=1868-09-30
1868	9	30	11	58	0	15.6	orig=12.5R|orig.time=2:00PM|orig.date=1868-09-30
1868	9	30	18	58	0	12.1	orig=9.7R|orig.time=9:00PM|orig.date=1868-09-30
1868	10	1	4	58	0	9.4	orig=7.5R|orig.time=7:00AM|orig.date=1868-10-01
1868	10	1	9	58	0	19.6	orig=15.7R|orig.time=Noon|orig.date=1868-10-01
1868	10	1	11	58	0	21.8	orig=17.4R|orig.time=2:00PM|orig.date=1868-10-01
1868	10	1	18	58	0	17.4	orig=13.9R|orig.time=9:00PM|orig.date=1868-10-01
1868	10	2	4	58	0	13.1	orig=10.5R|orig.time=7:00AM|orig.date=1868-10-02
1868	10	2	9	58	0	17.8	orig=14.2R|orig.time=Noon|orig.date=1868-10-02
1868	10	2	11	58	0	20.4	orig=16.3R|orig.time=2:00PM|orig.date=1868-10-02
1868	10	2	18	58	0	18.6	orig=14.9R|orig.time=9:00PM|orig.date=1868-10-02
1868	10	3	4	58	0	14.5	orig=11.6R|orig.time=7:00AM|orig.date=1868-10-03
1868	10	3	9	58	0	24.1	orig=19.3R|orig.time=Noon|orig.date=1868-10-03
1868	10	3	11	58	0	25.5	orig=20.4R|orig.time=2:00PM|orig.date=1868-10-03
1868	10	3	18	58	0	14.4	orig=11.5R|orig.time=9:00PM|orig.date=1868-10-03
1868	10	4	4	58	0	5.8	orig=4.6R|orig.time=7:00AM|orig.date=1868-10-04
1868	10	4	9	58	0	6.5	orig=5.2R|orig.time=Noon|orig.date=1868-10-04
1868	10	4	11	58	0	8	orig=6.4R|orig.time=2:00PM|orig.date=1868-10-04
1868	10	4	18	58	0	5.5	orig=4.4R|orig.time=9:00PM|orig.date=1868-10-04
1868	10	5	4	58	0	0.6	orig=0.5R|orig.time=7:00AM|orig.date=1868-10-05
1868	10	5	9	58	0	6.5	orig=5.2R|orig.time=Noon|orig.date=1868-10-05
1868	10	5	11	58	0	6.8	orig=5.4R|orig.time=2:00PM|orig.date=1868-10-05
1868	10	5	18	58	0	3.4	orig=2.7R|orig.time=9:00PM|orig.date=1868-10-05
1868	10	6	4	58	0	-1	orig=-0.8R|orig.time=7:00AM|orig.date=1868-10-06
1868	10	6	9	58	0	6	orig=4.8R|orig.time=Noon|orig.date=1868-10-06
1868	10	6	11	58	0	7.4	orig=5.9R|orig.time=2:00PM|orig.date=1868-10-06
1868	10	6	18	58	0	5	orig=4R|orig.time=9:00PM|orig.date=1868-10-06
1868	10	7	4	58	0	0.8	orig=0.6R|orig.time=7:00AM|orig.date=1868-10-07
1868	10	7	9	58	0	4	orig=3.2R|orig.time=Noon|orig.date=1868-10-07
1868	10	7	11	58	0	5.9	orig=4.7R|orig.time=2:00PM|orig.date=1868-10-07
1868	10	7	18	58	0	7	orig=5.6R|orig.time=9:00PM|orig.date=1868-10-07
1868	10	8	4	58	0	5	orig=4R|orig.time=7:00AM|orig.date=1868-10-08
1868	10	8	9	58	0	6	orig=4.8R|orig.time=Noon|orig.date=1868-10-08
1868	10	8	11	58	0	6.5	orig=5.2R|orig.time=2:00PM|orig.date=1868-10-08
1868	10	8	18	58	0	6.5	orig=5.2R|orig.time=9:00PM|orig.date=1868-10-08
1868	10	9	4	58	0	7.5	orig=6R|orig.time=7:00AM|orig.date=1868-10-09
1868	10	9	9	58	0	8.8	orig=7R|orig.time=Noon|orig.date=1868-10-09
1868	10	9	11	58	0	8.6	orig=6.9R|orig.time=2:00PM|orig.date=1868-10-09
1868	10	9	18	58	0	7.8	orig=6.2R|orig.time=9:00PM|orig.date=1868-10-09
1868	10	10	4	58	0	6.9	orig=5.5R|orig.time=7:00AM|orig.date=1868-10-10
1868	10	10	9	58	0	8.9	orig=7.1R|orig.time=Noon|orig.date=1868-10-10
1868	10	10	11	58	0	9	orig=7.2R|orig.time=2:00PM|orig.date=1868-10-10
1868	10	10	18	58	0	7.9	orig=6.3R|orig.time=9:00PM|orig.date=1868-10-10
1868	10	11	4	58	0	5.2	orig=4.2R|orig.time=7:00AM|orig.date=1868-10-11
1868	10	11	9	58	0	10.2	orig=8.2R|orig.time=Noon|orig.date=1868-10-11
1868	10	11	11	58	0	12.5	orig=10R|orig.time=2:00PM|orig.date=1868-10-11
1868	10	11	18	58	0	5.1	orig=4.1R|orig.time=9:00PM|orig.date=1868-10-11
1868	10	12	4	58	0	4.2	orig=3.4R|orig.time=7:00AM|orig.date=1868-10-12
1868	10	12	9	58	0	9.9	orig=7.9R|orig.time=Noon|orig.date=1868-10-12
1868	10	12	11	58	0	11.6	orig=9.3R|orig.time=2:00PM|orig.date=1868-10-12
1868	10	12	18	58	0	8.1	orig=6.5R|orig.time=9:00PM|orig.date=1868-10-12
1868	10	13	4	58	0	9.1	orig=7.3R|orig.time=7:00AM|orig.date=1868-10-13
1868	10	13	9	58	0	9.1	orig=7.3R|orig.time=Noon|orig.date=1868-10-13
1868	10	13	11	58	0	10.5	orig=8.4R|orig.time=2:00PM|orig.date=1868-10-13
1868	10	13	18	58	0	8	orig=6.4R|orig.time=9:00PM|orig.date=1868-10-13
1868	10	14	4	58	0	5.9	orig=4.7R|orig.time=7:00AM|orig.date=1868-10-14
1868	10	14	9	58	0	11.5	orig=9.2R|orig.time=Noon|orig.date=1868-10-14
1868	10	14	11	58	0	12.1	orig=9.7R|orig.time=2:00PM|orig.date=1868-10-14
1868	10	14	18	58	0	9.5	orig=7.6R|orig.time=9:00PM|orig.date=1868-10-14
1868	10	15	4	58	0	7.5	orig=6R|orig.time=7:00AM|orig.date=1868-10-15
1868	10	15	9	58	0	11.5	orig=9.2R|orig.time=Noon|orig.date=1868-10-15
1868	10	15	11	58	0	12.1	orig=9.7R|orig.time=2:00PM|orig.date=1868-10-15
1868	10	15	18	58	0	9.8	orig=7.8R|orig.time=9:00PM|orig.date=1868-10-15
1868	10	16	4	58	0	8.4	orig=6.7R|orig.time=7:00AM|orig.date=1868-10-16
1868	10	16	9	58	0	14.1	orig=11.3R|orig.time=Noon|orig.date=1868-10-16
1868	10	16	11	58	0	14.9	orig=11.9R|orig.time=2:00PM|orig.date=1868-10-16
1868	10	16	18	58	0	8.9	orig=7.1R|orig.time=9:00PM|orig.date=1868-10-16
1868	10	17	4	58	0	7.8	orig=6.2R|orig.time=7:00AM|orig.date=1868-10-17
1868	10	17	9	58	0	13	orig=10.4R|orig.time=Noon|orig.date=1868-10-17
1868	10	17	11	58	0	14.1	orig=11.3R|orig.time=2:00PM|orig.date=1868-10-17
1868	10	17	18	58	0	8.2	orig=6.6R|orig.time=9:00PM|orig.date=1868-10-17
1868	10	18	4	58	0	4.6	orig=3.7R|orig.time=7:00AM|orig.date=1868-10-18
1868	10	18	9	58	0	8.5	orig=6.8R|orig.time=Noon|orig.date=1868-10-18
1868	10	18	11	58	0	10	orig=8R|orig.time=2:00PM|orig.date=1868-10-18
1868	10	18	18	58	0	7.9	orig=6.3R|orig.time=9:00PM|orig.date=1868-10-18
1868	10	19	4	58	0	9.9	orig=7.9R|orig.time=7:00AM|orig.date=1868-10-19
1868	10	19	9	58	0	13.9	orig=11.1R|orig.time=Noon|orig.date=1868-10-19
1868	10	19	11	58	0	14.6	orig=11.7R|orig.time=2:00PM|orig.date=1868-10-19
1868	10	19	18	58	0	11.6	orig=9.3R|orig.time=9:00PM|orig.date=1868-10-19
1868	10	20	4	58	0	8	orig=6.4R|orig.time=7:00AM|orig.date=1868-10-20
1868	10	20	9	58	0	10.1	orig=8.1R|orig.time=Noon|orig.date=1868-10-20
1868	10	20	11	58	0	9.8	orig=7.8R|orig.time=2:00PM|orig.date=1868-10-20
1868	10	20	18	58	0	9	orig=7.2R|orig.time=9:00PM|orig.date=1868-10-20
1868	10	21	4	58	0	10	orig=8R|orig.time=7:00AM|orig.date=1868-10-21
1868	10	21	9	58	0	14.5	orig=11.6R|orig.time=Noon|orig.date=1868-10-21
1868	10	21	11	58	0	14.6	orig=11.7R|orig.time=2:00PM|orig.date=1868-10-21
1868	10	21	18	58	0	12.9	orig=10.3R|orig.time=9:00PM|orig.date=1868-10-21
1868	10	22	4	58	0	13.4	orig=10.7R|orig.time=7:00AM|orig.date=1868-10-22
1868	10	22	9	58	0	18	orig=14.4R|orig.time=Noon|orig.date=1868-10-22
1868	10	22	11	58	0	19	orig=15.2R|orig.time=2:00PM|orig.date=1868-10-22
1868	10	22	18	58	0	15.1	orig=12.1R|orig.time=9:00PM|orig.date=1868-10-22
1868	10	23	4	58	0	13.8	orig=11R|orig.time=7:00AM|orig.date=1868-10-23
1868	10	23	9	58	0	18.8	orig=15R|orig.time=Noon|orig.date=1868-10-23
1868	10	23	11	58	0	19.4	orig=15.5R|orig.time=2:00PM|orig.date=1868-10-23
1868	10	23	18	58	0	13.4	orig=10.7R|orig.time=9:00PM|orig.date=1868-10-23
1868	10	24	4	58	0	9.2	orig=7.4R|orig.time=7:00AM|orig.date=1868-10-24
1868	10	24	9	58	0	15	orig=12R|orig.time=Noon|orig.date=1868-10-24
1868	10	24	11	58	0	14.2	orig=11.4R|orig.time=2:00PM|orig.date=1868-10-24
1868	10	24	18	58	0	12.5	orig=10R|orig.time=9:00PM|orig.date=1868-10-24
1868	10	25	4	58	0	12.6	orig=10.1R|orig.time=7:00AM|orig.date=1868-10-25
1868	10	25	9	58	0	15.4	orig=12.3R|orig.time=Noon|orig.date=1868-10-25
1868	10	25	11	58	0	14.5	orig=11.6R|orig.time=2:00PM|orig.date=1868-10-25
1868	10	25	18	58	0	11.6	orig=9.3R|orig.time=9:00PM|orig.date=1868-10-25
1868	10	26	4	58	0	8.4	orig=6.7R|orig.time=7:00AM|orig.date=1868-10-26
1868	10	26	9	58	0	8.8	orig=7R|orig.time=Noon|orig.date=1868-10-26
1868	10	26	11	58	0	9.5	orig=7.6R|orig.time=2:00PM|orig.date=1868-10-26
1868	10	26	18	58	0	6.5	orig=5.2R|orig.time=9:00PM|orig.date=1868-10-26
1868	10	27	4	58	0	3.2	orig=2.6R|orig.time=7:00AM|orig.date=1868-10-27
1868	10	27	9	58	0	7.5	orig=6R|orig.time=Noon|orig.date=1868-10-27
1868	10	27	11	58	0	7.8	orig=6.2R|orig.time=2:00PM|orig.date=1868-10-27
1868	10	27	18	58	0	5.9	orig=4.7R|orig.time=9:00PM|orig.date=1868-10-27
1868	10	28	4	58	0	6.2	orig=5R|orig.time=7:00AM|orig.date=1868-10-28
1868	10	28	9	58	0	6.1	orig=4.9R|orig.time=Noon|orig.date=1868-10-28
1868	10	28	11	58	0	6.4	orig=5.1R|orig.time=2:00PM|orig.date=1868-10-28
1868	10	28	18	58	0	5.8	orig=4.6R|orig.time=9:00PM|orig.date=1868-10-28
1868	10	29	4	58	0	5.4	orig=4.3R|orig.time=7:00AM|orig.date=1868-10-29
1868	10	29	9	58	0	5.1	orig=4.1R|orig.time=Noon|orig.date=1868-10-29
1868	10	29	11	58	0	6.5	orig=5.2R|orig.time=2:00PM|orig.date=1868-10-29
1868	10	29	18	58	0	1.1	orig=0.9R|orig.time=9:00PM|orig.date=1868-10-29
1868	10	30	4	58	0	1	orig=0.8R|orig.time=7:00AM|orig.date=1868-10-30
1868	10	30	9	58	0	5.2	orig=4.2R|orig.time=Noon|orig.date=1868-10-30
1868	10	30	11	58	0	6.5	orig=5.2R|orig.time=2:00PM|orig.date=1868-10-30
1868	10	30	18	58	0	4.1	orig=3.3R|orig.time=9:00PM|orig.date=1868-10-30
1868	10	31	4	58	0	0.6	orig=0.5R|orig.time=7:00AM|orig.date=1868-10-31
1868	10	31	9	58	0	6.4	orig=5.1R|orig.time=Noon|orig.date=1868-10-31
1868	10	31	11	58	0	7.6	orig=6.1R|orig.time=2:00PM|orig.date=1868-10-31
1868	10	31	18	58	0	1.8	orig=1.4R|orig.time=9:00PM|orig.date=1868-10-31
1868	11	1	4	58	0	2.5	orig=2R|orig.time=7:00AM|orig.date=1868-11-01
1868	11	1	9	58	0	6.1	orig=4.9R|orig.time=Noon|orig.date=1868-11-01
1868	11	1	11	58	0	7.4	orig=5.9R|orig.time=2:00PM|orig.date=1868-11-01
1868	11	1	18	58	0	5.5	orig=4.4R|orig.time=9:00PM|orig.date=1868-11-01
1868	11	2	4	58	0	3.8	orig=3R|orig.time=7:00AM|orig.date=1868-11-02
1868	11	2	9	58	0	5	orig=4R|orig.time=Noon|orig.date=1868-11-02
1868	11	2	11	58	0	5.2	orig=4.2R|orig.time=2:00PM|orig.date=1868-11-02
1868	11	2	18	58	0	2.6	orig=2.1R|orig.time=9:00PM|orig.date=1868-11-02
1868	11	3	4	58	0	4	orig=3.2R|orig.time=7:00AM|orig.date=1868-11-03
1868	11	3	9	58	0	6.9	orig=5.5R|orig.time=Noon|orig.date=1868-11-03
1868	11	3	11	58	0	8.8	orig=7R|orig.time=2:00PM|orig.date=1868-11-03
1868	11	3	18	58	0	4	orig=3.2R|orig.time=9:00PM|orig.date=1868-11-03
1868	11	4	4	58	0	6.1	orig=4.9R|orig.time=7:00AM|orig.date=1868-11-04
1868	11	4	9	58	0	9.8	orig=7.8R|orig.time=Noon|orig.date=1868-11-04
1868	11	4	11	58	0	10.4	orig=8.3R|orig.time=2:00PM|orig.date=1868-11-04
1868	11	4	18	58	0	9.6	orig=7.7R|orig.time=9:00PM|orig.date=1868-11-04
1868	11	5	4	58	0	7.8	orig=6.2R|orig.time=7:00AM|orig.date=1868-11-05
1868	11	5	9	58	0	10.1	orig=8.1R|orig.time=Noon|orig.date=1868-11-05
1868	11	5	11	58	0	12.4	orig=9.9R|orig.time=2:00PM|orig.date=1868-11-05
1868	11	5	18	58	0	9.9	orig=7.9R|orig.time=9:00PM|orig.date=1868-11-05
1868	11	6	4	58	0	7.6	orig=6.1R|orig.time=7:00AM|orig.date=1868-11-06
1868	11	6	9	58	0	10.8	orig=8.6R|orig.time=Noon|orig.date=1868-11-06
1868	11	6	11	58	0	11.5	orig=9.2R|orig.time=2:00PM|orig.date=1868-11-06
1868	11	6	18	58	0	7	orig=5.6R|orig.time=9:00PM|orig.date=1868-11-06
1868	11	7	4	58	0	4.5	orig=3.6R|orig.time=7:00AM|orig.date=1868-11-07
1868	11	7	9	58	0	10.6	orig=8.5R|orig.time=Noon|orig.date=1868-11-07
1868	11	7	11	58	0	13.1	orig=10.5R|orig.time=2:00PM|orig.date=1868-11-07
1868	11	7	18	58	0	9.1	orig=7.3R|orig.time=9:00PM|orig.date=1868-11-07
1868	11	8	4	58	0	9.8	orig=7.8R|orig.time=7:00AM|orig.date=1868-11-08
1868	11	8	9	58	0	14.9	orig=11.9R|orig.time=Noon|orig.date=1868-11-08
1868	11	8	11	58	0	16.1	orig=12.9R|orig.time=2:00PM|orig.date=1868-11-08
1868	11	8	18	58	0	10.8	orig=8.6R|orig.time=9:00PM|orig.date=1868-11-08
1868	11	9	4	58	0	7.9	orig=6.3R|orig.time=7:00AM|orig.date=1868-11-09
1868	11	9	9	58	0	10.9	orig=8.7R|orig.time=Noon|orig.date=1868-11-09
1868	11	9	11	58	0	9.8	orig=7.8R|orig.time=2:00PM|orig.date=1868-11-09
1868	11	9	18	58	0	7.6	orig=6.1R|orig.time=9:00PM|orig.date=1868-11-09
1868	11	10	4	58	0	8	orig=6.4R|orig.time=7:00AM|orig.date=1868-11-10
1868	11	10	9	58	0	7.2	orig=5.8R|orig.time=Noon|orig.date=1868-11-10
1868	11	10	11	58	0	7.4	orig=5.9R|orig.time=2:00PM|orig.date=1868-11-10
1868	11	10	18	58	0	3	orig=2.4R|orig.time=9:00PM|orig.date=1868-11-10
1868	11	11	4	58	0	0.1	orig=0.1R|orig.time=7:00AM|orig.date=1868-11-11
1868	11	11	9	58	0	5.4	orig=4.3R|orig.time=Noon|orig.date=1868-11-11
1868	11	11	11	58	0	5.8	orig=4.6R|orig.time=2:00PM|orig.date=1868-11-11
1868	11	11	18	58	0	3.6	orig=2.9R|orig.time=9:00PM|orig.date=1868-11-11
1868	11	12	4	58	0	5	orig=4R|orig.time=7:00AM|orig.date=1868-11-12
1868	11	12	9	58	0	-0.1	orig=-0.1R|orig.time=Noon|orig.date=1868-11-12
1868	11	12	11	58	0	-0.5	orig=-0.4R|orig.time=2:00PM|orig.date=1868-11-12
1868	11	12	18	58	0	-0.5	orig=-0.4R|orig.time=9:00PM|orig.date=1868-11-12
1868	11	13	4	58	0	-2.1	orig=-1.7R|orig.time=7:00AM|orig.date=1868-11-13
1868	11	13	9	58	0	-0.2	orig=-0.2R|orig.time=Noon|orig.date=1868-11-13
1868	11	13	11	58	0	-1.6	orig=-1.3R|orig.time=2:00PM|orig.date=1868-11-13
1868	11	13	18	58	0	-4	orig=-3.2R|orig.time=9:00PM|orig.date=1868-11-13
1868	11	14	4	58	0	-6	orig=-4.8R|orig.time=7:00AM|orig.date=1868-11-14
1868	11	14	9	58	0	-2.8	orig=-2.2R|orig.time=Noon|orig.date=1868-11-14
1868	11	14	11	58	0	-3.1	orig=-2.5R|orig.time=2:00PM|orig.date=1868-11-14
1868	11	14	18	58	0	-6.1	orig=-4.9R|orig.time=9:00PM|orig.date=1868-11-14
1868	11	15	4	58	0	-5.9	orig=-4.7R|orig.time=7:00AM|orig.date=1868-11-15
1868	11	15	9	58	0	-2	orig=-1.6R|orig.time=Noon|orig.date=1868-11-15
1868	11	15	11	58	0	-1.9	orig=-1.5R|orig.time=2:00PM|orig.date=1868-11-15
1868	11	15	18	58	0	-4.4	orig=-3.5R|orig.time=9:00PM|orig.date=1868-11-15
1868	11	16	4	58	0	-7.6	orig=-6.1R|orig.time=7:00AM|orig.date=1868-11-16
1868	11	16	9	58	0	-4	orig=-3.2R|orig.time=Noon|orig.date=1868-11-16
1868	11	16	11	58	0	-0.2	orig=-0.2R|orig.time=2:00PM|orig.date=1868-11-16
1868	11	16	18	58	0	-1.8	orig=-1.4R|orig.time=9:00PM|orig.date=1868-11-16
1868	11	17	4	58	0	-2	orig=-1.6R|orig.time=7:00AM|orig.date=1868-11-17
1868	11	17	9	58	0	0.8	orig=0.6R|orig.time=Noon|orig.date=1868-11-17
1868	11	17	11	58	0	0.5	orig=0.4R|orig.time=2:00PM|orig.date=1868-11-17
1868	11	17	18	58	0	-2.8	orig=-2.2R|orig.time=9:00PM|orig.date=1868-11-17
1868	11	18	4	58	0	-6.9	orig=-5.5R|orig.time=7:00AM|orig.date=1868-11-18
1868	11	18	9	58	0	-6.2	orig=-5R|orig.time=Noon|orig.date=1868-11-18
1868	11	18	11	58	0	-4.4	orig=-3.5R|orig.time=2:00PM|orig.date=1868-11-18
1868	11	18	18	58	0	-6.2	orig=-5R|orig.time=9:00PM|orig.date=1868-11-18
1868	11	19	4	58	0	-4.1	orig=-3.3R|orig.time=7:00AM|orig.date=1868-11-19
1868	11	19	9	58	0	0.4	orig=0.3R|orig.time=Noon|orig.date=1868-11-19
1868	11	19	11	58	0	-2.6	orig=-2.1R|orig.time=2:00PM|orig.date=1868-11-19
1868	11	19	18	58	0	-9.5	orig=-7.6R|orig.time=9:00PM|orig.date=1868-11-19
1868	11	20	4	58	0	-8	orig=-6.4R|orig.time=7:00AM|orig.date=1868-11-20
1868	11	20	9	58	0	-5.1	orig=-4.1R|orig.time=Noon|orig.date=1868-11-20
1868	11	20	11	58	0	-4.4	orig=-3.5R|orig.time=2:00PM|orig.date=1868-11-20
1868	11	20	18	58	0	-8.1	orig=-6.5R|orig.time=9:00PM|orig.date=1868-11-20
1868	11	21	4	58	0	-11.4	orig=-9.1R|orig.time=7:00AM|orig.date=1868-11-21
1868	11	21	9	58	0	-6.5	orig=-5.2R|orig.time=Noon|orig.date=1868-11-21
1868	11	21	11	58	0	-4.9	orig=-3.9R|orig.time=2:00PM|orig.date=1868-11-21
1868	11	21	18	58	0	-8.9	orig=-7.1R|orig.time=9:00PM|orig.date=1868-11-21
1868	11	22	4	58	0	-12.6	orig=-10.1R|orig.time=7:00AM|orig.date=1868-11-22
1868	11	22	9	58	0	-7.8	orig=-6.2R|orig.time=Noon|orig.date=1868-11-22
1868	11	22	11	58	0	-5.4	orig=-4.3R|orig.time=2:00PM|orig.date=1868-11-22
1868	11	22	18	58	0	-11.1	orig=-8.9R|orig.time=9:00PM|orig.date=1868-11-22
1868	11	23	4	58	0	-12.6	orig=-10.1R|orig.time=7:00AM|orig.date=1868-11-23
1868	11	23	9	58	0	-12.8	orig=-10.2R|orig.time=Noon|orig.date=1868-11-23
1868	11	23	11	58	0	-11.2	orig=-9R|orig.time=2:00PM|orig.date=1868-11-23
1868	11	23	18	58	0	-13.8	orig=-11R|orig.time=9:00PM|orig.date=1868-11-23
1868	11	24	4	58	0	-15.2	orig=-12.2R|orig.time=7:00AM|orig.date=1868-11-24
1868	11	24	9	58	0	-12	orig=-9.6R|orig.time=Noon|orig.date=1868-11-24
1868	11	24	11	58	0	-10.5	orig=-8.4R|orig.time=2:00PM|orig.date=1868-11-24
1868	11	24	18	58	0	-14	orig=-11.2R|orig.time=9:00PM|orig.date=1868-11-24
1868	11	25	4	58	0	-8.8	orig=-7R|orig.time=7:00AM|orig.date=1868-11-25
1868	11	25	9	58	0	-5.9	orig=-4.7R|orig.time=Noon|orig.date=1868-11-25
1868	11	25	11	58	0	-6	orig=-4.8R|orig.time=2:00PM|orig.date=1868-11-25
1868	11	25	18	58	0	-4.9	orig=-3.9R|orig.time=9:00PM|orig.date=1868-11-25
1868	11	26	4	58	0	-5.2	orig=-4.2R|orig.time=7:00AM|orig.date=1868-11-26
1868	11	26	9	58	0	-4.4	orig=-3.5R|orig.time=Noon|orig.date=1868-11-26
1868	11	26	11	58	0	-4.5	orig=-3.6R|orig.time=2:00PM|orig.date=1868-11-26
1868	11	26	18	58	0	-4.6	orig=-3.7R|orig.time=9:00PM|orig.date=1868-11-26
1868	11	27	4	58	0	-5.4	orig=-4.3R|orig.time=7:00AM|orig.date=1868-11-27
1868	11	27	9	58	0	-2.1	orig=-1.7R|orig.time=Noon|orig.date=1868-11-27
1868	11	27	11	58	0	-3.4	orig=-2.7R|orig.time=2:00PM|orig.date=1868-11-27
1868	11	27	18	58	0	-3.9	orig=-3.1R|orig.time=9:00PM|orig.date=1868-11-27
1868	11	28	4	58	0	-3.1	orig=-2.5R|orig.time=7:00AM|orig.date=1868-11-28
1868	11	28	9	58	0	-1.2	orig=-1R|orig.time=Noon|orig.date=1868-11-28
1868	11	28	11	58	0	-1.8	orig=-1.4R|orig.time=2:00PM|orig.date=1868-11-28
1868	11	28	18	58	0	-1.6	orig=-1.3R|orig.time=9:00PM|orig.date=1868-11-28
1868	11	29	4	58	0	-2.2	orig=-1.8R|orig.time=7:00AM|orig.date=1868-11-29
1868	11	29	9	58	0	-1	orig=-0.8R|orig.time=Noon|orig.date=1868-11-29
1868	11	29	11	58	0	-0.8	orig=-0.6R|orig.time=2:00PM|orig.date=1868-11-29
1868	11	29	18	58	0	-0.5	orig=-0.4R|orig.time=9:00PM|orig.date=1868-11-29
1868	11	30	4	58	0	-1.9	orig=-1.5R|orig.time=7:00AM|orig.date=1868-11-30
1868	11	30	9	58	0	-2.6	orig=-2.1R|orig.time=Noon|orig.date=1868-11-30
1868	11	30	11	58	0	-3.9	orig=-3.1R|orig.time=2:00PM|orig.date=1868-11-30
1868	11	30	18	58	0	-3.9	orig=-3.1R|orig.time=9:00PM|orig.date=1868-11-30
1868	12	1	4	58	0	-6.5	orig=-5.2R|orig.time=7:00AM|orig.date=1868-12-01
1868	12	1	9	58	0	-6.4	orig=-5.1R|orig.time=Noon|orig.date=1868-12-01
1868	12	1	11	58	0	-6.5	orig=-5.2R|orig.time=2:00PM|orig.date=1868-12-01
1868	12	1	18	58	0	-7.4	orig=-5.9R|orig.time=9:00PM|orig.date=1868-12-01
1868	12	2	4	58	0	-9.2	orig=-7.4R|orig.time=7:00AM|orig.date=1868-12-02
1868	12	2	9	58	0	-8.9	orig=-7.1R|orig.time=Noon|orig.date=1868-12-02
1868	12	2	11	58	0	-9.4	orig=-7.5R|orig.time=2:00PM|orig.date=1868-12-02
1868	12	2	18	58	0	-10	orig=-8R|orig.time=9:00PM|orig.date=1868-12-02
1868	12	3	4	58	0	-9.4	orig=-7.5R|orig.time=7:00AM|orig.date=1868-12-03
1868	12	3	9	58	0	-7.8	orig=-6.2R|orig.time=Noon|orig.date=1868-12-03
1868	12	3	11	58	0	-7.8	orig=-6.2R|orig.time=2:00PM|orig.date=1868-12-03
1868	12	3	18	58	0	-11.2	orig=-9R|orig.time=9:00PM|orig.date=1868-12-03
1868	12	4	4	58	0	-7	orig=-5.6R|orig.time=7:00AM|orig.date=1868-12-04
1868	12	4	9	58	0	-3.1	orig=-2.5R|orig.time=Noon|orig.date=1868-12-04
1868	12	4	11	58	0	-3.5	orig=-2.8R|orig.time=2:00PM|orig.date=1868-12-04
1868	12	4	18	58	0	-3.6	orig=-2.9R|orig.time=9:00PM|orig.date=1868-12-04
1868	12	5	4	58	0	-3.5	orig=-2.8R|orig.time=7:00AM|orig.date=1868-12-05
1868	12	5	9	58	0	-1.6	orig=-1.3R|orig.time=Noon|orig.date=1868-12-05
1868	12	5	11	58	0	-0.5	orig=-0.4R|orig.time=2:00PM|orig.date=1868-12-05
1868	12	5	18	58	0	-1.2	orig=-1R|orig.time=9:00PM|orig.date=1868-12-05
1868	12	6	4	58	0	-2.6	orig=-2.1R|orig.time=7:00AM|orig.date=1868-12-06
1868	12	6	9	58	0	-0.1	orig=-0.1R|orig.time=Noon|orig.date=1868-12-06
1868	12	6	11	58	0	0.4	orig=0.3R|orig.time=2:00PM|orig.date=1868-12-06
1868	12	6	18	58	0	2.5	orig=2R|orig.time=9:00PM|orig.date=1868-12-06
1868	12	7	4	58	0	2.6	orig=2.1R|orig.time=7:00AM|orig.date=1868-12-07
1868	12	7	9	58	0	3.8	orig=3R|orig.time=Noon|orig.date=1868-12-07
1868	12	7	11	58	0	3.1	orig=2.5R|orig.time=2:00PM|orig.date=1868-12-07
1868	12	7	18	58	0	5.5	orig=4.4R|orig.time=9:00PM|orig.date=1868-12-07
1868	12	8	4	58	0	5	orig=4R|orig.time=7:00AM|orig.date=1868-12-08
1868	12	8	9	58	0	5.8	orig=4.6R|orig.time=Noon|orig.date=1868-12-08
1868	12	8	11	58	0	5.4	orig=4.3R|orig.time=2:00PM|orig.date=1868-12-08
1868	12	8	18	58	0	2.8	orig=2.2R|orig.time=9:00PM|orig.date=1868-12-08
1868	12	9	4	58	0	0.1	orig=0.1R|orig.time=7:00AM|orig.date=1868-12-09
1868	12	9	9	58	0	-0.2	orig=-0.2R|orig.time=Noon|orig.date=1868-12-09
1868	12	9	11	58	0	-2.6	orig=-2.1R|orig.time=2:00PM|orig.date=1868-12-09
1868	12	9	18	58	0	-6.5	orig=-5.2R|orig.time=9:00PM|orig.date=1868-12-09
1868	12	10	4	58	0	-12.8	orig=-10.2R|orig.time=7:00AM|orig.date=1868-12-10
1868	12	10	9	58	0	-8.5	orig=-6.8R|orig.time=Noon|orig.date=1868-12-10
1868	12	10	11	58	0	-7.8	orig=-6.2R|orig.time=2:00PM|orig.date=1868-12-10
1868	12	10	18	58	0	-8	orig=-6.4R|orig.time=9:00PM|orig.date=1868-12-10
1868	12	11	4	58	0	-9.5	orig=-7.6R|orig.time=7:00AM|orig.date=1868-12-11
1868	12	11	9	58	0	-4.6	orig=-3.7R|orig.time=Noon|orig.date=1868-12-11
1868	12	11	11	58	0	-3.2	orig=-2.6R|orig.time=2:00PM|orig.date=1868-12-11
1868	12	11	18	58	0	-4.4	orig=-3.5R|orig.time=9:00PM|orig.date=1868-12-11
1868	12	12	4	58	0	-4	orig=-3.2R|orig.time=7:00AM|orig.date=1868-12-12
1868	12	12	9	58	0	0	orig=0R|orig.time=Noon|orig.date=1868-12-12
1868	12	12	11	58	0	0.5	orig=0.4R|orig.time=2:00PM|orig.date=1868-12-12
1868	12	12	18	58	0	0.1	orig=0.1R|orig.time=9:00PM|orig.date=1868-12-12
1868	12	13	4	58	0	-1.2	orig=-1R|orig.time=7:00AM|orig.date=1868-12-13
1868	12	13	9	58	0	0.2	orig=0.2R|orig.time=Noon|orig.date=1868-12-13
1868	12	13	11	58	0	0.5	orig=0.4R|orig.time=2:00PM|orig.date=1868-12-13
1868	12	13	18	58	0	-4.5	orig=-3.6R|orig.time=9:00PM|orig.date=1868-12-13
1868	12	14	4	58	0	-6.8	orig=-5.4R|orig.time=7:00AM|orig.date=1868-12-14
1868	12	14	9	58	0	-2.8	orig=-2.2R|orig.time=Noon|orig.date=1868-12-14
1868	12	14	11	58	0	-2.1	orig=-1.7R|orig.time=2:00PM|orig.date=1868-12-14
1868	12	14	18	58	0	-5.4	orig=-4.3R|orig.time=9:00PM|orig.date=1868-12-14
1868	12	15	4	58	0	-5.8	orig=-4.6R|orig.time=7:00AM|orig.date=1868-12-15
1868	12	15	9	58	0	-5.6	orig=-4.5R|orig.time=Noon|orig.date=1868-12-15
1868	12	15	11	58	0	-5.1	orig=-4.1R|orig.time=2:00PM|orig.date=1868-12-15
1868	12	15	18	58	0	-5.8	orig=-4.6R|orig.time=9:00PM|orig.date=1868-12-15
1868	12	16	4	58	0	-7.6	orig=-6.1R|orig.time=7:00AM|orig.date=1868-12-16
1868	12	16	9	58	0	-5.2	orig=-4.2R|orig.time=Noon|orig.date=1868-12-16
1868	12	16	11	58	0	-6.5	orig=-5.2R|orig.time=2:00PM|orig.date=1868-12-16
1868	12	16	18	58	0	-5.4	orig=-4.3R|orig.time=9:00PM|orig.date=1868-12-16
1868	12	17	4	58	0	-2.9	orig=-2.3R|orig.time=7:00AM|orig.date=1868-12-17
1868	12	17	9	58	0	0.1	orig=0.1R|orig.time=Noon|orig.date=1868-12-17
1868	12	17	11	58	0	-0.4	orig=-0.3R|orig.time=2:00PM|orig.date=1868-12-17
1868	12	17	18	58	0	-0.2	orig=-0.2R|orig.time=9:00PM|orig.date=1868-12-17
1868	12	18	4	58	0	-5	orig=-4R|orig.time=7:00AM|orig.date=1868-12-18
1868	12	18	9	58	0	-5.2	orig=-4.2R|orig.time=Noon|orig.date=1868-12-18
1868	12	18	11	58	0	-3.1	orig=-2.5R|orig.time=2:00PM|orig.date=1868-12-18
1868	12	18	18	58	0	-7.5	orig=-6R|orig.time=9:00PM|orig.date=1868-12-18
1868	12	19	4	58	0	-8.2	orig=-6.6R|orig.time=7:00AM|orig.date=1868-12-19
1868	12	19	9	58	0	-5.2	orig=-4.2R|orig.time=Noon|orig.date=1868-12-19
1868	12	19	11	58	0	-5.4	orig=-4.3R|orig.time=2:00PM|orig.date=1868-12-19
1868	12	19	18	58	0	-5.1	orig=-4.1R|orig.time=9:00PM|orig.date=1868-12-19
1868	12	20	4	58	0	-2.9	orig=-2.3R|orig.time=7:00AM|orig.date=1868-12-20
1868	12	20	9	58	0	-0.2	orig=-0.2R|orig.time=Noon|orig.date=1868-12-20
1868	12	20	11	58	0	-0.4	orig=-0.3R|orig.time=2:00PM|orig.date=1868-12-20
1868	12	20	18	58	0	-2.5	orig=-2R|orig.time=9:00PM|orig.date=1868-12-20
1868	12	21	4	58	0	-3.4	orig=-2.7R|orig.time=7:00AM|orig.date=1868-12-21
1868	12	21	9	58	0	-4.4	orig=-3.5R|orig.time=Noon|orig.date=1868-12-21
1868	12	21	11	58	0	-4	orig=-3.2R|orig.time=2:00PM|orig.date=1868-12-21
1868	12	21	18	58	0	-4	orig=-3.2R|orig.time=9:00PM|orig.date=1868-12-21
1868	12	22	4	58	0	-2.9	orig=-2.3R|orig.time=7:00AM|orig.date=1868-12-22
1868	12	22	9	58	0	-0.1	orig=-0.1R|orig.time=Noon|orig.date=1868-12-22
1868	12	22	11	58	0	-0.2	orig=-0.2R|orig.time=2:00PM|orig.date=1868-12-22
1868	12	22	18	58	0	-1.6	orig=-1.3R|orig.time=9:00PM|orig.date=1868-12-22
1868	12	23	4	58	0	-2.5	orig=-2R|orig.time=7:00AM|orig.date=1868-12-23
1868	12	23	9	58	0	-0.2	orig=-0.2R|orig.time=Noon|orig.date=1868-12-23
1868	12	23	11	58	0	-1.2	orig=-1R|orig.time=2:00PM|orig.date=1868-12-23
1868	12	23	18	58	0	0	orig=0R|orig.time=9:00PM|orig.date=1868-12-23
1868	12	24	4	58	0	0.6	orig=0.5R|orig.time=7:00AM|orig.date=1868-12-24
1868	12	24	9	58	0	2	orig=1.6R|orig.time=Noon|orig.date=1868-12-24
1868	12	24	11	58	0	2.6	orig=2.1R|orig.time=2:00PM|orig.date=1868-12-24
1868	12	24	18	58	0	0.6	orig=0.5R|orig.time=9:00PM|orig.date=1868-12-24
1868	12	25	4	58	0	1.8	orig=1.4R|orig.time=7:00AM|orig.date=1868-12-25
1868	12	25	9	58	0	3.6	orig=2.9R|orig.time=Noon|orig.date=1868-12-25
1868	12	25	11	58	0	3.8	orig=3R|orig.time=2:00PM|orig.date=1868-12-25
1868	12	25	18	58	0	3.5	orig=2.8R|orig.time=9:00PM|orig.date=1868-12-25
1868	12	26	4	58	0	1.8	orig=1.4R|orig.time=7:00AM|orig.date=1868-12-26
1868	12	26	9	58	0	4.4	orig=3.5R|orig.time=Noon|orig.date=1868-12-26
1868	12	26	11	58	0	3.6	orig=2.9R|orig.time=2:00PM|orig.date=1868-12-26
1868	12	26	18	58	0	2.2	orig=1.8R|orig.time=9:00PM|orig.date=1868-12-26
1868	12	27	4	58	0	1.6	orig=1.3R|orig.time=7:00AM|orig.date=1868-12-27
1868	12	27	9	58	0	2.8	orig=2.2R|orig.time=Noon|orig.date=1868-12-27
1868	12	27	11	58	0	3.5	orig=2.8R|orig.time=2:00PM|orig.date=1868-12-27
1868	12	27	18	58	0	0.9	orig=0.7R|orig.time=9:00PM|orig.date=1868-12-27
1868	12	28	4	58	0	2.6	orig=2.1R|orig.time=7:00AM|orig.date=1868-12-28
1868	12	28	9	58	0	6.2	orig=5R|orig.time=Noon|orig.date=1868-12-28
1868	12	28	11	58	0	6.6	orig=5.3R|orig.time=2:00PM|orig.date=1868-12-28
1868	12	28	18	58	0	3.6	orig=2.9R|orig.time=9:00PM|orig.date=1868-12-28
1868	12	29	4	58	0	1.2	orig=1R|orig.time=7:00AM|orig.date=1868-12-29
1868	12	29	9	58	0	5	orig=4R|orig.time=Noon|orig.date=1868-12-29
1868	12	29	11	58	0	6.2	orig=5R|orig.time=2:00PM|orig.date=1868-12-29
1868	12	29	18	58	0	3.8	orig=3R|orig.time=9:00PM|orig.date=1868-12-29
1868	12	30	4	58	0	0.6	orig=0.5R|orig.time=7:00AM|orig.date=1868-12-30
1868	12	30	9	58	0	2.6	orig=2.1R|orig.time=Noon|orig.date=1868-12-30
1868	12	30	11	58	0	4.4	orig=3.5R|orig.time=2:00PM|orig.date=1868-12-30
1868	12	30	18	58	0	4.2	orig=3.4R|orig.time=9:00PM|orig.date=1868-12-30
1868	12	31	4	58	0	2.6	orig=2.1R|orig.time=7:00AM|orig.date=1868-12-31
1868	12	31	9	58	0	5.4	orig=4.3R|orig.time=Noon|orig.date=1868-12-31
1868	12	31	11	58	0	6.5	orig=5.2R|orig.time=2:00PM|orig.date=1868-12-31
1868	12	31	18	58	0	5	orig=4R|orig.time=9:00PM|orig.date=1868-12-31
1869	1	1	4	58	0	3.2	orig=2.6R|orig.time=7:00AM|orig.date=1869-01-01
1869	1	1	9	58	0	5	orig=4R|orig.time=Noon|orig.date=1869-01-01
1869	1	1	11	58	0	4.5	orig=3.6R|orig.time=2:00PM|orig.date=1869-01-01
1869	1	1	18	58	0	3.6	orig=2.9R|orig.time=9:00PM|orig.date=1869-01-01
1869	1	2	4	58	0	0.9	orig=0.7R|orig.time=7:00AM|orig.date=1869-01-02
1869	1	2	9	58	0	1.1	orig=0.9R|orig.time=Noon|orig.date=1869-01-02
1869	1	2	11	58	0	1.8	orig=1.4R|orig.time=2:00PM|orig.date=1869-01-02
1869	1	2	18	58	0	-0.2	orig=-0.2R|orig.time=9:00PM|orig.date=1869-01-02
1869	1	3	4	58	0	-1.8	orig=-1.4R|orig.time=7:00AM|orig.date=1869-01-03
1869	1	3	9	58	0	-3.1	orig=-2.5R|orig.time=Noon|orig.date=1869-01-03
1869	1	3	11	58	0	-2.2	orig=-1.8R|orig.time=2:00PM|orig.date=1869-01-03
1869	1	3	18	58	0	-5.1	orig=-4.1R|orig.time=9:00PM|orig.date=1869-01-03
1869	1	4	4	58	0	-6.5	orig=-5.2R|orig.time=7:00AM|orig.date=1869-01-04
1869	1	4	9	58	0	-5.6	orig=-4.5R|orig.time=Noon|orig.date=1869-01-04
1869	1	4	11	58	0	-5	orig=-4R|orig.time=2:00PM|orig.date=1869-01-04
1869	1	4	18	58	0	-7.2	orig=-5.8R|orig.time=9:00PM|orig.date=1869-01-04
1869	1	5	4	58	0	-12.4	orig=-9.9R|orig.time=7:00AM|orig.date=1869-01-05
1869	1	5	9	58	0	-9.1	orig=-7.3R|orig.time=Noon|orig.date=1869-01-05
1869	1	5	11	58	0	-8.8	orig=-7R|orig.time=2:00PM|orig.date=1869-01-05
1869	1	5	18	58	0	-6.6	orig=-5.3R|orig.time=9:00PM|orig.date=1869-01-05
1869	1	6	4	58	0	-5.8	orig=-4.6R|orig.time=7:00AM|orig.date=1869-01-06
1869	1	6	9	58	0	-6.4	orig=-5.1R|orig.time=Noon|orig.date=1869-01-06
1869	1	6	11	58	0	-6.1	orig=-4.9R|orig.time=2:00PM|orig.date=1869-01-06
1869	1	6	18	58	0	-6.8	orig=-5.4R|orig.time=9:00PM|orig.date=1869-01-06
1869	1	7	4	58	0	-6.2	orig=-5R|orig.time=7:00AM|orig.date=1869-01-07
1869	1	7	9	58	0	-4.1	orig=-3.3R|orig.time=Noon|orig.date=1869-01-07
1869	1	7	11	58	0	-3.9	orig=-3.1R|orig.time=2:00PM|orig.date=1869-01-07
1869	1	7	18	58	0	-4.1	orig=-3.3R|orig.time=9:00PM|orig.date=1869-01-07
1869	1	8	4	58	0	-3.8	orig=-3R|orig.time=7:00AM|orig.date=1869-01-08
1869	1	8	9	58	0	-3.1	orig=-2.5R|orig.time=Noon|orig.date=1869-01-08
1869	1	8	11	58	0	-3.8	orig=-3R|orig.time=2:00PM|orig.date=1869-01-08
1869	1	8	18	58	0	-2.6	orig=-2.1R|orig.time=9:00PM|orig.date=1869-01-08
1869	1	9	4	58	0	-5.8	orig=-4.6R|orig.time=7:00AM|orig.date=1869-01-09
1869	1	9	9	58	0	-4.1	orig=-3.3R|orig.time=Noon|orig.date=1869-01-09
1869	1	9	11	58	0	-3.2	orig=-2.6R|orig.time=2:00PM|orig.date=1869-01-09
1869	1	9	18	58	0	-1.4	orig=-1.1R|orig.time=9:00PM|orig.date=1869-01-09
1869	1	10	4	58	0	-1.4	orig=-1.1R|orig.time=7:00AM|orig.date=1869-01-10
1869	1	10	9	58	0	0	orig=0R|orig.time=Noon|orig.date=1869-01-10
1869	1	10	11	58	0	1	orig=0.8R|orig.time=2:00PM|orig.date=1869-01-10
1869	1	10	18	58	0	-3.1	orig=-2.5R|orig.time=9:00PM|orig.date=1869-01-10
1869	1	11	4	58	0	-2.6	orig=-2.1R|orig.time=7:00AM|orig.date=1869-01-11
1869	1	11	9	58	0	-0.1	orig=-0.1R|orig.time=Noon|orig.date=1869-01-11
1869	1	11	11	58	0	1	orig=0.8R|orig.time=2:00PM|orig.date=1869-01-11
1869	1	11	18	58	0	0	orig=0R|orig.time=9:00PM|orig.date=1869-01-11
1869	1	12	4	58	0	-1.9	orig=-1.5R|orig.time=7:00AM|orig.date=1869-01-12
1869	1	12	9	58	0	-1.2	orig=-1R|orig.time=Noon|orig.date=1869-01-12
1869	1	12	11	58	0	-1.2	orig=-1R|orig.time=2:00PM|orig.date=1869-01-12
1869	1	12	18	58	0	-2.9	orig=-2.3R|orig.time=9:00PM|orig.date=1869-01-12
1869	1	13	4	58	0	-2	orig=-1.6R|orig.time=7:00AM|orig.date=1869-01-13
1869	1	13	9	58	0	-1.6	orig=-1.3R|orig.time=Noon|orig.date=1869-01-13
1869	1	13	11	58	0	-2	orig=-1.6R|orig.time=2:00PM|orig.date=1869-01-13
1869	1	13	18	58	0	-3.5	orig=-2.8R|orig.time=9:00PM|orig.date=1869-01-13
1869	1	14	4	58	0	-4.6	orig=-3.7R|orig.time=7:00AM|orig.date=1869-01-14
1869	1	14	9	58	0	-2	orig=-1.6R|orig.time=Noon|orig.date=1869-01-14
1869	1	14	11	58	0	-2	orig=-1.6R|orig.time=2:00PM|orig.date=1869-01-14
1869	1	14	18	58	0	-2.9	orig=-2.3R|orig.time=9:00PM|orig.date=1869-01-14
1869	1	15	4	58	0	-2.1	orig=-1.7R|orig.time=7:00AM|orig.date=1869-01-15
1869	1	15	9	58	0	-4.4	orig=-3.5R|orig.time=Noon|orig.date=1869-01-15
1869	1	15	11	58	0	-6.4	orig=-5.1R|orig.time=2:00PM|orig.date=1869-01-15
1869	1	15	18	58	0	-15.8	orig=-12.6R|orig.time=9:00PM|orig.date=1869-01-15
1869	1	16	4	58	0	-21.1	orig=-16.9R|orig.time=7:00AM|orig.date=1869-01-16
1869	1	16	9	58	0	-19.6	orig=-15.7R|orig.time=Noon|orig.date=1869-01-16
1869	1	16	11	58	0	-19.1	orig=-15.3R|orig.time=2:00PM|orig.date=1869-01-16
1869	1	16	18	58	0	-19	orig=-15.2R|orig.time=9:00PM|orig.date=1869-01-16
1869	1	17	4	58	0	-23.9	orig=-19.1R|orig.time=7:00AM|orig.date=1869-01-17
1869	1	17	9	58	0	-18.9	orig=-15.1R|orig.time=Noon|orig.date=1869-01-17
1869	1	17	11	58	0	-15.8	orig=-12.6R|orig.time=2:00PM|orig.date=1869-01-17
1869	1	17	18	58	0	-14	orig=-11.2R|orig.time=9:00PM|orig.date=1869-01-17
1869	1	18	4	58	0	-18.5	orig=-14.8R|orig.time=7:00AM|orig.date=1869-01-18
1869	1	18	9	58	0	-15.8	orig=-12.6R|orig.time=Noon|orig.date=1869-01-18
1869	1	18	11	58	0	-16.6	orig=-13.3R|orig.time=2:00PM|orig.date=1869-01-18
1869	1	18	18	58	0	-15.2	orig=-12.2R|orig.time=9:00PM|orig.date=1869-01-18
1869	1	19	4	58	0	-14.9	orig=-11.9R|orig.time=7:00AM|orig.date=1869-01-19
1869	1	19	9	58	0	-14.2	orig=-11.4R|orig.time=Noon|orig.date=1869-01-19
1869	1	19	11	58	0	-15.1	orig=-12.1R|orig.time=2:00PM|orig.date=1869-01-19
1869	1	19	18	58	0	-17	orig=-13.6R|orig.time=9:00PM|orig.date=1869-01-19
1869	1	20	4	58	0	-21.4	orig=-17.1R|orig.time=7:00AM|orig.date=1869-01-20
1869	1	20	9	58	0	-19.5	orig=-15.6R|orig.time=Noon|orig.date=1869-01-20
1869	1	20	11	58	0	-17.8	orig=-14.2R|orig.time=2:00PM|orig.date=1869-01-20
1869	1	20	18	58	0	-17.6	orig=-14.1R|orig.time=9:00PM|orig.date=1869-01-20
1869	1	21	4	58	0	-18.5	orig=-14.8R|orig.time=7:00AM|orig.date=1869-01-21
1869	1	21	9	58	0	-18.6	orig=-14.9R|orig.time=Noon|orig.date=1869-01-21
1869	1	21	11	58	0	-15.4	orig=-12.3R|orig.time=2:00PM|orig.date=1869-01-21
1869	1	21	18	58	0	-19	orig=-15.2R|orig.time=9:00PM|orig.date=1869-01-21
1869	1	22	4	58	0	-18.5	orig=-14.8R|orig.time=7:00AM|orig.date=1869-01-22
1869	1	22	9	58	0	-14.9	orig=-11.9R|orig.time=Noon|orig.date=1869-01-22
1869	1	22	11	58	0	-14	orig=-11.2R|orig.time=2:00PM|orig.date=1869-01-22
1869	1	22	18	58	0	-17.8	orig=-14.2R|orig.time=9:00PM|orig.date=1869-01-22
1869	1	23	4	58	0	-20	orig=-16R|orig.time=7:00AM|orig.date=1869-01-23
1869	1	23	9	58	0	-16.2	orig=-13R|orig.time=Noon|orig.date=1869-01-23
1869	1	23	11	58	0	-15.8	orig=-12.6R|orig.time=2:00PM|orig.date=1869-01-23
1869	1	23	18	58	0	-14.4	orig=-11.5R|orig.time=9:00PM|orig.date=1869-01-23
1869	1	24	4	58	0	-13.9	orig=-11.1R|orig.time=7:00AM|orig.date=1869-01-24
1869	1	24	9	58	0	-10.9	orig=-8.7R|orig.time=Noon|orig.date=1869-01-24
1869	1	24	11	58	0	-11.6	orig=-9.3R|orig.time=2:00PM|orig.date=1869-01-24
1869	1	24	18	58	0	-13.2	orig=-10.6R|orig.time=9:00PM|orig.date=1869-01-24
1869	1	25	4	58	0	-12.1	orig=-9.7R|orig.time=7:00AM|orig.date=1869-01-25
1869	1	25	9	58	0	-7.2	orig=-5.8R|orig.time=Noon|orig.date=1869-01-25
1869	1	25	11	58	0	-6.4	orig=-5.1R|orig.time=2:00PM|orig.date=1869-01-25
1869	1	25	18	58	0	-8.5	orig=-6.8R|orig.time=9:00PM|orig.date=1869-01-25
1869	1	26	4	58	0	-9.8	orig=-7.8R|orig.time=7:00AM|orig.date=1869-01-26
1869	1	26	9	58	0	-6.9	orig=-5.5R|orig.time=Noon|orig.date=1869-01-26
1869	1	26	11	58	0	-4.9	orig=-3.9R|orig.time=2:00PM|orig.date=1869-01-26
1869	1	26	18	58	0	-6.8	orig=-5.4R|orig.time=9:00PM|orig.date=1869-01-26
1869	1	27	4	58	0	-6.9	orig=-5.5R|orig.time=7:00AM|orig.date=1869-01-27
1869	1	27	9	58	0	-4.4	orig=-3.5R|orig.time=Noon|orig.date=1869-01-27
1869	1	27	11	58	0	-4.1	orig=-3.3R|orig.time=2:00PM|orig.date=1869-01-27
1869	1	27	18	58	0	-5.4	orig=-4.3R|orig.time=9:00PM|orig.date=1869-01-27
1869	1	28	4	58	0	-15.5	orig=-12.4R|orig.time=7:00AM|orig.date=1869-01-28
1869	1	28	9	58	0	-11.6	orig=-9.3R|orig.time=Noon|orig.date=1869-01-28
1869	1	28	11	58	0	-11.6	orig=-9.3R|orig.time=2:00PM|orig.date=1869-01-28
1869	1	28	18	58	0	-15.9	orig=-12.7R|orig.time=9:00PM|orig.date=1869-01-28
1869	1	29	4	58	0	-21	orig=-16.8R|orig.time=7:00AM|orig.date=1869-01-29
1869	1	29	9	58	0	-15	orig=-12R|orig.time=Noon|orig.date=1869-01-29
1869	1	29	11	58	0	-11.6	orig=-9.3R|orig.time=2:00PM|orig.date=1869-01-29
1869	1	29	18	58	0	-15.8	orig=-12.6R|orig.time=9:00PM|orig.date=1869-01-29
1869	1	30	4	58	0	-15.4	orig=-12.3R|orig.time=7:00AM|orig.date=1869-01-30
1869	1	30	9	58	0	-8.4	orig=-6.7R|orig.time=Noon|orig.date=1869-01-30
1869	1	30	11	58	0	-7.5	orig=-6R|orig.time=2:00PM|orig.date=1869-01-30
1869	1	30	18	58	0	-7.5	orig=-6R|orig.time=9:00PM|orig.date=1869-01-30
1869	1	31	4	58	0	-8.5	orig=-6.8R|orig.time=7:00AM|orig.date=1869-01-31
1869	1	31	9	58	0	-6.8	orig=-5.4R|orig.time=Noon|orig.date=1869-01-31
1869	1	31	11	58	0	-6.6	orig=-5.3R|orig.time=2:00PM|orig.date=1869-01-31
1869	1	31	18	58	0	-5.2	orig=-4.2R|orig.time=9:00PM|orig.date=1869-01-31
1869	2	1	4	58	0	-5.5	orig=-4.4R|orig.time=7:00AM|orig.date=1869-02-01
1869	2	1	9	58	0	-1.2	orig=-1R|orig.time=Noon|orig.date=1869-02-01
1869	2	1	11	58	0	-0.2	orig=-0.2R|orig.time=2:00PM|orig.date=1869-02-01
1869	2	1	18	58	0	-2.9	orig=-2.3R|orig.time=9:00PM|orig.date=1869-02-01
1869	2	2	4	58	0	-2	orig=-1.6R|orig.time=7:00AM|orig.date=1869-02-02
1869	2	2	9	58	0	1.4	orig=1.1R|orig.time=Noon|orig.date=1869-02-02
1869	2	2	11	58	0	1.8	orig=1.4R|orig.time=2:00PM|orig.date=1869-02-02
1869	2	2	18	58	0	1.8	orig=1.4R|orig.time=9:00PM|orig.date=1869-02-02
1869	2	3	4	58	0	1.6	orig=1.3R|orig.time=7:00AM|orig.date=1869-02-03
1869	2	3	9	58	0	4.1	orig=3.3R|orig.time=Noon|orig.date=1869-02-03
1869	2	3	11	58	0	3.8	orig=3R|orig.time=2:00PM|orig.date=1869-02-03
1869	2	3	18	58	0	1.6	orig=1.3R|orig.time=9:00PM|orig.date=1869-02-03
1869	2	4	4	58	0	0.4	orig=0.3R|orig.time=7:00AM|orig.date=1869-02-04
1869	2	4	9	58	0	0	orig=0R|orig.time=Noon|orig.date=1869-02-04
1869	2	4	11	58	0	0.2	orig=0.2R|orig.time=2:00PM|orig.date=1869-02-04
1869	2	4	18	58	0	-2.8	orig=-2.2R|orig.time=9:00PM|orig.date=1869-02-04
1869	2	5	4	58	0	-0.9	orig=-0.7R|orig.time=7:00AM|orig.date=1869-02-05
1869	2	5	9	58	0	0	orig=0R|orig.time=Noon|orig.date=1869-02-05
1869	2	5	11	58	0	0.9	orig=0.7R|orig.time=2:00PM|orig.date=1869-02-05
1869	2	5	18	58	0	-2.8	orig=-2.2R|orig.time=9:00PM|orig.date=1869-02-05
1869	2	6	4	58	0	-2.1	orig=-1.7R|orig.time=7:00AM|orig.date=1869-02-06
1869	2	6	9	58	0	0.6	orig=0.5R|orig.time=Noon|orig.date=1869-02-06
1869	2	6	11	58	0	1.5	orig=1.2R|orig.time=2:00PM|orig.date=1869-02-06
1869	2	6	18	58	0	2.8	orig=2.2R|orig.time=9:00PM|orig.date=1869-02-06
1869	2	7	4	58	0	0.9	orig=0.7R|orig.time=7:00AM|orig.date=1869-02-07
1869	2	7	9	58	0	4.8	orig=3.8R|orig.time=Noon|orig.date=1869-02-07
1869	2	7	11	58	0	6.8	orig=5.4R|orig.time=2:00PM|orig.date=1869-02-07
1869	2	7	18	58	0	2.9	orig=2.3R|orig.time=9:00PM|orig.date=1869-02-07
1869	2	8	4	58	0	1.2	orig=1R|orig.time=7:00AM|orig.date=1869-02-08
1869	2	8	9	58	0	5.9	orig=4.7R|orig.time=Noon|orig.date=1869-02-08
1869	2	8	11	58	0	7.9	orig=6.3R|orig.time=2:00PM|orig.date=1869-02-08
1869	2	8	18	58	0	4.1	orig=3.3R|orig.time=9:00PM|orig.date=1869-02-08
1869	2	9	4	58	0	5.5	orig=4.4R|orig.time=7:00AM|orig.date=1869-02-09
1869	2	9	9	58	0	9.5	orig=7.6R|orig.time=Noon|orig.date=1869-02-09
1869	2	9	11	58	0	10.1	orig=8.1R|orig.time=2:00PM|orig.date=1869-02-09
1869	2	9	18	58	0	6.2	orig=5R|orig.time=9:00PM|orig.date=1869-02-09
1869	2	10	4	58	0	2	orig=1.6R|orig.time=7:00AM|orig.date=1869-02-10
1869	2	10	9	58	0	7.5	orig=6R|orig.time=Noon|orig.date=1869-02-10
1869	2	10	11	58	0	9	orig=7.2R|orig.time=2:00PM|orig.date=1869-02-10
1869	2	10	18	58	0	2	orig=1.6R|orig.time=9:00PM|orig.date=1869-02-10
1869	2	11	4	58	0	3.1	orig=2.5R|orig.time=7:00AM|orig.date=1869-02-11
1869	2	11	9	58	0	6.8	orig=5.4R|orig.time=Noon|orig.date=1869-02-11
1869	2	11	11	58	0	6.1	orig=4.9R|orig.time=2:00PM|orig.date=1869-02-11
1869	2	11	18	58	0	2	orig=1.6R|orig.time=9:00PM|orig.date=1869-02-11
1869	2	12	4	58	0	-0.2	orig=-0.2R|orig.time=7:00AM|orig.date=1869-02-12
1869	2	12	9	58	0	1.6	orig=1.3R|orig.time=Noon|orig.date=1869-02-12
1869	2	12	11	58	0	0.9	orig=0.7R|orig.time=2:00PM|orig.date=1869-02-12
1869	2	12	18	58	0	0.8	orig=0.6R|orig.time=9:00PM|orig.date=1869-02-12
1869	2	13	4	58	0	-0.6	orig=-0.5R|orig.time=7:00AM|orig.date=1869-02-13
1869	2	13	9	58	0	2.5	orig=2R|orig.time=Noon|orig.date=1869-02-13
1869	2	13	11	58	0	4.1	orig=3.3R|orig.time=2:00PM|orig.date=1869-02-13
1869	2	13	18	58	0	0.8	orig=0.6R|orig.time=9:00PM|orig.date=1869-02-13
1869	2	14	4	58	0	-1.5	orig=-1.2R|orig.time=7:00AM|orig.date=1869-02-14
1869	2	14	9	58	0	1.2	orig=1R|orig.time=Noon|orig.date=1869-02-14
1869	2	14	11	58	0	1.1	orig=0.9R|orig.time=2:00PM|orig.date=1869-02-14
1869	2	14	18	58	0	0.1	orig=0.1R|orig.time=9:00PM|orig.date=1869-02-14
1869	2	15	4	58	0	2.4	orig=1.9R|orig.time=7:00AM|orig.date=1869-02-15
1869	2	15	9	58	0	1.8	orig=1.4R|orig.time=Noon|orig.date=1869-02-15
1869	2	15	11	58	0	0.4	orig=0.3R|orig.time=2:00PM|orig.date=1869-02-15
1869	2	15	18	58	0	-0.1	orig=-0.1R|orig.time=9:00PM|orig.date=1869-02-15
1869	2	16	4	58	0	0.4	orig=0.3R|orig.time=7:00AM|orig.date=1869-02-16
1869	2	16	9	58	0	0.6	orig=0.5R|orig.time=Noon|orig.date=1869-02-16
1869	2	16	11	58	0	0.5	orig=0.4R|orig.time=2:00PM|orig.date=1869-02-16
1869	2	16	18	58	0	-1.2	orig=-1R|orig.time=9:00PM|orig.date=1869-02-16
1869	2	17	4	58	0	-0.6	orig=-0.5R|orig.time=7:00AM|orig.date=1869-02-17
1869	2	17	9	58	0	1.8	orig=1.4R|orig.time=Noon|orig.date=1869-02-17
1869	2	17	11	58	0	2.6	orig=2.1R|orig.time=2:00PM|orig.date=1869-02-17
1869	2	17	18	58	0	1.5	orig=1.2R|orig.time=9:00PM|orig.date=1869-02-17
1869	2	18	4	58	0	1.2	orig=1R|orig.time=7:00AM|orig.date=1869-02-18
1869	2	18	9	58	0	5	orig=4R|orig.time=Noon|orig.date=1869-02-18
1869	2	18	11	58	0	6.9	orig=5.5R|orig.time=2:00PM|orig.date=1869-02-18
1869	2	18	18	58	0	2.9	orig=2.3R|orig.time=9:00PM|orig.date=1869-02-18
1869	2	19	4	58	0	0.4	orig=0.3R|orig.time=7:00AM|orig.date=1869-02-19
1869	2	19	9	58	0	6.6	orig=5.3R|orig.time=Noon|orig.date=1869-02-19
1869	2	19	11	58	0	8.6	orig=6.9R|orig.time=2:00PM|orig.date=1869-02-19
1869	2	19	18	58	0	2.8	orig=2.2R|orig.time=9:00PM|orig.date=1869-02-19
1869	2	20	4	58	0	2.1	orig=1.7R|orig.time=7:00AM|orig.date=1869-02-20
1869	2	20	9	58	0	6.5	orig=5.2R|orig.time=Noon|orig.date=1869-02-20
1869	2	20	11	58	0	9	orig=7.2R|orig.time=2:00PM|orig.date=1869-02-20
1869	2	20	18	58	0	5.9	orig=4.7R|orig.time=9:00PM|orig.date=1869-02-20
1869	2	21	4	58	0	0	orig=0R|orig.time=7:00AM|orig.date=1869-02-21
1869	2	21	9	58	0	1.6	orig=1.3R|orig.time=Noon|orig.date=1869-02-21
1869	2	21	11	58	0	1.9	orig=1.5R|orig.time=2:00PM|orig.date=1869-02-21
1869	2	21	18	58	0	-3.8	orig=-3R|orig.time=9:00PM|orig.date=1869-02-21
1869	2	22	4	58	0	-7.5	orig=-6R|orig.time=7:00AM|orig.date=1869-02-22
1869	2	22	9	58	0	-5.1	orig=-4.1R|orig.time=Noon|orig.date=1869-02-22
1869	2	22	11	58	0	-4.5	orig=-3.6R|orig.time=2:00PM|orig.date=1869-02-22
1869	2	22	18	58	0	-5.5	orig=-4.4R|orig.time=9:00PM|orig.date=1869-02-22
1869	2	23	4	58	0	-6.6	orig=-5.3R|orig.time=7:00AM|orig.date=1869-02-23
1869	2	23	9	58	0	-4.4	orig=-3.5R|orig.time=Noon|orig.date=1869-02-23
1869	2	23	11	58	0	-2.6	orig=-2.1R|orig.time=2:00PM|orig.date=1869-02-23
1869	2	23	18	58	0	-5	orig=-4R|orig.time=9:00PM|orig.date=1869-02-23
1869	2	24	4	58	0	-7.2	orig=-5.8R|orig.time=7:00AM|orig.date=1869-02-24
1869	2	24	9	58	0	-1.5	orig=-1.2R|orig.time=Noon|orig.date=1869-02-24
1869	2	24	11	58	0	1.1	orig=0.9R|orig.time=2:00PM|orig.date=1869-02-24
1869	2	24	18	58	0	0.6	orig=0.5R|orig.time=9:00PM|orig.date=1869-02-24
1869	2	25	4	58	0	-4	orig=-3.2R|orig.time=7:00AM|orig.date=1869-02-25
1869	2	25	9	58	0	-1.2	orig=-1R|orig.time=Noon|orig.date=1869-02-25
1869	2	25	11	58	0	-1.2	orig=-1R|orig.time=2:00PM|orig.date=1869-02-25
1869	2	25	18	58	0	-2	orig=-1.6R|orig.time=9:00PM|orig.date=1869-02-25
1869	2	26	4	58	0	-3	orig=-2.4R|orig.time=7:00AM|orig.date=1869-02-26
1869	2	26	9	58	0	-2.2	orig=-1.8R|orig.time=Noon|orig.date=1869-02-26
1869	2	26	11	58	0	-1.8	orig=-1.4R|orig.time=2:00PM|orig.date=1869-02-26
1869	2	26	18	58	0	-2.1	orig=-1.7R|orig.time=9:00PM|orig.date=1869-02-26
1869	2	27	4	58	0	-6.1	orig=-4.9R|orig.time=7:00AM|orig.date=1869-02-27
1869	2	27	9	58	0	0.6	orig=0.5R|orig.time=Noon|orig.date=1869-02-27
1869	2	27	11	58	0	0.1	orig=0.1R|orig.time=2:00PM|orig.date=1869-02-27
1869	2	27	18	58	0	-1.4	orig=-1.1R|orig.time=9:00PM|orig.date=1869-02-27
1869	2	28	4	58	0	-1.9	orig=-1.5R|orig.time=7:00AM|orig.date=1869-02-28
1869	2	28	9	58	0	3	orig=2.4R|orig.time=Noon|orig.date=1869-02-28
1869	2	28	11	58	0	2.6	orig=2.1R|orig.time=2:00PM|orig.date=1869-02-28
1869	2	28	18	58	0	-1	orig=-0.8R|orig.time=9:00PM|orig.date=1869-02-28
1869	3	1	4	58	0	-2	orig=-1.6R|orig.time=7:00AM|orig.date=1869-03-01
1869	3	1	9	58	0	1.5	orig=1.2R|orig.time=Noon|orig.date=1869-03-01
1869	3	1	11	58	0	1.6	orig=1.3R|orig.time=2:00PM|orig.date=1869-03-01
1869	3	1	18	58	0	1.9	orig=1.5R|orig.time=9:00PM|orig.date=1869-03-01
1869	3	2	4	58	0	0.5	orig=0.4R|orig.time=7:00AM|orig.date=1869-03-02
1869	3	2	9	58	0	1.6	orig=1.3R|orig.time=Noon|orig.date=1869-03-02
1869	3	2	11	58	0	2	orig=1.6R|orig.time=2:00PM|orig.date=1869-03-02
1869	3	2	18	58	0	2.5	orig=2R|orig.time=9:00PM|orig.date=1869-03-02
1869	3	3	4	58	0	2	orig=1.6R|orig.time=7:00AM|orig.date=1869-03-03
1869	3	3	9	58	0	6.6	orig=5.3R|orig.time=Noon|orig.date=1869-03-03
1869	3	3	11	58	0	5.9	orig=4.7R|orig.time=2:00PM|orig.date=1869-03-03
1869	3	3	18	58	0	2.6	orig=2.1R|orig.time=9:00PM|orig.date=1869-03-03
1869	3	4	4	58	0	0	orig=0R|orig.time=7:00AM|orig.date=1869-03-04
1869	3	4	9	58	0	2.5	orig=2R|orig.time=Noon|orig.date=1869-03-04
1869	3	4	11	58	0	4	orig=3.2R|orig.time=2:00PM|orig.date=1869-03-04
1869	3	4	18	58	0	3.8	orig=3R|orig.time=9:00PM|orig.date=1869-03-04
1869	3	5	4	58	0	2.4	orig=1.9R|orig.time=7:00AM|orig.date=1869-03-05
1869	3	5	9	58	0	1.2	orig=1R|orig.time=Noon|orig.date=1869-03-05
1869	3	5	11	58	0	1.6	orig=1.3R|orig.time=2:00PM|orig.date=1869-03-05
1869	3	5	18	58	0	0.8	orig=0.6R|orig.time=9:00PM|orig.date=1869-03-05
1869	3	6	4	58	0	-0.4	orig=-0.3R|orig.time=7:00AM|orig.date=1869-03-06
1869	3	6	9	58	0	-0.6	orig=-0.5R|orig.time=Noon|orig.date=1869-03-06
1869	3	6	11	58	0	0	orig=0R|orig.time=2:00PM|orig.date=1869-03-06
1869	3	6	18	58	0	1.2	orig=1R|orig.time=9:00PM|orig.date=1869-03-06
1869	3	7	4	58	0	0.1	orig=0.1R|orig.time=7:00AM|orig.date=1869-03-07
1869	3	7	9	58	0	3.8	orig=3R|orig.time=Noon|orig.date=1869-03-07
1869	3	7	11	58	0	3.2	orig=2.6R|orig.time=2:00PM|orig.date=1869-03-07
1869	3	7	18	58	0	0.5	orig=0.4R|orig.time=9:00PM|orig.date=1869-03-07
1869	3	8	4	58	0	0.1	orig=0.1R|orig.time=7:00AM|orig.date=1869-03-08
1869	3	8	9	58	0	1.6	orig=1.3R|orig.time=Noon|orig.date=1869-03-08
1869	3	8	11	58	0	2	orig=1.6R|orig.time=2:00PM|orig.date=1869-03-08
1869	3	8	18	58	0	0.1	orig=0.1R|orig.time=9:00PM|orig.date=1869-03-08
1869	3	9	4	58	0	-1	orig=-0.8R|orig.time=7:00AM|orig.date=1869-03-09
1869	3	9	9	58	0	0	orig=0R|orig.time=Noon|orig.date=1869-03-09
1869	3	9	11	58	0	0	orig=0R|orig.time=2:00PM|orig.date=1869-03-09
1869	3	9	18	58	0	0	orig=0R|orig.time=9:00PM|orig.date=1869-03-09
1869	3	10	4	58	0	0.5	orig=0.4R|orig.time=7:00AM|orig.date=1869-03-10
1869	3	10	9	58	0	1.4	orig=1.1R|orig.time=Noon|orig.date=1869-03-10
1869	3	10	11	58	0	3	orig=2.4R|orig.time=2:00PM|orig.date=1869-03-10
1869	3	10	18	58	0	-1.2	orig=-1R|orig.time=9:00PM|orig.date=1869-03-10
1869	3	11	4	58	0	-2.5	orig=-2R|orig.time=7:00AM|orig.date=1869-03-11
1869	3	11	9	58	0	2.1	orig=1.7R|orig.time=Noon|orig.date=1869-03-11
1869	3	11	11	58	0	3.2	orig=2.6R|orig.time=2:00PM|orig.date=1869-03-11
1869	3	11	18	58	0	-0.5	orig=-0.4R|orig.time=9:00PM|orig.date=1869-03-11
1869	3	12	4	58	0	1.8	orig=1.4R|orig.time=7:00AM|orig.date=1869-03-12
1869	3	12	9	58	0	3.5	orig=2.8R|orig.time=Noon|orig.date=1869-03-12
1869	3	12	11	58	0	3.6	orig=2.9R|orig.time=2:00PM|orig.date=1869-03-12
1869	3	12	18	58	0	6.4	orig=5.1R|orig.time=9:00PM|orig.date=1869-03-12
1869	3	13	4	58	0	2.6	orig=2.1R|orig.time=7:00AM|orig.date=1869-03-13
1869	3	13	9	58	0	10.5	orig=8.4R|orig.time=Noon|orig.date=1869-03-13
1869	3	13	11	58	0	10.6	orig=8.5R|orig.time=2:00PM|orig.date=1869-03-13
1869	3	13	18	58	0	5.2	orig=4.2R|orig.time=9:00PM|orig.date=1869-03-13
1869	3	14	4	58	0	3.6	orig=2.9R|orig.time=7:00AM|orig.date=1869-03-14
1869	3	14	9	58	0	5.6	orig=4.5R|orig.time=Noon|orig.date=1869-03-14
1869	3	14	11	58	0	6.4	orig=5.1R|orig.time=2:00PM|orig.date=1869-03-14
1869	3	14	18	58	0	5.8	orig=4.6R|orig.time=9:00PM|orig.date=1869-03-14
1869	3	15	4	58	0	3.5	orig=2.8R|orig.time=7:00AM|orig.date=1869-03-15
1869	3	15	9	58	0	3.1	orig=2.5R|orig.time=Noon|orig.date=1869-03-15
1869	3	15	11	58	0	2.8	orig=2.2R|orig.time=2:00PM|orig.date=1869-03-15
1869	3	15	18	58	0	3.1	orig=2.5R|orig.time=9:00PM|orig.date=1869-03-15
1869	3	16	4	58	0	3.4	orig=2.7R|orig.time=7:00AM|orig.date=1869-03-16
1869	3	16	9	58	0	7	orig=5.6R|orig.time=Noon|orig.date=1869-03-16
1869	3	16	11	58	0	6.5	orig=5.2R|orig.time=2:00PM|orig.date=1869-03-16
1869	3	16	18	58	0	2.8	orig=2.2R|orig.time=9:00PM|orig.date=1869-03-16
1869	3	17	4	58	0	1	orig=0.8R|orig.time=7:00AM|orig.date=1869-03-17
1869	3	17	9	58	0	4.1	orig=3.3R|orig.time=Noon|orig.date=1869-03-17
1869	3	17	11	58	0	5.1	orig=4.1R|orig.time=2:00PM|orig.date=1869-03-17
1869	3	17	18	58	0	1.9	orig=1.5R|orig.time=9:00PM|orig.date=1869-03-17
1869	3	18	4	58	0	-0.4	orig=-0.3R|orig.time=7:00AM|orig.date=1869-03-18
1869	3	18	9	58	0	3.2	orig=2.6R|orig.time=Noon|orig.date=1869-03-18
1869	3	18	11	58	0	4.4	orig=3.5R|orig.time=2:00PM|orig.date=1869-03-18
1869	3	18	18	58	0	1.9	orig=1.5R|orig.time=9:00PM|orig.date=1869-03-18
1869	3	19	4	58	0	0.1	orig=0.1R|orig.time=7:00AM|orig.date=1869-03-19
1869	3	19	9	58	0	4	orig=3.2R|orig.time=Noon|orig.date=1869-03-19
1869	3	19	11	58	0	5	orig=4R|orig.time=2:00PM|orig.date=1869-03-19
1869	3	19	18	58	0	3.1	orig=2.5R|orig.time=9:00PM|orig.date=1869-03-19
1869	3	20	4	58	0	0.5	orig=0.4R|orig.time=7:00AM|orig.date=1869-03-20
1869	3	20	9	58	0	3	orig=2.4R|orig.time=Noon|orig.date=1869-03-20
1869	3	20	11	58	0	4.2	orig=3.4R|orig.time=2:00PM|orig.date=1869-03-20
1869	3	20	18	58	0	2.9	orig=2.3R|orig.time=9:00PM|orig.date=1869-03-20
1869	3	21	4	58	0	1.1	orig=0.9R|orig.time=7:00AM|orig.date=1869-03-21
1869	3	21	9	58	0	3.4	orig=2.7R|orig.time=Noon|orig.date=1869-03-21
1869	3	21	11	58	0	5.6	orig=4.5R|orig.time=2:00PM|orig.date=1869-03-21
1869	3	21	18	58	0	2.9	orig=2.3R|orig.time=9:00PM|orig.date=1869-03-21
1869	3	22	4	58	0	3.9	orig=3.1R|orig.time=7:00AM|orig.date=1869-03-22
1869	3	22	9	58	0	7.8	orig=6.2R|orig.time=Noon|orig.date=1869-03-22
1869	3	22	11	58	0	6.4	orig=5.1R|orig.time=2:00PM|orig.date=1869-03-22
1869	3	22	18	58	0	4.8	orig=3.8R|orig.time=9:00PM|orig.date=1869-03-22
1869	3	23	4	58	0	2.6	orig=2.1R|orig.time=7:00AM|orig.date=1869-03-23
1869	3	23	9	58	0	5.2	orig=4.2R|orig.time=Noon|orig.date=1869-03-23
1869	3	23	11	58	0	4.2	orig=3.4R|orig.time=2:00PM|orig.date=1869-03-23
1869	3	23	18	58	0	2	orig=1.6R|orig.time=9:00PM|orig.date=1869-03-23
1869	3	24	4	58	0	1.4	orig=1.1R|orig.time=7:00AM|orig.date=1869-03-24
1869	3	24	9	58	0	4.5	orig=3.6R|orig.time=Noon|orig.date=1869-03-24
1869	3	24	11	58	0	4.1	orig=3.3R|orig.time=2:00PM|orig.date=1869-03-24
1869	3	24	18	58	0	3.4	orig=2.7R|orig.time=9:00PM|orig.date=1869-03-24
1869	3	25	4	58	0	2.6	orig=2.1R|orig.time=7:00AM|orig.date=1869-03-25
1869	3	25	9	58	0	4	orig=3.2R|orig.time=Noon|orig.date=1869-03-25
1869	3	25	11	58	0	3.8	orig=3R|orig.time=2:00PM|orig.date=1869-03-25
1869	3	25	18	58	0	2.6	orig=2.1R|orig.time=9:00PM|orig.date=1869-03-25
1869	3	26	4	58	0	0.2	orig=0.2R|orig.time=7:00AM|orig.date=1869-03-26
1869	3	26	9	58	0	1.2	orig=1R|orig.time=Noon|orig.date=1869-03-26
1869	3	26	11	58	0	1.2	orig=1R|orig.time=2:00PM|orig.date=1869-03-26
1869	3	26	18	58	0	0.8	orig=0.6R|orig.time=9:00PM|orig.date=1869-03-26
1869	3	27	4	58	0	0.5	orig=0.4R|orig.time=7:00AM|orig.date=1869-03-27
1869	3	27	9	58	0	2.9	orig=2.3R|orig.time=Noon|orig.date=1869-03-27
1869	3	27	11	58	0	2.1	orig=1.7R|orig.time=2:00PM|orig.date=1869-03-27
1869	3	27	18	58	0	-1.2	orig=-1R|orig.time=9:00PM|orig.date=1869-03-27
1869	3	28	4	58	0	0	orig=0R|orig.time=7:00AM|orig.date=1869-03-28
1869	3	28	9	58	0	5.2	orig=4.2R|orig.time=Noon|orig.date=1869-03-28
1869	3	28	11	58	0	5	orig=4R|orig.time=2:00PM|orig.date=1869-03-28
1869	3	28	18	58	0	0.2	orig=0.2R|orig.time=9:00PM|orig.date=1869-03-28
1869	3	29	4	58	0	-0.5	orig=-0.4R|orig.time=7:00AM|orig.date=1869-03-29
1869	3	29	9	58	0	5.2	orig=4.2R|orig.time=Noon|orig.date=1869-03-29
1869	3	29	11	58	0	6.9	orig=5.5R|orig.time=2:00PM|orig.date=1869-03-29
1869	3	29	18	58	0	3.9	orig=3.1R|orig.time=9:00PM|orig.date=1869-03-29
1869	3	30	4	58	0	0.6	orig=0.5R|orig.time=7:00AM|orig.date=1869-03-30
1869	3	30	9	58	0	3.5	orig=2.8R|orig.time=Noon|orig.date=1869-03-30
1869	3	30	11	58	0	4.6	orig=3.7R|orig.time=2:00PM|orig.date=1869-03-30
1869	3	30	18	58	0	2.8	orig=2.2R|orig.time=9:00PM|orig.date=1869-03-30
1869	3	31	4	58	0	0.9	orig=0.7R|orig.time=7:00AM|orig.date=1869-03-31
1869	3	31	9	58	0	5	orig=4R|orig.time=Noon|orig.date=1869-03-31
1869	3	31	11	58	0	7	orig=5.6R|orig.time=2:00PM|orig.date=1869-03-31
1869	3	31	18	58	0	1.6	orig=1.3R|orig.time=9:00PM|orig.date=1869-03-31
1869	4	1	4	58	0	4.4	orig=3.5R|orig.time=7:00AM|orig.date=1869-04-01
1869	4	1	9	58	0	9.8	orig=7.8R|orig.time=Noon|orig.date=1869-04-01
1869	4	1	11	58	0	10.1	orig=8.1R|orig.time=2:00PM|orig.date=1869-04-01
1869	4	1	18	58	0	2.2	orig=1.8R|orig.time=9:00PM|orig.date=1869-04-01
1869	4	2	4	58	0	1.4	orig=1.1R|orig.time=7:00AM|orig.date=1869-04-02
1869	4	2	9	58	0	6.6	orig=5.3R|orig.time=Noon|orig.date=1869-04-02
1869	4	2	11	58	0	6.5	orig=5.2R|orig.time=2:00PM|orig.date=1869-04-02
1869	4	2	18	58	0	3.5	orig=2.8R|orig.time=9:00PM|orig.date=1869-04-02
1869	4	3	4	58	0	3.1	orig=2.5R|orig.time=7:00AM|orig.date=1869-04-03
1869	4	3	9	58	0	9.8	orig=7.8R|orig.time=Noon|orig.date=1869-04-03
1869	4	3	11	58	0	10.4	orig=8.3R|orig.time=2:00PM|orig.date=1869-04-03
1869	4	3	18	58	0	4.5	orig=3.6R|orig.time=9:00PM|orig.date=1869-04-03
1869	4	4	4	58	0	3.5	orig=2.8R|orig.time=7:00AM|orig.date=1869-04-04
1869	4	4	9	58	0	5.6	orig=4.5R|orig.time=Noon|orig.date=1869-04-04
1869	4	4	11	58	0	6	orig=4.8R|orig.time=2:00PM|orig.date=1869-04-04
1869	4	4	18	58	0	4.4	orig=3.5R|orig.time=9:00PM|orig.date=1869-04-04
1869	4	5	4	58	0	3	orig=2.4R|orig.time=7:00AM|orig.date=1869-04-05
1869	4	5	9	58	0	8	orig=6.4R|orig.time=Noon|orig.date=1869-04-05
1869	4	5	11	58	0	9	orig=7.2R|orig.time=2:00PM|orig.date=1869-04-05
1869	4	5	18	58	0	5.1	orig=4.1R|orig.time=9:00PM|orig.date=1869-04-05
1869	4	6	4	58	0	3.8	orig=3R|orig.time=7:00AM|orig.date=1869-04-06
1869	4	6	9	58	0	7.6	orig=6.1R|orig.time=Noon|orig.date=1869-04-06
1869	4	6	11	58	0	8.8	orig=7R|orig.time=2:00PM|orig.date=1869-04-06
1869	4	6	18	58	0	6.2	orig=5R|orig.time=9:00PM|orig.date=1869-04-06
1869	4	7	4	58	0	4.6	orig=3.7R|orig.time=7:00AM|orig.date=1869-04-07
1869	4	7	9	58	0	8.8	orig=7R|orig.time=Noon|orig.date=1869-04-07
1869	4	7	11	58	0	9.9	orig=7.9R|orig.time=2:00PM|orig.date=1869-04-07
1869	4	7	18	58	0	6	orig=4.8R|orig.time=9:00PM|orig.date=1869-04-07
1869	4	8	4	58	0	3.4	orig=2.7R|orig.time=7:00AM|orig.date=1869-04-08
1869	4	8	9	58	0	8.5	orig=6.8R|orig.time=Noon|orig.date=1869-04-08
1869	4	8	11	58	0	10	orig=8R|orig.time=2:00PM|orig.date=1869-04-08
1869	4	8	18	58	0	6.8	orig=5.4R|orig.time=9:00PM|orig.date=1869-04-08
1869	4	9	4	58	0	5.1	orig=4.1R|orig.time=7:00AM|orig.date=1869-04-09
1869	4	9	9	58	0	12.4	orig=9.9R|orig.time=Noon|orig.date=1869-04-09
1869	4	9	11	58	0	12.6	orig=10.1R|orig.time=2:00PM|orig.date=1869-04-09
1869	4	9	18	58	0	6.9	orig=5.5R|orig.time=9:00PM|orig.date=1869-04-09
1869	4	10	4	58	0	6.1	orig=4.9R|orig.time=7:00AM|orig.date=1869-04-10
1869	4	10	9	58	0	8.9	orig=7.1R|orig.time=Noon|orig.date=1869-04-10
1869	4	10	11	58	0	8.8	orig=7R|orig.time=2:00PM|orig.date=1869-04-10
1869	4	10	18	58	0	3.9	orig=3.1R|orig.time=9:00PM|orig.date=1869-04-10
1869	4	11	4	58	0	2.5	orig=2R|orig.time=7:00AM|orig.date=1869-04-11
1869	4	11	9	58	0	8.5	orig=6.8R|orig.time=Noon|orig.date=1869-04-11
1869	4	11	11	58	0	10.4	orig=8.3R|orig.time=2:00PM|orig.date=1869-04-11
1869	4	11	18	58	0	9.5	orig=7.6R|orig.time=9:00PM|orig.date=1869-04-11
1869	4	12	4	58	0	6.9	orig=5.5R|orig.time=7:00AM|orig.date=1869-04-12
1869	4	12	9	58	0	6.9	orig=5.5R|orig.time=Noon|orig.date=1869-04-12
1869	4	12	11	58	0	3.8	orig=3R|orig.time=2:00PM|orig.date=1869-04-12
1869	4	12	18	58	0	2.4	orig=1.9R|orig.time=9:00PM|orig.date=1869-04-12
1869	4	13	4	58	0	0	orig=0R|orig.time=7:00AM|orig.date=1869-04-13
1869	4	13	9	58	0	2.5	orig=2R|orig.time=Noon|orig.date=1869-04-13
1869	4	13	11	58	0	3.2	orig=2.6R|orig.time=2:00PM|orig.date=1869-04-13
1869	4	13	18	58	0	-0.6	orig=-0.5R|orig.time=9:00PM|orig.date=1869-04-13
1869	4	14	4	58	0	-0.2	orig=-0.2R|orig.time=7:00AM|orig.date=1869-04-14
1869	4	14	9	58	0	2.9	orig=2.3R|orig.time=Noon|orig.date=1869-04-14
1869	4	14	11	58	0	5.1	orig=4.1R|orig.time=2:00PM|orig.date=1869-04-14
1869	4	14	18	58	0	-0.5	orig=-0.4R|orig.time=9:00PM|orig.date=1869-04-14
1869	4	15	4	58	0	1.4	orig=1.1R|orig.time=7:00AM|orig.date=1869-04-15
1869	4	15	9	58	0	8.5	orig=6.8R|orig.time=Noon|orig.date=1869-04-15
1869	4	15	11	58	0	9.6	orig=7.7R|orig.time=2:00PM|orig.date=1869-04-15
1869	4	15	18	58	0	7.2	orig=5.8R|orig.time=9:00PM|orig.date=1869-04-15
1869	4	16	4	58	0	8.8	orig=7R|orig.time=7:00AM|orig.date=1869-04-16
1869	4	16	9	58	0	19	orig=15.2R|orig.time=Noon|orig.date=1869-04-16
1869	4	16	11	58	0	19.9	orig=15.9R|orig.time=2:00PM|orig.date=1869-04-16
1869	4	16	18	58	0	13.9	orig=11.1R|orig.time=9:00PM|orig.date=1869-04-16
1869	4	17	4	58	0	10.6	orig=8.5R|orig.time=7:00AM|orig.date=1869-04-17
1869	4	17	9	58	0	18.6	orig=14.9R|orig.time=Noon|orig.date=1869-04-17
1869	4	17	11	58	0	20.8	orig=16.6R|orig.time=2:00PM|orig.date=1869-04-17
1869	4	17	18	58	0	14.1	orig=11.3R|orig.time=9:00PM|orig.date=1869-04-17
1869	4	18	4	58	0	10	orig=8R|orig.time=7:00AM|orig.date=1869-04-18
1869	4	18	9	58	0	17.9	orig=14.3R|orig.time=Noon|orig.date=1869-04-18
1869	4	18	11	58	0	20.9	orig=16.7R|orig.time=2:00PM|orig.date=1869-04-18
1869	4	18	18	58	0	14.2	orig=11.4R|orig.time=9:00PM|orig.date=1869-04-18
1869	4	19	4	58	0	11.9	orig=9.5R|orig.time=7:00AM|orig.date=1869-04-19
1869	4	19	9	58	0	17.2	orig=13.8R|orig.time=Noon|orig.date=1869-04-19
1869	4	19	11	58	0	21	orig=16.8R|orig.time=2:00PM|orig.date=1869-04-19
1869	4	19	18	58	0	9.6	orig=7.7R|orig.time=9:00PM|orig.date=1869-04-19
1869	4	20	4	58	0	6.2	orig=5R|orig.time=7:00AM|orig.date=1869-04-20
1869	4	20	9	58	0	8	orig=6.4R|orig.time=Noon|orig.date=1869-04-20
1869	4	20	11	58	0	8.8	orig=7R|orig.time=2:00PM|orig.date=1869-04-20
1869	4	20	18	58	0	6.4	orig=5.1R|orig.time=9:00PM|orig.date=1869-04-20
1869	4	21	4	58	0	6.1	orig=4.9R|orig.time=7:00AM|orig.date=1869-04-21
1869	4	21	9	58	0	10.4	orig=8.3R|orig.time=Noon|orig.date=1869-04-21
1869	4	21	11	58	0	11	orig=8.8R|orig.time=2:00PM|orig.date=1869-04-21
1869	4	21	18	58	0	8.8	orig=7R|orig.time=9:00PM|orig.date=1869-04-21
1869	4	22	4	58	0	8.8	orig=7R|orig.time=7:00AM|orig.date=1869-04-22
1869	4	22	9	58	0	12.9	orig=10.3R|orig.time=Noon|orig.date=1869-04-22
1869	4	22	11	58	0	13.9	orig=11.1R|orig.time=2:00PM|orig.date=1869-04-22
1869	4	22	18	58	0	9.8	orig=7.8R|orig.time=9:00PM|orig.date=1869-04-22
1869	4	23	4	58	0	6.5	orig=5.2R|orig.time=7:00AM|orig.date=1869-04-23
1869	4	23	9	58	0	12.4	orig=9.9R|orig.time=Noon|orig.date=1869-04-23
1869	4	23	11	58	0	13.6	orig=10.9R|orig.time=2:00PM|orig.date=1869-04-23
1869	4	23	18	58	0	10.8	orig=8.6R|orig.time=9:00PM|orig.date=1869-04-23
1869	4	24	4	58	0	6.5	orig=5.2R|orig.time=7:00AM|orig.date=1869-04-24
1869	4	24	9	58	0	13.1	orig=10.5R|orig.time=Noon|orig.date=1869-04-24
1869	4	24	11	58	0	14.1	orig=11.3R|orig.time=2:00PM|orig.date=1869-04-24
1869	4	24	18	58	0	10.4	orig=8.3R|orig.time=9:00PM|orig.date=1869-04-24
1869	4	25	4	58	0	8.5	orig=6.8R|orig.time=7:00AM|orig.date=1869-04-25
1869	4	25	9	58	0	13.1	orig=10.5R|orig.time=Noon|orig.date=1869-04-25
1869	4	25	11	58	0	14.1	orig=11.3R|orig.time=2:00PM|orig.date=1869-04-25
1869	4	25	18	58	0	11.8	orig=9.4R|orig.time=9:00PM|orig.date=1869-04-25
1869	4	26	4	58	0	9.2	orig=7.4R|orig.time=7:00AM|orig.date=1869-04-26
1869	4	26	9	58	0	14.6	orig=11.7R|orig.time=Noon|orig.date=1869-04-26
1869	4	26	11	58	0	15.4	orig=12.3R|orig.time=2:00PM|orig.date=1869-04-26
1869	4	26	18	58	0	12.6	orig=10.1R|orig.time=9:00PM|orig.date=1869-04-26
1869	4	27	4	58	0	11.2	orig=9R|orig.time=7:00AM|orig.date=1869-04-27
1869	4	27	9	58	0	16.5	orig=13.2R|orig.time=Noon|orig.date=1869-04-27
1869	4	27	11	58	0	15.9	orig=12.7R|orig.time=2:00PM|orig.date=1869-04-27
1869	4	27	18	58	0	12.6	orig=10.1R|orig.time=9:00PM|orig.date=1869-04-27
1869	4	28	4	58	0	9.9	orig=7.9R|orig.time=7:00AM|orig.date=1869-04-28
1869	4	28	9	58	0	16.1	orig=12.9R|orig.time=Noon|orig.date=1869-04-28
1869	4	28	11	58	0	16.9	orig=13.5R|orig.time=2:00PM|orig.date=1869-04-28
1869	4	28	18	58	0	9.8	orig=7.8R|orig.time=9:00PM|orig.date=1869-04-28
1869	4	29	4	58	0	9.4	orig=7.5R|orig.time=7:00AM|orig.date=1869-04-29
1869	4	29	9	58	0	10.8	orig=8.6R|orig.time=Noon|orig.date=1869-04-29
1869	4	29	11	58	0	9.5	orig=7.6R|orig.time=2:00PM|orig.date=1869-04-29
1869	4	29	18	58	0	0.6	orig=0.5R|orig.time=9:00PM|orig.date=1869-04-29
1869	4	30	4	58	0	1.5	orig=1.2R|orig.time=7:00AM|orig.date=1869-04-30
1869	4	30	9	58	0	3.6	orig=2.9R|orig.time=Noon|orig.date=1869-04-30
1869	4	30	11	58	0	5.4	orig=4.3R|orig.time=2:00PM|orig.date=1869-04-30
1869	4	30	18	58	0	2.9	orig=2.3R|orig.time=9:00PM|orig.date=1869-04-30
1869	5	1	4	58	0	1.4	orig=1.1R|orig.time=7:00AM|orig.date=1869-05-01
1869	5	1	9	58	0	3.9	orig=3.1R|orig.time=Noon|orig.date=1869-05-01
1869	5	1	11	58	0	5	orig=4R|orig.time=2:00PM|orig.date=1869-05-01
1869	5	1	18	58	0	0.2	orig=0.2R|orig.time=9:00PM|orig.date=1869-05-01
1869	5	2	4	58	0	2.1	orig=1.7R|orig.time=7:00AM|orig.date=1869-05-02
1869	5	2	9	58	0	8.9	orig=7.1R|orig.time=Noon|orig.date=1869-05-02
1869	5	2	11	58	0	10.1	orig=8.1R|orig.time=2:00PM|orig.date=1869-05-02
1869	5	2	18	58	0	7.4	orig=5.9R|orig.time=9:00PM|orig.date=1869-05-02
1869	5	3	4	58	0	7.6	orig=6.1R|orig.time=7:00AM|orig.date=1869-05-03
1869	5	3	9	58	0	10.2	orig=8.2R|orig.time=Noon|orig.date=1869-05-03
1869	5	3	11	58	0	10.9	orig=8.7R|orig.time=2:00PM|orig.date=1869-05-03
1869	5	3	18	58	0	4.4	orig=3.5R|orig.time=9:00PM|orig.date=1869-05-03
1869	5	4	4	58	0	7.9	orig=6.3R|orig.time=7:00AM|orig.date=1869-05-04
1869	5	4	9	58	0	14.1	orig=11.3R|orig.time=Noon|orig.date=1869-05-04
1869	5	4	11	58	0	15.6	orig=12.5R|orig.time=2:00PM|orig.date=1869-05-04
1869	5	4	18	58	0	9.8	orig=7.8R|orig.time=9:00PM|orig.date=1869-05-04
1869	5	5	4	58	0	10.8	orig=8.6R|orig.time=7:00AM|orig.date=1869-05-05
1869	5	5	9	58	0	8.8	orig=7R|orig.time=Noon|orig.date=1869-05-05
1869	5	5	11	58	0	7.4	orig=5.9R|orig.time=2:00PM|orig.date=1869-05-05
1869	5	5	18	58	0	2	orig=1.6R|orig.time=9:00PM|orig.date=1869-05-05
1869	5	6	4	58	0	3.2	orig=2.6R|orig.time=7:00AM|orig.date=1869-05-06
1869	5	6	9	58	0	6	orig=4.8R|orig.time=Noon|orig.date=1869-05-06
1869	5	6	11	58	0	7.8	orig=6.2R|orig.time=2:00PM|orig.date=1869-05-06
1869	5	6	18	58	0	4.5	orig=3.6R|orig.time=9:00PM|orig.date=1869-05-06
1869	5	7	4	58	0	7.9	orig=6.3R|orig.time=7:00AM|orig.date=1869-05-07
1869	5	7	9	58	0	15.2	orig=12.2R|orig.time=Noon|orig.date=1869-05-07
1869	5	7	11	58	0	18.6	orig=14.9R|orig.time=2:00PM|orig.date=1869-05-07
1869	5	7	18	58	0	14.2	orig=11.4R|orig.time=9:00PM|orig.date=1869-05-07
1869	5	8	4	58	0	12.4	orig=9.9R|orig.time=7:00AM|orig.date=1869-05-08
1869	5	8	9	58	0	21.5	orig=17.2R|orig.time=Noon|orig.date=1869-05-08
1869	5	8	11	58	0	24	orig=19.2R|orig.time=2:00PM|orig.date=1869-05-08
1869	5	8	18	58	0	17.5	orig=14R|orig.time=9:00PM|orig.date=1869-05-08
1869	5	9	4	58	0	16.6	orig=13.3R|orig.time=7:00AM|orig.date=1869-05-09
1869	5	9	9	58	0	22.1	orig=17.7R|orig.time=Noon|orig.date=1869-05-09
1869	5	9	11	58	0	22.9	orig=18.3R|orig.time=2:00PM|orig.date=1869-05-09
1869	5	9	18	58	0	17	orig=13.6R|orig.time=9:00PM|orig.date=1869-05-09
1869	5	10	4	58	0	18	orig=14.4R|orig.time=7:00AM|orig.date=1869-05-10
1869	5	10	9	58	0	22.9	orig=18.3R|orig.time=Noon|orig.date=1869-05-10
1869	5	10	11	58	0	23.1	orig=18.5R|orig.time=2:00PM|orig.date=1869-05-10
1869	5	10	18	58	0	17	orig=13.6R|orig.time=9:00PM|orig.date=1869-05-10
1869	5	11	4	58	0	18.8	orig=15R|orig.time=7:00AM|orig.date=1869-05-11
1869	5	11	9	58	0	23.4	orig=18.7R|orig.time=Noon|orig.date=1869-05-11
1869	5	11	11	58	0	23.8	orig=19R|orig.time=2:00PM|orig.date=1869-05-11
1869	5	11	18	58	0	18.5	orig=14.8R|orig.time=9:00PM|orig.date=1869-05-11
1869	5	12	4	58	0	20.4	orig=16.3R|orig.time=7:00AM|orig.date=1869-05-12
1869	5	12	9	58	0	24.1	orig=19.3R|orig.time=Noon|orig.date=1869-05-12
1869	5	12	11	58	0	24.6	orig=19.7R|orig.time=2:00PM|orig.date=1869-05-12
1869	5	12	18	58	0	18.9	orig=15.1R|orig.time=9:00PM|orig.date=1869-05-12
1869	5	13	4	58	0	17.9	orig=14.3R|orig.time=7:00AM|orig.date=1869-05-13
1869	5	13	9	58	0	25.1	orig=20.1R|orig.time=Noon|orig.date=1869-05-13
1869	5	13	11	58	0	25.9	orig=20.7R|orig.time=2:00PM|orig.date=1869-05-13
1869	5	13	18	58	0	17.9	orig=14.3R|orig.time=9:00PM|orig.date=1869-05-13
1869	5	14	4	58	0	20.4	orig=16.3R|orig.time=7:00AM|orig.date=1869-05-14
1869	5	14	9	58	0	23	orig=18.4R|orig.time=Noon|orig.date=1869-05-14
1869	5	14	11	58	0	24.9	orig=19.9R|orig.time=2:00PM|orig.date=1869-05-14
1869	5	14	18	58	0	16.2	orig=13R|orig.time=9:00PM|orig.date=1869-05-14
1869	5	15	4	58	0	16.5	orig=13.2R|orig.time=7:00AM|orig.date=1869-05-15
1869	5	15	9	58	0	17.6	orig=14.1R|orig.time=Noon|orig.date=1869-05-15
1869	5	15	11	58	0	18.9	orig=15.1R|orig.time=2:00PM|orig.date=1869-05-15
1869	5	15	18	58	0	14.6	orig=11.7R|orig.time=9:00PM|orig.date=1869-05-15
1869	5	16	4	58	0	16.9	orig=13.5R|orig.time=7:00AM|orig.date=1869-05-16
1869	5	16	9	58	0	24.9	orig=19.9R|orig.time=Noon|orig.date=1869-05-16
1869	5	16	11	58	0	22.4	orig=17.9R|orig.time=2:00PM|orig.date=1869-05-16
1869	5	16	18	58	0	18	orig=14.4R|orig.time=9:00PM|orig.date=1869-05-16
1869	5	17	4	58	0	18.8	orig=15R|orig.time=7:00AM|orig.date=1869-05-17
1869	5	17	9	58	0	24.1	orig=19.3R|orig.time=Noon|orig.date=1869-05-17
1869	5	17	11	58	0	26.2	orig=21R|orig.time=2:00PM|orig.date=1869-05-17
1869	5	17	18	58	0	20.2	orig=16.2R|orig.time=9:00PM|orig.date=1869-05-17
1869	5	18	4	58	0	22	orig=17.6R|orig.time=7:00AM|orig.date=1869-05-18
1869	5	18	9	58	0	26.6	orig=21.3R|orig.time=Noon|orig.date=1869-05-18
1869	5	18	11	58	0	27	orig=21.6R|orig.time=2:00PM|orig.date=1869-05-18
1869	5	18	18	58	0	23.2	orig=18.6R|orig.time=9:00PM|orig.date=1869-05-18
1869	5	19	4	58	0	16.8	orig=13.4R|orig.time=7:00AM|orig.date=1869-05-19
1869	5	19	9	58	0	23	orig=18.4R|orig.time=Noon|orig.date=1869-05-19
1869	5	19	11	58	0	25.5	orig=20.4R|orig.time=2:00PM|orig.date=1869-05-19
1869	5	19	18	58	0	20.2	orig=16.2R|orig.time=9:00PM|orig.date=1869-05-19
1869	5	20	4	58	0	17.4	orig=13.9R|orig.time=7:00AM|orig.date=1869-05-20
1869	5	20	9	58	0	24	orig=19.2R|orig.time=Noon|orig.date=1869-05-20
1869	5	20	11	58	0	25.5	orig=20.4R|orig.time=2:00PM|orig.date=1869-05-20
1869	5	20	18	58	0	16.6	orig=13.3R|orig.time=9:00PM|orig.date=1869-05-20
1869	5	21	4	58	0	19.1	orig=15.3R|orig.time=7:00AM|orig.date=1869-05-21
1869	5	21	9	58	0	25	orig=20R|orig.time=Noon|orig.date=1869-05-21
1869	5	21	11	58	0	24.4	orig=19.5R|orig.time=2:00PM|orig.date=1869-05-21
1869	5	21	18	58	0	18.8	orig=15R|orig.time=9:00PM|orig.date=1869-05-21
1869	5	22	4	58	0	19.8	orig=15.8R|orig.time=7:00AM|orig.date=1869-05-22
1869	5	22	9	58	0	26.4	orig=21.1R|orig.time=Noon|orig.date=1869-05-22
1869	5	22	11	58	0	26.8	orig=21.4R|orig.time=2:00PM|orig.date=1869-05-22
1869	5	22	18	58	0	22.8	orig=18.2R|orig.time=9:00PM|orig.date=1869-05-22
1869	5	23	4	58	0	19.9	orig=15.9R|orig.time=7:00AM|orig.date=1869-05-23
1869	5	23	9	58	0	22.2	orig=17.8R|orig.time=Noon|orig.date=1869-05-23
1869	5	23	11	58	0	22.6	orig=18.1R|orig.time=2:00PM|orig.date=1869-05-23
1869	5	23	18	58	0	15.6	orig=12.5R|orig.time=9:00PM|orig.date=1869-05-23
1869	5	24	4	58	0	16.5	orig=13.2R|orig.time=7:00AM|orig.date=1869-05-24
1869	5	24	9	58	0	18.5	orig=14.8R|orig.time=Noon|orig.date=1869-05-24
1869	5	24	11	58	0	18.8	orig=15R|orig.time=2:00PM|orig.date=1869-05-24
1869	5	24	18	58	0	12.9	orig=10.3R|orig.time=9:00PM|orig.date=1869-05-24
1869	5	25	4	58	0	13.6	orig=10.9R|orig.time=7:00AM|orig.date=1869-05-25
1869	5	25	9	58	0	18.6	orig=14.9R|orig.time=Noon|orig.date=1869-05-25
1869	5	25	11	58	0	19.1	orig=15.3R|orig.time=2:00PM|orig.date=1869-05-25
1869	5	25	18	58	0	15.6	orig=12.5R|orig.time=9:00PM|orig.date=1869-05-25
1869	5	26	4	58	0	14.8	orig=11.8R|orig.time=7:00AM|orig.date=1869-05-26
1869	5	26	9	58	0	13.6	orig=10.9R|orig.time=Noon|orig.date=1869-05-26
1869	5	26	11	58	0	14.1	orig=11.3R|orig.time=2:00PM|orig.date=1869-05-26
1869	5	26	18	58	0	14.4	orig=11.5R|orig.time=9:00PM|orig.date=1869-05-26
1869	5	27	4	58	0	16.9	orig=13.5R|orig.time=7:00AM|orig.date=1869-05-27
1869	5	27	9	58	0	26.2	orig=21R|orig.time=Noon|orig.date=1869-05-27
1869	5	27	11	58	0	27.1	orig=21.7R|orig.time=2:00PM|orig.date=1869-05-27
1869	5	27	18	58	0	32.6	orig=26.1R|orig.time=9:00PM|orig.date=1869-05-27
1869	5	28	4	58	0	17.2	orig=13.8R|orig.time=7:00AM|orig.date=1869-05-28
1869	5	28	9	58	0	23.4	orig=18.7R|orig.time=Noon|orig.date=1869-05-28
1869	5	28	11	58	0	24.5	orig=19.6R|orig.time=2:00PM|orig.date=1869-05-28
1869	5	28	18	58	0	18.1	orig=14.5R|orig.time=9:00PM|orig.date=1869-05-28
1869	5	29	4	58	0	22.6	orig=18.1R|orig.time=7:00AM|orig.date=1869-05-29
1869	5	29	9	58	0	26.2	orig=21R|orig.time=Noon|orig.date=1869-05-29
1869	5	29	11	58	0	27.6	orig=22.1R|orig.time=2:00PM|orig.date=1869-05-29
1869	5	29	18	58	0	23	orig=18.4R|orig.time=9:00PM|orig.date=1869-05-29
1869	5	30	4	58	0	20.5	orig=16.4R|orig.time=7:00AM|orig.date=1869-05-30
1869	5	30	9	58	0	31.9	orig=25.5R|orig.time=Noon|orig.date=1869-05-30
1869	5	30	11	58	0	33.1	orig=26.5R|orig.time=2:00PM|orig.date=1869-05-30
1869	5	30	18	58	0	27.1	orig=21.7R|orig.time=9:00PM|orig.date=1869-05-30
1869	5	31	4	58	0	27.1	orig=21.7R|orig.time=7:00AM|orig.date=1869-05-31
1869	5	31	9	58	0	32.5	orig=26R|orig.time=Noon|orig.date=1869-05-31
1869	5	31	11	58	0	33.5	orig=26.8R|orig.time=2:00PM|orig.date=1869-05-31
1869	5	31	18	58	0	25.5	orig=20.4R|orig.time=9:00PM|orig.date=1869-05-31
1869	6	1	4	58	0	23.8	orig=19R|orig.time=7:00AM|orig.date=1869-06-01
1869	6	1	9	58	0	29.8	orig=23.8R|orig.time=Noon|orig.date=1869-06-01
1869	6	1	11	58	0	30.6	orig=24.5R|orig.time=2:00PM|orig.date=1869-06-01
1869	6	1	18	58	0	22.5	orig=18R|orig.time=9:00PM|orig.date=1869-06-01
1869	6	2	4	58	0	15	orig=12R|orig.time=7:00AM|orig.date=1869-06-02
1869	6	2	9	58	0	18.4	orig=14.7R|orig.time=Noon|orig.date=1869-06-02
1869	6	2	11	58	0	15.8	orig=12.6R|orig.time=2:00PM|orig.date=1869-06-02
1869	6	2	18	58	0	13.4	orig=10.7R|orig.time=9:00PM|orig.date=1869-06-02
1869	6	3	4	58	0	11	orig=8.8R|orig.time=7:00AM|orig.date=1869-06-03
1869	6	3	9	58	0	15.5	orig=12.4R|orig.time=Noon|orig.date=1869-06-03
1869	6	3	11	58	0	17.1	orig=13.7R|orig.time=2:00PM|orig.date=1869-06-03
1869	6	3	18	58	0	12.2	orig=9.8R|orig.time=9:00PM|orig.date=1869-06-03
1869	6	4	4	58	0	10.6	orig=8.5R|orig.time=7:00AM|orig.date=1869-06-04
1869	6	4	9	58	0	17.8	orig=14.2R|orig.time=Noon|orig.date=1869-06-04
1869	6	4	11	58	0	18.5	orig=14.8R|orig.time=2:00PM|orig.date=1869-06-04
1869	6	4	18	58	0	15.4	orig=12.3R|orig.time=9:00PM|orig.date=1869-06-04
1869	6	5	4	58	0	11.4	orig=9.1R|orig.time=7:00AM|orig.date=1869-06-05
1869	6	5	9	58	0	11.9	orig=9.5R|orig.time=Noon|orig.date=1869-06-05
1869	6	5	11	58	0	12.9	orig=10.3R|orig.time=2:00PM|orig.date=1869-06-05
1869	6	5	18	58	0	10.1	orig=8.1R|orig.time=9:00PM|orig.date=1869-06-05
1869	6	6	4	58	0	11.2	orig=9R|orig.time=7:00AM|orig.date=1869-06-06
1869	6	6	9	58	0	16.6	orig=13.3R|orig.time=Noon|orig.date=1869-06-06
1869	6	6	11	58	0	15.9	orig=12.7R|orig.time=2:00PM|orig.date=1869-06-06
1869	6	6	18	58	0	13.1	orig=10.5R|orig.time=9:00PM|orig.date=1869-06-06
1869	6	7	4	58	0	14.4	orig=11.5R|orig.time=7:00AM|orig.date=1869-06-07
1869	6	7	9	58	0	20	orig=16R|orig.time=Noon|orig.date=1869-06-07
1869	6	7	11	58	0	20.6	orig=16.5R|orig.time=2:00PM|orig.date=1869-06-07
1869	6	7	18	58	0	15.9	orig=12.7R|orig.time=9:00PM|orig.date=1869-06-07
1869	6	8	4	58	0	18.5	orig=14.8R|orig.time=7:00AM|orig.date=1869-06-08
1869	6	8	9	58	0	22.1	orig=17.7R|orig.time=Noon|orig.date=1869-06-08
1869	6	8	11	58	0	22.6	orig=18.1R|orig.time=2:00PM|orig.date=1869-06-08
1869	6	8	18	58	0	18.4	orig=14.7R|orig.time=9:00PM|orig.date=1869-06-08
1869	6	9	4	58	0	20.1	orig=16.1R|orig.time=7:00AM|orig.date=1869-06-09
1869	6	9	9	58	0	25.9	orig=20.7R|orig.time=Noon|orig.date=1869-06-09
1869	6	9	11	58	0	26.5	orig=21.2R|orig.time=2:00PM|orig.date=1869-06-09
1869	6	9	18	58	0	14.8	orig=11.8R|orig.time=9:00PM|orig.date=1869-06-09
1869	6	10	4	58	0	14.6	orig=11.7R|orig.time=7:00AM|orig.date=1869-06-10
1869	6	10	9	58	0	18.1	orig=14.5R|orig.time=Noon|orig.date=1869-06-10
1869	6	10	11	58	0	19.8	orig=15.8R|orig.time=2:00PM|orig.date=1869-06-10
1869	6	10	18	58	0	17	orig=13.6R|orig.time=9:00PM|orig.date=1869-06-10
1869	6	11	4	58	0	12.1	orig=9.7R|orig.time=7:00AM|orig.date=1869-06-11
1869	6	11	9	58	0	18.8	orig=15R|orig.time=Noon|orig.date=1869-06-11
1869	6	11	11	58	0	18.1	orig=14.5R|orig.time=2:00PM|orig.date=1869-06-11
1869	6	11	18	58	0	14.5	orig=11.6R|orig.time=9:00PM|orig.date=1869-06-11
1869	6	12	4	58	0	19.1	orig=15.3R|orig.time=7:00AM|orig.date=1869-06-12
1869	6	12	9	58	0	19	orig=15.2R|orig.time=Noon|orig.date=1869-06-12
1869	6	12	11	58	0	18.9	orig=15.1R|orig.time=2:00PM|orig.date=1869-06-12
1869	6	12	18	58	0	15.6	orig=12.5R|orig.time=9:00PM|orig.date=1869-06-12
1869	6	13	4	58	0	16.9	orig=13.5R|orig.time=7:00AM|orig.date=1869-06-13
1869	6	13	9	58	0	19.5	orig=15.6R|orig.time=Noon|orig.date=1869-06-13
1869	6	13	11	58	0	20.9	orig=16.7R|orig.time=2:00PM|orig.date=1869-06-13
1869	6	13	18	58	0	15.1	orig=12.1R|orig.time=9:00PM|orig.date=1869-06-13
1869	6	14	4	58	0	20.4	orig=16.3R|orig.time=7:00AM|orig.date=1869-06-14
1869	6	14	9	58	0	22.9	orig=18.3R|orig.time=Noon|orig.date=1869-06-14
1869	6	14	11	58	0	22.8	orig=18.2R|orig.time=2:00PM|orig.date=1869-06-14
1869	6	14	18	58	0	17.2	orig=13.8R|orig.time=9:00PM|orig.date=1869-06-14
1869	6	15	4	58	0	18.8	orig=15R|orig.time=7:00AM|orig.date=1869-06-15
1869	6	15	9	58	0	24.5	orig=19.6R|orig.time=Noon|orig.date=1869-06-15
1869	6	15	11	58	0	25	orig=20R|orig.time=2:00PM|orig.date=1869-06-15
1869	6	15	18	58	0	20.8	orig=16.6R|orig.time=9:00PM|orig.date=1869-06-15
1869	6	16	4	58	0	19.5	orig=15.6R|orig.time=7:00AM|orig.date=1869-06-16
1869	6	16	9	58	0	24.9	orig=19.9R|orig.time=Noon|orig.date=1869-06-16
1869	6	16	11	58	0	25.2	orig=20.2R|orig.time=2:00PM|orig.date=1869-06-16
1869	6	16	18	58	0	21	orig=16.8R|orig.time=9:00PM|orig.date=1869-06-16
1869	6	17	4	58	0	22.9	orig=18.3R|orig.time=7:00AM|orig.date=1869-06-17
1869	6	17	9	58	0	26	orig=20.8R|orig.time=Noon|orig.date=1869-06-17
1869	6	17	11	58	0	18.8	orig=15R|orig.time=2:00PM|orig.date=1869-06-17
1869	6	17	18	58	0	14.1	orig=11.3R|orig.time=9:00PM|orig.date=1869-06-17
1869	6	18	4	58	0	12.4	orig=9.9R|orig.time=7:00AM|orig.date=1869-06-18
1869	6	18	9	58	0	17.1	orig=13.7R|orig.time=Noon|orig.date=1869-06-18
1869	6	18	11	58	0	18.6	orig=14.9R|orig.time=2:00PM|orig.date=1869-06-18
1869	6	18	18	58	0	13.8	orig=11R|orig.time=9:00PM|orig.date=1869-06-18
1869	6	19	4	58	0	19	orig=15.2R|orig.time=7:00AM|orig.date=1869-06-19
1869	6	19	9	58	0	21.8	orig=17.4R|orig.time=Noon|orig.date=1869-06-19
1869	6	19	11	58	0	23.5	orig=18.8R|orig.time=2:00PM|orig.date=1869-06-19
1869	6	19	18	58	0	18.9	orig=15.1R|orig.time=9:00PM|orig.date=1869-06-19
1869	6	20	4	58	0	19.8	orig=15.8R|orig.time=7:00AM|orig.date=1869-06-20
1869	6	20	9	58	0	25	orig=20R|orig.time=Noon|orig.date=1869-06-20
1869	6	20	11	58	0	27	orig=21.6R|orig.time=2:00PM|orig.date=1869-06-20
1869	6	20	18	58	0	22.9	orig=18.3R|orig.time=9:00PM|orig.date=1869-06-20
1869	6	21	4	58	0	21	orig=16.8R|orig.time=7:00AM|orig.date=1869-06-21
1869	6	21	9	58	0	25	orig=20R|orig.time=Noon|orig.date=1869-06-21
1869	6	21	11	58	0	25.9	orig=20.7R|orig.time=2:00PM|orig.date=1869-06-21
1869	6	21	18	58	0	20	orig=16R|orig.time=9:00PM|orig.date=1869-06-21
1869	6	22	4	58	0	21.5	orig=17.2R|orig.time=7:00AM|orig.date=1869-06-22
1869	6	22	9	58	0	23.4	orig=18.7R|orig.time=Noon|orig.date=1869-06-22
1869	6	22	11	58	0	22.1	orig=17.7R|orig.time=2:00PM|orig.date=1869-06-22
1869	6	22	18	58	0	18.1	orig=14.5R|orig.time=9:00PM|orig.date=1869-06-22
1869	6	23	4	58	0	18.9	orig=15.1R|orig.time=7:00AM|orig.date=1869-06-23
1869	6	23	9	58	0	22	orig=17.6R|orig.time=Noon|orig.date=1869-06-23
1869	6	23	11	58	0	21	orig=16.8R|orig.time=2:00PM|orig.date=1869-06-23
1869	6	23	18	58	0	16.1	orig=12.9R|orig.time=9:00PM|orig.date=1869-06-23
1869	6	24	4	58	0	15	orig=12R|orig.time=7:00AM|orig.date=1869-06-24
1869	6	24	9	58	0	19.5	orig=15.6R|orig.time=Noon|orig.date=1869-06-24
1869	6	24	11	58	0	20.9	orig=16.7R|orig.time=2:00PM|orig.date=1869-06-24
1869	6	24	18	58	0	16.5	orig=13.2R|orig.time=9:00PM|orig.date=1869-06-24
1869	6	25	4	58	0	18.1	orig=14.5R|orig.time=7:00AM|orig.date=1869-06-25
1869	6	25	9	58	0	20	orig=16R|orig.time=Noon|orig.date=1869-06-25
1869	6	25	11	58	0	20	orig=16R|orig.time=2:00PM|orig.date=1869-06-25
1869	6	25	18	58	0	13.1	orig=10.5R|orig.time=9:00PM|orig.date=1869-06-25
1869	6	26	4	58	0	16.6	orig=13.3R|orig.time=7:00AM|orig.date=1869-06-26
1869	6	26	9	58	0	21.2	orig=17R|orig.time=Noon|orig.date=1869-06-26
1869	6	26	11	58	0	21.9	orig=17.5R|orig.time=2:00PM|orig.date=1869-06-26
1869	6	26	18	58	0	18.2	orig=14.6R|orig.time=9:00PM|orig.date=1869-06-26
1869	6	27	4	58	0	15.5	orig=12.4R|orig.time=7:00AM|orig.date=1869-06-27
1869	6	27	9	58	0	16	orig=12.8R|orig.time=Noon|orig.date=1869-06-27
1869	6	27	11	58	0	15.4	orig=12.3R|orig.time=2:00PM|orig.date=1869-06-27
1869	6	27	18	58	0	12.5	orig=10R|orig.time=9:00PM|orig.date=1869-06-27
1869	6	28	4	58	0	13.4	orig=10.7R|orig.time=7:00AM|orig.date=1869-06-28
1869	6	28	9	58	0	14.5	orig=11.6R|orig.time=Noon|orig.date=1869-06-28
1869	6	28	11	58	0	15.2	orig=12.2R|orig.time=2:00PM|orig.date=1869-06-28
1869	6	28	18	58	0	13.9	orig=11.1R|orig.time=9:00PM|orig.date=1869-06-28
1869	6	29	4	58	0	17.5	orig=14R|orig.time=7:00AM|orig.date=1869-06-29
1869	6	29	9	58	0	22.1	orig=17.7R|orig.time=Noon|orig.date=1869-06-29
1869	6	29	11	58	0	19.5	orig=15.6R|orig.time=2:00PM|orig.date=1869-06-29
1869	6	29	18	58	0	16.9	orig=13.5R|orig.time=9:00PM|orig.date=1869-06-29
1869	6	30	4	58	0	20.1	orig=16.1R|orig.time=7:00AM|orig.date=1869-06-30
1869	6	30	9	58	0	23.1	orig=18.5R|orig.time=Noon|orig.date=1869-06-30
1869	6	30	11	58	0	22.9	orig=18.3R|orig.time=2:00PM|orig.date=1869-06-30
1869	6	30	18	58	0	20.2	orig=16.2R|orig.time=9:00PM|orig.date=1869-06-30
1869	7	1	4	58	0	22	orig=17.6R|orig.time=7:00AM|orig.date=1869-07-01
1869	7	1	9	58	0	24.5	orig=19.6R|orig.time=Noon|orig.date=1869-07-01
1869	7	1	11	58	0	25.4	orig=20.3R|orig.time=2:00PM|orig.date=1869-07-01
1869	7	1	18	58	0	20.8	orig=16.6R|orig.time=9:00PM|orig.date=1869-07-01
1869	7	2	4	58	0	23.4	orig=18.7R|orig.time=7:00AM|orig.date=1869-07-02
1869	7	2	9	58	0	25.4	orig=20.3R|orig.time=Noon|orig.date=1869-07-02
1869	7	2	11	58	0	25.8	orig=20.6R|orig.time=2:00PM|orig.date=1869-07-02
1869	7	2	18	58	0	21.8	orig=17.4R|orig.time=9:00PM|orig.date=1869-07-02
1869	7	3	4	58	0	25.8	orig=20.6R|orig.time=7:00AM|orig.date=1869-07-03
1869	7	3	9	58	0	27	orig=21.6R|orig.time=Noon|orig.date=1869-07-03
1869	7	3	11	58	0	27.2	orig=21.8R|orig.time=2:00PM|orig.date=1869-07-03
1869	7	3	18	58	0	22.9	orig=18.3R|orig.time=9:00PM|orig.date=1869-07-03
1869	7	4	4	58	0	25.8	orig=20.6R|orig.time=7:00AM|orig.date=1869-07-04
1869	7	4	9	58	0	27.8	orig=22.2R|orig.time=Noon|orig.date=1869-07-04
1869	7	4	11	58	0	27.9	orig=22.3R|orig.time=2:00PM|orig.date=1869-07-04
1869	7	4	18	58	0	23.2	orig=18.6R|orig.time=9:00PM|orig.date=1869-07-04
1869	7	5	4	58	0	20.6	orig=16.5R|orig.time=7:00AM|orig.date=1869-07-05
1869	7	5	9	58	0	25.6	orig=20.5R|orig.time=Noon|orig.date=1869-07-05
1869	7	5	11	58	0	24	orig=19.2R|orig.time=2:00PM|orig.date=1869-07-05
1869	7	5	18	58	0	19.1	orig=15.3R|orig.time=9:00PM|orig.date=1869-07-05
1869	7	6	4	58	0	16.5	orig=13.2R|orig.time=7:00AM|orig.date=1869-07-06
1869	7	6	9	58	0	20	orig=16R|orig.time=Noon|orig.date=1869-07-06
1869	7	6	11	58	0	21.2	orig=17R|orig.time=2:00PM|orig.date=1869-07-06
1869	7	6	18	58	0	17.5	orig=14R|orig.time=9:00PM|orig.date=1869-07-06
1869	7	7	4	58	0	17.6	orig=14.1R|orig.time=7:00AM|orig.date=1869-07-07
1869	7	7	9	58	0	23.6	orig=18.9R|orig.time=Noon|orig.date=1869-07-07
1869	7	7	11	58	0	24.8	orig=19.8R|orig.time=2:00PM|orig.date=1869-07-07
1869	7	7	18	58	0	19.2	orig=15.4R|orig.time=9:00PM|orig.date=1869-07-07
1869	7	8	4	58	0	16.6	orig=13.3R|orig.time=7:00AM|orig.date=1869-07-08
1869	7	8	9	58	0	19.6	orig=15.7R|orig.time=Noon|orig.date=1869-07-08
1869	7	8	11	58	0	20.6	orig=16.5R|orig.time=2:00PM|orig.date=1869-07-08
1869	7	8	18	58	0	15.9	orig=12.7R|orig.time=9:00PM|orig.date=1869-07-08
1869	7	9	4	58	0	16.2	orig=13R|orig.time=7:00AM|orig.date=1869-07-09
1869	7	9	9	58	0	17.9	orig=14.3R|orig.time=Noon|orig.date=1869-07-09
1869	7	9	11	58	0	15.4	orig=12.3R|orig.time=2:00PM|orig.date=1869-07-09
1869	7	9	18	58	0	13	orig=10.4R|orig.time=9:00PM|orig.date=1869-07-09
1869	7	10	4	58	0	15.6	orig=12.5R|orig.time=7:00AM|orig.date=1869-07-10
1869	7	10	9	58	0	22.1	orig=17.7R|orig.time=Noon|orig.date=1869-07-10
1869	7	10	11	58	0	23	orig=18.4R|orig.time=2:00PM|orig.date=1869-07-10
1869	7	10	18	58	0	18.4	orig=14.7R|orig.time=9:00PM|orig.date=1869-07-10
1869	7	11	4	58	0	18.6	orig=14.9R|orig.time=7:00AM|orig.date=1869-07-11
1869	7	11	9	58	0	21.6	orig=17.3R|orig.time=Noon|orig.date=1869-07-11
1869	7	11	11	58	0	22.2	orig=17.8R|orig.time=2:00PM|orig.date=1869-07-11
1869	7	11	18	58	0	15.1	orig=12.1R|orig.time=9:00PM|orig.date=1869-07-11
1869	7	12	4	58	0	17.1	orig=13.7R|orig.time=7:00AM|orig.date=1869-07-12
1869	7	12	9	58	0	18.1	orig=14.5R|orig.time=Noon|orig.date=1869-07-12
1869	7	12	11	58	0	15.9	orig=12.7R|orig.time=2:00PM|orig.date=1869-07-12
1869	7	12	18	58	0	14.5	orig=11.6R|orig.time=9:00PM|orig.date=1869-07-12
1869	7	13	4	58	0	11.8	orig=9.4R|orig.time=7:00AM|orig.date=1869-07-13
1869	7	13	9	58	0	13.9	orig=11.1R|orig.time=Noon|orig.date=1869-07-13
1869	7	13	11	58	0	13	orig=10.4R|orig.time=2:00PM|orig.date=1869-07-13
1869	7	13	18	58	0	13.9	orig=11.1R|orig.time=9:00PM|orig.date=1869-07-13
1869	7	14	4	58	0	16.6	orig=13.3R|orig.time=7:00AM|orig.date=1869-07-14
1869	7	14	9	58	0	20.6	orig=16.5R|orig.time=Noon|orig.date=1869-07-14
1869	7	14	11	58	0	21.2	orig=17R|orig.time=2:00PM|orig.date=1869-07-14
1869	7	14	18	58	0	17.2	orig=13.8R|orig.time=9:00PM|orig.date=1869-07-14
1869	7	15	4	58	0	16.4	orig=13.1R|orig.time=7:00AM|orig.date=1869-07-15
1869	7	15	9	58	0	22.1	orig=17.7R|orig.time=Noon|orig.date=1869-07-15
1869	7	15	11	58	0	22.9	orig=18.3R|orig.time=2:00PM|orig.date=1869-07-15
1869	7	15	18	58	0	17.8	orig=14.2R|orig.time=9:00PM|orig.date=1869-07-15
1869	7	16	4	58	0	12.2	orig=9.8R|orig.time=7:00AM|orig.date=1869-07-16
1869	7	16	9	58	0	16.5	orig=13.2R|orig.time=Noon|orig.date=1869-07-16
1869	7	16	11	58	0	15.6	orig=12.5R|orig.time=2:00PM|orig.date=1869-07-16
1869	7	16	18	58	0	11.4	orig=9.1R|orig.time=9:00PM|orig.date=1869-07-16
1869	7	17	4	58	0	12.4	orig=9.9R|orig.time=7:00AM|orig.date=1869-07-17
1869	7	17	9	58	0	17.4	orig=13.9R|orig.time=Noon|orig.date=1869-07-17
1869	7	17	11	58	0	16.8	orig=13.4R|orig.time=2:00PM|orig.date=1869-07-17
1869	7	17	18	58	0	10.9	orig=8.7R|orig.time=9:00PM|orig.date=1869-07-17
1869	7	18	4	58	0	12.5	orig=10R|orig.time=7:00AM|orig.date=1869-07-18
1869	7	18	9	58	0	16	orig=12.8R|orig.time=Noon|orig.date=1869-07-18
1869	7	18	11	58	0	16.1	orig=12.9R|orig.time=2:00PM|orig.date=1869-07-18
1869	7	18	18	58	0	14.4	orig=11.5R|orig.time=9:00PM|orig.date=1869-07-18
1869	7	19	4	58	0	13.9	orig=11.1R|orig.time=7:00AM|orig.date=1869-07-19
1869	7	19	9	58	0	17.2	orig=13.8R|orig.time=Noon|orig.date=1869-07-19
1869	7	19	11	58	0	18.2	orig=14.6R|orig.time=2:00PM|orig.date=1869-07-19
1869	7	19	18	58	0	13.8	orig=11R|orig.time=9:00PM|orig.date=1869-07-19
1869	7	20	4	58	0	15	orig=12R|orig.time=7:00AM|orig.date=1869-07-20
1869	7	20	9	58	0	18.8	orig=15R|orig.time=Noon|orig.date=1869-07-20
1869	7	20	11	58	0	21.2	orig=17R|orig.time=2:00PM|orig.date=1869-07-20
1869	7	20	18	58	0	15.4	orig=12.3R|orig.time=9:00PM|orig.date=1869-07-20
1869	7	21	4	58	0	17.5	orig=14R|orig.time=7:00AM|orig.date=1869-07-21
1869	7	21	9	58	0	23.2	orig=18.6R|orig.time=Noon|orig.date=1869-07-21
1869	7	21	11	58	0	24.2	orig=19.4R|orig.time=2:00PM|orig.date=1869-07-21
1869	7	21	18	58	0	17.5	orig=14R|orig.time=9:00PM|orig.date=1869-07-21
1869	7	22	4	58	0	15	orig=12R|orig.time=7:00AM|orig.date=1869-07-22
1869	7	22	9	58	0	14.6	orig=11.7R|orig.time=Noon|orig.date=1869-07-22
1869	7	22	11	58	0	15.4	orig=12.3R|orig.time=2:00PM|orig.date=1869-07-22
1869	7	22	18	58	0	13.5	orig=10.8R|orig.time=9:00PM|orig.date=1869-07-22
1869	7	23	4	58	0	15.2	orig=12.2R|orig.time=7:00AM|orig.date=1869-07-23
1869	7	23	9	58	0	20.1	orig=16.1R|orig.time=Noon|orig.date=1869-07-23
1869	7	23	11	58	0	21.6	orig=17.3R|orig.time=2:00PM|orig.date=1869-07-23
1869	7	23	18	58	0	19.2	orig=15.4R|orig.time=9:00PM|orig.date=1869-07-23
1869	7	24	4	58	0	17.8	orig=14.2R|orig.time=7:00AM|orig.date=1869-07-24
1869	7	24	9	58	0	20.8	orig=16.6R|orig.time=Noon|orig.date=1869-07-24
1869	7	24	11	58	0	21.4	orig=17.1R|orig.time=2:00PM|orig.date=1869-07-24
1869	7	24	18	58	0	18.5	orig=14.8R|orig.time=9:00PM|orig.date=1869-07-24
1869	7	25	4	58	0	18	orig=14.4R|orig.time=7:00AM|orig.date=1869-07-25
1869	7	25	9	58	0	21.2	orig=17R|orig.time=Noon|orig.date=1869-07-25
1869	7	25	11	58	0	25.5	orig=20.4R|orig.time=2:00PM|orig.date=1869-07-25
1869	7	25	18	58	0	18	orig=14.4R|orig.time=9:00PM|orig.date=1869-07-25
1869	7	26	4	58	0	18.6	orig=14.9R|orig.time=7:00AM|orig.date=1869-07-26
1869	7	26	9	58	0	25	orig=20R|orig.time=Noon|orig.date=1869-07-26
1869	7	26	11	58	0	27.8	orig=22.2R|orig.time=2:00PM|orig.date=1869-07-26
1869	7	26	18	58	0	20.2	orig=16.2R|orig.time=9:00PM|orig.date=1869-07-26
1869	7	27	4	58	0	20.2	orig=16.2R|orig.time=7:00AM|orig.date=1869-07-27
1869	7	27	9	58	0	23.8	orig=19R|orig.time=Noon|orig.date=1869-07-27
1869	7	27	11	58	0	25	orig=20R|orig.time=2:00PM|orig.date=1869-07-27
1869	7	27	18	58	0	22	orig=17.6R|orig.time=9:00PM|orig.date=1869-07-27
1869	7	28	4	58	0	22.2	orig=17.8R|orig.time=7:00AM|orig.date=1869-07-28
1869	7	28	9	58	0	27.4	orig=21.9R|orig.time=Noon|orig.date=1869-07-28
1869	7	28	11	58	0	29	orig=23.2R|orig.time=2:00PM|orig.date=1869-07-28
1869	7	28	18	58	0	24.2	orig=19.4R|orig.time=9:00PM|orig.date=1869-07-28
1869	7	29	4	58	0	24	orig=19.2R|orig.time=7:00AM|orig.date=1869-07-29
1869	7	29	9	58	0	28.8	orig=23R|orig.time=Noon|orig.date=1869-07-29
1869	7	29	11	58	0	29.2	orig=23.4R|orig.time=2:00PM|orig.date=1869-07-29
1869	7	29	18	58	0	23.9	orig=19.1R|orig.time=9:00PM|orig.date=1869-07-29
1869	7	30	4	58	0	23.1	orig=18.5R|orig.time=7:00AM|orig.date=1869-07-30
1869	7	30	9	58	0	28	orig=22.4R|orig.time=Noon|orig.date=1869-07-30
1869	7	30	11	58	0	28.8	orig=23R|orig.time=2:00PM|orig.date=1869-07-30
1869	7	30	18	58	0	25.8	orig=20.6R|orig.time=9:00PM|orig.date=1869-07-30
1869	7	31	4	58	0	23.4	orig=18.7R|orig.time=7:00AM|orig.date=1869-07-31
1869	7	31	9	58	0	30	orig=24R|orig.time=Noon|orig.date=1869-07-31
1869	7	31	11	58	0	29.5	orig=23.6R|orig.time=2:00PM|orig.date=1869-07-31
1869	7	31	18	58	0	25	orig=20R|orig.time=9:00PM|orig.date=1869-07-31
1869	8	1	4	58	0	25.2	orig=20.2R|orig.time=7:00AM|orig.date=1869-08-01
1869	8	1	9	58	0	28.9	orig=23.1R|orig.time=Noon|orig.date=1869-08-01
1869	8	1	11	58	0	27.8	orig=22.2R|orig.time=2:00PM|orig.date=1869-08-01
1869	8	1	18	58	0	24.4	orig=19.5R|orig.time=9:00PM|orig.date=1869-08-01
1869	8	2	4	58	0	25	orig=20R|orig.time=7:00AM|orig.date=1869-08-02
1869	8	2	9	58	0	29.1	orig=23.3R|orig.time=Noon|orig.date=1869-08-02
1869	8	2	11	58	0	29.6	orig=23.7R|orig.time=2:00PM|orig.date=1869-08-02
1869	8	2	18	58	0	25.5	orig=20.4R|orig.time=9:00PM|orig.date=1869-08-02
1869	8	3	4	58	0	25.8	orig=20.6R|orig.time=7:00AM|orig.date=1869-08-03
1869	8	3	9	58	0	31.9	orig=25.5R|orig.time=Noon|orig.date=1869-08-03
1869	8	3	11	58	0	26.2	orig=21R|orig.time=2:00PM|orig.date=1869-08-03
1869	8	3	18	58	0	24.9	orig=19.9R|orig.time=9:00PM|orig.date=1869-08-03
1869	8	4	4	58	0	26.8	orig=21.4R|orig.time=7:00AM|orig.date=1869-08-04
1869	8	4	9	58	0	32	orig=25.6R|orig.time=Noon|orig.date=1869-08-04
1869	8	4	11	58	0	32.2	orig=25.8R|orig.time=2:00PM|orig.date=1869-08-04
1869	8	4	18	58	0	26.8	orig=21.4R|orig.time=9:00PM|orig.date=1869-08-04
1869	8	5	4	58	0	24.8	orig=19.8R|orig.time=7:00AM|orig.date=1869-08-05
1869	8	5	9	58	0	30.8	orig=24.6R|orig.time=Noon|orig.date=1869-08-05
1869	8	5	11	58	0	30.6	orig=24.5R|orig.time=2:00PM|orig.date=1869-08-05
1869	8	5	18	58	0	25.5	orig=20.4R|orig.time=9:00PM|orig.date=1869-08-05
1869	8	6	4	58	0	23.1	orig=18.5R|orig.time=7:00AM|orig.date=1869-08-06
1869	8	6	9	58	0	29.1	orig=23.3R|orig.time=Noon|orig.date=1869-08-06
1869	8	6	11	58	0	30	orig=24R|orig.time=2:00PM|orig.date=1869-08-06
1869	8	6	18	58	0	25.4	orig=20.3R|orig.time=9:00PM|orig.date=1869-08-06
1869	8	7	4	58	0	24.4	orig=19.5R|orig.time=7:00AM|orig.date=1869-08-07
1869	8	7	9	58	0	30.4	orig=24.3R|orig.time=Noon|orig.date=1869-08-07
1869	8	7	11	58	0	31.6	orig=25.3R|orig.time=2:00PM|orig.date=1869-08-07
1869	8	7	18	58	0	26.4	orig=21.1R|orig.time=9:00PM|orig.date=1869-08-07
1869	8	8	4	58	0	25.4	orig=20.3R|orig.time=7:00AM|orig.date=1869-08-08
1869	8	8	9	58	0	31.1	orig=24.9R|orig.time=Noon|orig.date=1869-08-08
1869	8	8	11	58	0	32.5	orig=26R|orig.time=2:00PM|orig.date=1869-08-08
1869	8	8	18	58	0	20	orig=16R|orig.time=9:00PM|orig.date=1869-08-08
1869	8	9	4	58	0	15.2	orig=12.2R|orig.time=7:00AM|orig.date=1869-08-09
1869	8	9	9	58	0	19.5	orig=15.6R|orig.time=Noon|orig.date=1869-08-09
1869	8	9	11	58	0	21	orig=16.8R|orig.time=2:00PM|orig.date=1869-08-09
1869	8	9	18	58	0	17.5	orig=14R|orig.time=9:00PM|orig.date=1869-08-09
1869	8	10	4	58	0	19.8	orig=15.8R|orig.time=7:00AM|orig.date=1869-08-10
1869	8	10	9	58	0	24.9	orig=19.9R|orig.time=Noon|orig.date=1869-08-10
1869	8	10	11	58	0	26	orig=20.8R|orig.time=2:00PM|orig.date=1869-08-10
1869	8	10	18	58	0	21.5	orig=17.2R|orig.time=9:00PM|orig.date=1869-08-10
1869	8	11	4	58	0	21.5	orig=17.2R|orig.time=7:00AM|orig.date=1869-08-11
1869	8	11	9	58	0	25	orig=20R|orig.time=Noon|orig.date=1869-08-11
1869	8	11	11	58	0	25.5	orig=20.4R|orig.time=2:00PM|orig.date=1869-08-11
1869	8	11	18	58	0	25.2	orig=20.2R|orig.time=9:00PM|orig.date=1869-08-11
1869	8	12	4	58	0	24.2	orig=19.4R|orig.time=7:00AM|orig.date=1869-08-12
1869	8	12	9	58	0	18	orig=14.4R|orig.time=Noon|orig.date=1869-08-12
1869	8	12	11	58	0	16.2	orig=13R|orig.time=2:00PM|orig.date=1869-08-12
1869	8	12	18	58	0	12.2	orig=9.8R|orig.time=9:00PM|orig.date=1869-08-12
1869	8	13	4	58	0	14.6	orig=11.7R|orig.time=7:00AM|orig.date=1869-08-13
1869	8	13	9	58	0	19.4	orig=15.5R|orig.time=Noon|orig.date=1869-08-13
1869	8	13	11	58	0	20.5	orig=16.4R|orig.time=2:00PM|orig.date=1869-08-13
1869	8	13	18	58	0	15	orig=12R|orig.time=9:00PM|orig.date=1869-08-13
1869	8	14	4	58	0	13.2	orig=10.6R|orig.time=7:00AM|orig.date=1869-08-14
1869	8	14	9	58	0	17	orig=13.6R|orig.time=Noon|orig.date=1869-08-14
1869	8	14	11	58	0	14.4	orig=11.5R|orig.time=2:00PM|orig.date=1869-08-14
1869	8	14	18	58	0	12.9	orig=10.3R|orig.time=9:00PM|orig.date=1869-08-14
1869	8	15	4	58	0	12.4	orig=9.9R|orig.time=7:00AM|orig.date=1869-08-15
1869	8	15	9	58	0	13	orig=10.4R|orig.time=Noon|orig.date=1869-08-15
1869	8	15	11	58	0	13.8	orig=11R|orig.time=2:00PM|orig.date=1869-08-15
1869	8	15	18	58	0	14.8	orig=11.8R|orig.time=9:00PM|orig.date=1869-08-15
1869	8	16	4	58	0	14.8	orig=11.8R|orig.time=7:00AM|orig.date=1869-08-16
1869	8	16	9	58	0	20.2	orig=16.2R|orig.time=Noon|orig.date=1869-08-16
1869	8	16	11	58	0	19	orig=15.2R|orig.time=2:00PM|orig.date=1869-08-16
1869	8	16	18	58	0	16.8	orig=13.4R|orig.time=9:00PM|orig.date=1869-08-16
1869	8	17	4	58	0	17.8	orig=14.2R|orig.time=7:00AM|orig.date=1869-08-17
1869	8	17	9	58	0	23	orig=18.4R|orig.time=Noon|orig.date=1869-08-17
1869	8	17	11	58	0	23	orig=18.4R|orig.time=2:00PM|orig.date=1869-08-17
1869	8	17	18	58	0	20.2	orig=16.2R|orig.time=9:00PM|orig.date=1869-08-17
1869	8	18	4	58	0	18.1	orig=14.5R|orig.time=7:00AM|orig.date=1869-08-18
1869	8	18	9	58	0	24.2	orig=19.4R|orig.time=Noon|orig.date=1869-08-18
1869	8	18	11	58	0	19.5	orig=15.6R|orig.time=2:00PM|orig.date=1869-08-18
1869	8	18	18	58	0	16.5	orig=13.2R|orig.time=9:00PM|orig.date=1869-08-18
1869	8	19	4	58	0	15.9	orig=12.7R|orig.time=7:00AM|orig.date=1869-08-19
1869	8	19	9	58	0	20	orig=16R|orig.time=Noon|orig.date=1869-08-19
1869	8	19	11	58	0	22.4	orig=17.9R|orig.time=2:00PM|orig.date=1869-08-19
1869	8	19	18	58	0	17.6	orig=14.1R|orig.time=9:00PM|orig.date=1869-08-19
1869	8	20	4	58	0	16.1	orig=12.9R|orig.time=7:00AM|orig.date=1869-08-20
1869	8	20	9	58	0	22.1	orig=17.7R|orig.time=Noon|orig.date=1869-08-20
1869	8	20	11	58	0	22.5	orig=18R|orig.time=2:00PM|orig.date=1869-08-20
1869	8	20	18	58	0	18.1	orig=14.5R|orig.time=9:00PM|orig.date=1869-08-20
1869	8	21	4	58	0	16.6	orig=13.3R|orig.time=7:00AM|orig.date=1869-08-21
1869	8	21	9	58	0	23.6	orig=18.9R|orig.time=Noon|orig.date=1869-08-21
1869	8	21	11	58	0	24.9	orig=19.9R|orig.time=2:00PM|orig.date=1869-08-21
1869	8	21	18	58	0	20.5	orig=16.4R|orig.time=9:00PM|orig.date=1869-08-21
1869	8	22	4	58	0	19.6	orig=15.7R|orig.time=7:00AM|orig.date=1869-08-22
1869	8	22	9	58	0	25.6	orig=20.5R|orig.time=Noon|orig.date=1869-08-22
1869	8	22	11	58	0	26.1	orig=20.9R|orig.time=2:00PM|orig.date=1869-08-22
1869	8	22	18	58	0	21.4	orig=17.1R|orig.time=9:00PM|orig.date=1869-08-22
1869	8	23	4	58	0	17.6	orig=14.1R|orig.time=7:00AM|orig.date=1869-08-23
1869	8	23	9	58	0	19.9	orig=15.9R|orig.time=Noon|orig.date=1869-08-23
1869	8	23	11	58	0	23.4	orig=18.7R|orig.time=2:00PM|orig.date=1869-08-23
1869	8	23	18	58	0	19.4	orig=15.5R|orig.time=9:00PM|orig.date=1869-08-23
1869	8	24	4	58	0	15	orig=12R|orig.time=7:00AM|orig.date=1869-08-24
1869	8	24	9	58	0	19	orig=15.2R|orig.time=Noon|orig.date=1869-08-24
1869	8	24	11	58	0	19.9	orig=15.9R|orig.time=2:00PM|orig.date=1869-08-24
1869	8	24	18	58	0	15.4	orig=12.3R|orig.time=9:00PM|orig.date=1869-08-24
1869	8	25	4	58	0	14.2	orig=11.4R|orig.time=7:00AM|orig.date=1869-08-25
1869	8	25	9	58	0	18.8	orig=15R|orig.time=Noon|orig.date=1869-08-25
1869	8	25	11	58	0	19	orig=15.2R|orig.time=2:00PM|orig.date=1869-08-25
1869	8	25	18	58	0	15.5	orig=12.4R|orig.time=9:00PM|orig.date=1869-08-25
1869	8	26	4	58	0	14.2	orig=11.4R|orig.time=7:00AM|orig.date=1869-08-26
1869	8	26	9	58	0	20.9	orig=16.7R|orig.time=Noon|orig.date=1869-08-26
1869	8	26	11	58	0	21	orig=16.8R|orig.time=2:00PM|orig.date=1869-08-26
1869	8	26	18	58	0	16.4	orig=13.1R|orig.time=9:00PM|orig.date=1869-08-26
1869	8	27	4	58	0	13.9	orig=11.1R|orig.time=7:00AM|orig.date=1869-08-27
1869	8	27	9	58	0	21	orig=16.8R|orig.time=Noon|orig.date=1869-08-27
1869	8	27	11	58	0	22	orig=17.6R|orig.time=2:00PM|orig.date=1869-08-27
1869	8	27	18	58	0	17.8	orig=14.2R|orig.time=9:00PM|orig.date=1869-08-27
1869	8	28	4	58	0	15.5	orig=12.4R|orig.time=7:00AM|orig.date=1869-08-28
1869	8	28	9	58	0	22.6	orig=18.1R|orig.time=Noon|orig.date=1869-08-28
1869	8	28	11	58	0	23.1	orig=18.5R|orig.time=2:00PM|orig.date=1869-08-28
1869	8	28	18	58	0	18.8	orig=15R|orig.time=9:00PM|orig.date=1869-08-28
1869	8	29	4	58	0	15.5	orig=12.4R|orig.time=7:00AM|orig.date=1869-08-29
1869	8	29	9	58	0	19.8	orig=15.8R|orig.time=Noon|orig.date=1869-08-29
1869	8	29	11	58	0	20.9	orig=16.7R|orig.time=2:00PM|orig.date=1869-08-29
1869	8	29	18	58	0	17	orig=13.6R|orig.time=9:00PM|orig.date=1869-08-29
1869	8	30	4	58	0	17.6	orig=14.1R|orig.time=7:00AM|orig.date=1869-08-30
1869	8	30	9	58	0	24.5	orig=19.6R|orig.time=Noon|orig.date=1869-08-30
1869	8	30	11	58	0	25.6	orig=20.5R|orig.time=2:00PM|orig.date=1869-08-30
1869	8	30	18	58	0	19.4	orig=15.5R|orig.time=9:00PM|orig.date=1869-08-30
1869	8	31	4	58	0	16.2	orig=13R|orig.time=7:00AM|orig.date=1869-08-31
1869	8	31	9	58	0	13.1	orig=10.5R|orig.time=Noon|orig.date=1869-08-31
1869	8	31	11	58	0	11	orig=8.8R|orig.time=2:00PM|orig.date=1869-08-31
1869	8	31	18	58	0	10.2	orig=8.2R|orig.time=9:00PM|orig.date=1869-08-31
1869	9	1	4	58	0	6.9	orig=5.5R|orig.time=7:00AM|orig.date=1869-09-01
1869	9	1	9	58	0	14.1	orig=11.3R|orig.time=Noon|orig.date=1869-09-01
1869	9	1	11	58	0	11.9	orig=9.5R|orig.time=2:00PM|orig.date=1869-09-01
1869	9	1	18	58	0	7.1	orig=5.7R|orig.time=9:00PM|orig.date=1869-09-01
1869	9	2	4	58	0	7	orig=5.6R|orig.time=7:00AM|orig.date=1869-09-02
1869	9	2	9	58	0	16.5	orig=13.2R|orig.time=Noon|orig.date=1869-09-02
1869	9	2	11	58	0	16.1	orig=12.9R|orig.time=2:00PM|orig.date=1869-09-02
1869	9	2	18	58	0	12.4	orig=9.9R|orig.time=9:00PM|orig.date=1869-09-02
1869	9	3	4	58	0	11.2	orig=9R|orig.time=7:00AM|orig.date=1869-09-03
1869	9	3	9	58	0	16.1	orig=12.9R|orig.time=Noon|orig.date=1869-09-03
1869	9	3	11	58	0	15	orig=12R|orig.time=2:00PM|orig.date=1869-09-03
1869	9	3	18	58	0	9.2	orig=7.4R|orig.time=9:00PM|orig.date=1869-09-03
1869	9	4	4	58	0	8.4	orig=6.7R|orig.time=7:00AM|orig.date=1869-09-04
1869	9	4	9	58	0	12.4	orig=9.9R|orig.time=Noon|orig.date=1869-09-04
1869	9	4	11	58	0	13.2	orig=10.6R|orig.time=2:00PM|orig.date=1869-09-04
1869	9	4	18	58	0	6.9	orig=5.5R|orig.time=9:00PM|orig.date=1869-09-04
1869	9	5	4	58	0	6	orig=4.8R|orig.time=7:00AM|orig.date=1869-09-05
1869	9	5	9	58	0	12.4	orig=9.9R|orig.time=Noon|orig.date=1869-09-05
1869	9	5	11	58	0	12.6	orig=10.1R|orig.time=2:00PM|orig.date=1869-09-05
1869	9	5	18	58	0	8.2	orig=6.6R|orig.time=9:00PM|orig.date=1869-09-05
1869	9	6	4	58	0	7.9	orig=6.3R|orig.time=7:00AM|orig.date=1869-09-06
1869	9	6	9	58	0	12.8	orig=10.2R|orig.time=Noon|orig.date=1869-09-06
1869	9	6	11	58	0	13.9	orig=11.1R|orig.time=2:00PM|orig.date=1869-09-06
1869	9	6	18	58	0	8.8	orig=7R|orig.time=9:00PM|orig.date=1869-09-06
1869	9	7	4	58	0	7.5	orig=6R|orig.time=7:00AM|orig.date=1869-09-07
1869	9	7	9	58	0	16.1	orig=12.9R|orig.time=Noon|orig.date=1869-09-07
1869	9	7	11	58	0	16.4	orig=13.1R|orig.time=2:00PM|orig.date=1869-09-07
1869	9	7	18	58	0	11.5	orig=9.2R|orig.time=9:00PM|orig.date=1869-09-07
1869	9	8	4	58	0	9.1	orig=7.3R|orig.time=7:00AM|orig.date=1869-09-08
1869	9	8	9	58	0	19.4	orig=15.5R|orig.time=Noon|orig.date=1869-09-08
1869	9	8	11	58	0	20	orig=16R|orig.time=2:00PM|orig.date=1869-09-08
1869	9	8	18	58	0	14.1	orig=11.3R|orig.time=9:00PM|orig.date=1869-09-08
1869	9	9	4	58	0	11.9	orig=9.5R|orig.time=7:00AM|orig.date=1869-09-09
1869	9	9	9	58	0	19.1	orig=15.3R|orig.time=Noon|orig.date=1869-09-09
1869	9	9	11	58	0	19.6	orig=15.7R|orig.time=2:00PM|orig.date=1869-09-09
1869	9	9	18	58	0	16.4	orig=13.1R|orig.time=9:00PM|orig.date=1869-09-09
1869	9	10	4	58	0	13	orig=10.4R|orig.time=7:00AM|orig.date=1869-09-10
1869	9	10	9	58	0	20.1	orig=16.1R|orig.time=Noon|orig.date=1869-09-10
1869	9	10	11	58	0	22.1	orig=17.7R|orig.time=2:00PM|orig.date=1869-09-10
1869	9	10	18	58	0	16.9	orig=13.5R|orig.time=9:00PM|orig.date=1869-09-10
1869	9	11	4	58	0	14.2	orig=11.4R|orig.time=7:00AM|orig.date=1869-09-11
1869	9	11	9	58	0	21.5	orig=17.2R|orig.time=Noon|orig.date=1869-09-11
1869	9	11	11	58	0	22.5	orig=18R|orig.time=2:00PM|orig.date=1869-09-11
1869	9	11	18	58	0	16	orig=12.8R|orig.time=9:00PM|orig.date=1869-09-11
1869	9	12	4	58	0	12.6	orig=10.1R|orig.time=7:00AM|orig.date=1869-09-12
1869	9	12	9	58	0	23.1	orig=18.5R|orig.time=Noon|orig.date=1869-09-12
1869	9	12	11	58	0	23.5	orig=18.8R|orig.time=2:00PM|orig.date=1869-09-12
1869	9	12	18	58	0	16.2	orig=13R|orig.time=9:00PM|orig.date=1869-09-12
1869	9	13	4	58	0	14	orig=11.2R|orig.time=7:00AM|orig.date=1869-09-13
1869	9	13	9	58	0	23.1	orig=18.5R|orig.time=Noon|orig.date=1869-09-13
1869	9	13	11	58	0	21.8	orig=17.4R|orig.time=2:00PM|orig.date=1869-09-13
1869	9	13	18	58	0	14	orig=11.2R|orig.time=9:00PM|orig.date=1869-09-13
1869	9	14	4	58	0	12.4	orig=9.9R|orig.time=7:00AM|orig.date=1869-09-14
1869	9	14	9	58	0	16.9	orig=13.5R|orig.time=Noon|orig.date=1869-09-14
1869	9	14	11	58	0	17.5	orig=14R|orig.time=2:00PM|orig.date=1869-09-14
1869	9	14	18	58	0	12.5	orig=10R|orig.time=9:00PM|orig.date=1869-09-14
1869	9	15	4	58	0	10.5	orig=8.4R|orig.time=7:00AM|orig.date=1869-09-15
1869	9	15	9	58	0	16.5	orig=13.2R|orig.time=Noon|orig.date=1869-09-15
1869	9	15	11	58	0	15.2	orig=12.2R|orig.time=2:00PM|orig.date=1869-09-15
1869	9	15	18	58	0	11.8	orig=9.4R|orig.time=9:00PM|orig.date=1869-09-15
1869	9	16	4	58	0	12.9	orig=10.3R|orig.time=7:00AM|orig.date=1869-09-16
1869	9	16	9	58	0	21.6	orig=17.3R|orig.time=Noon|orig.date=1869-09-16
1869	9	16	11	58	0	23.9	orig=19.1R|orig.time=2:00PM|orig.date=1869-09-16
1869	9	16	18	58	0	18.5	orig=14.8R|orig.time=9:00PM|orig.date=1869-09-16
1869	9	17	4	58	0	13.9	orig=11.1R|orig.time=7:00AM|orig.date=1869-09-17
1869	9	17	9	58	0	16.1	orig=12.9R|orig.time=Noon|orig.date=1869-09-17
1869	9	17	11	58	0	17.8	orig=14.2R|orig.time=2:00PM|orig.date=1869-09-17
1869	9	17	18	58	0	10.8	orig=8.6R|orig.time=9:00PM|orig.date=1869-09-17
1869	9	18	4	58	0	9.6	orig=7.7R|orig.time=7:00AM|orig.date=1869-09-18
1869	9	18	9	58	0	17.9	orig=14.3R|orig.time=Noon|orig.date=1869-09-18
1869	9	18	11	58	0	17.2	orig=13.8R|orig.time=2:00PM|orig.date=1869-09-18
1869	9	18	18	58	0	12.8	orig=10.2R|orig.time=9:00PM|orig.date=1869-09-18
1869	9	19	4	58	0	13.6	orig=10.9R|orig.time=7:00AM|orig.date=1869-09-19
1869	9	19	9	58	0	22.2	orig=17.8R|orig.time=Noon|orig.date=1869-09-19
1869	9	19	11	58	0	24.4	orig=19.5R|orig.time=2:00PM|orig.date=1869-09-19
1869	9	19	18	58	0	16.4	orig=13.1R|orig.time=9:00PM|orig.date=1869-09-19
1869	9	20	4	58	0	14.6	orig=11.7R|orig.time=7:00AM|orig.date=1869-09-20
1869	9	20	9	58	0	21.6	orig=17.3R|orig.time=Noon|orig.date=1869-09-20
1869	9	20	11	58	0	23.4	orig=18.7R|orig.time=2:00PM|orig.date=1869-09-20
1869	9	20	18	58	0	17.2	orig=13.8R|orig.time=9:00PM|orig.date=1869-09-20
1869	9	21	4	58	0	14.1	orig=11.3R|orig.time=7:00AM|orig.date=1869-09-21
1869	9	21	9	58	0	19.2	orig=15.4R|orig.time=Noon|orig.date=1869-09-21
1869	9	21	11	58	0	19.6	orig=15.7R|orig.time=2:00PM|orig.date=1869-09-21
1869	9	21	18	58	0	15.8	orig=12.6R|orig.time=9:00PM|orig.date=1869-09-21
1869	9	22	4	58	0	14.4	orig=11.5R|orig.time=7:00AM|orig.date=1869-09-22
1869	9	22	9	58	0	20	orig=16R|orig.time=Noon|orig.date=1869-09-22
1869	9	22	11	58	0	21.5	orig=17.2R|orig.time=2:00PM|orig.date=1869-09-22
1869	9	22	18	58	0	17.8	orig=14.2R|orig.time=9:00PM|orig.date=1869-09-22
1869	9	23	4	58	0	9.4	orig=7.5R|orig.time=7:00AM|orig.date=1869-09-23
1869	9	23	9	58	0	8.9	orig=7.1R|orig.time=Noon|orig.date=1869-09-23
1869	9	23	11	58	0	10	orig=8R|orig.time=2:00PM|orig.date=1869-09-23
1869	9	23	18	58	0	7.6	orig=6.1R|orig.time=9:00PM|orig.date=1869-09-23
1869	9	24	4	58	0	9.2	orig=7.4R|orig.time=7:00AM|orig.date=1869-09-24
1869	9	24	9	58	0	14.6	orig=11.7R|orig.time=Noon|orig.date=1869-09-24
1869	9	24	11	58	0	14.1	orig=11.3R|orig.time=2:00PM|orig.date=1869-09-24
1869	9	24	18	58	0	7.5	orig=6R|orig.time=9:00PM|orig.date=1869-09-24
1869	9	25	4	58	0	4.6	orig=3.7R|orig.time=7:00AM|orig.date=1869-09-25
1869	9	25	9	58	0	12.4	orig=9.9R|orig.time=Noon|orig.date=1869-09-25
1869	9	25	11	58	0	13	orig=10.4R|orig.time=2:00PM|orig.date=1869-09-25
1869	9	25	18	58	0	10.5	orig=8.4R|orig.time=9:00PM|orig.date=1869-09-25
1869	9	26	4	58	0	11	orig=8.8R|orig.time=7:00AM|orig.date=1869-09-26
1869	9	26	9	58	0	14.2	orig=11.4R|orig.time=Noon|orig.date=1869-09-26
1869	9	26	11	58	0	15.2	orig=12.2R|orig.time=2:00PM|orig.date=1869-09-26
1869	9	26	18	58	0	11.8	orig=9.4R|orig.time=9:00PM|orig.date=1869-09-26
1869	9	27	4	58	0	13.9	orig=11.1R|orig.time=7:00AM|orig.date=1869-09-27
1869	9	27	9	58	0	20.9	orig=16.7R|orig.time=Noon|orig.date=1869-09-27
1869	9	27	11	58	0	21.4	orig=17.1R|orig.time=2:00PM|orig.date=1869-09-27
1869	9	27	18	58	0	13.6	orig=10.9R|orig.time=9:00PM|orig.date=1869-09-27
1869	9	28	4	58	0	9.6	orig=7.7R|orig.time=7:00AM|orig.date=1869-09-28
1869	9	28	9	58	0	16.9	orig=13.5R|orig.time=Noon|orig.date=1869-09-28
1869	9	28	11	58	0	18.5	orig=14.8R|orig.time=2:00PM|orig.date=1869-09-28
1869	9	28	18	58	0	15	orig=12R|orig.time=9:00PM|orig.date=1869-09-28
1869	9	29	4	58	0	12.5	orig=10R|orig.time=7:00AM|orig.date=1869-09-29
1869	9	29	9	58	0	19.2	orig=15.4R|orig.time=Noon|orig.date=1869-09-29
1869	9	29	11	58	0	22.1	orig=17.7R|orig.time=2:00PM|orig.date=1869-09-29
1869	9	29	18	58	0	15.5	orig=12.4R|orig.time=9:00PM|orig.date=1869-09-29
1869	9	30	4	58	0	12.9	orig=10.3R|orig.time=7:00AM|orig.date=1869-09-30
1869	9	30	9	58	0	21.5	orig=17.2R|orig.time=Noon|orig.date=1869-09-30
1869	9	30	11	58	0	24.2	orig=19.4R|orig.time=2:00PM|orig.date=1869-09-30
1869	9	30	18	58	0	16.5	orig=13.2R|orig.time=9:00PM|orig.date=1869-09-30
1869	10	1	4	58	0	13	orig=10.4R|orig.time=7:00AM|orig.date=1869-10-01
1869	10	1	9	58	0	22.6	orig=18.1R|orig.time=Noon|orig.date=1869-10-01
1869	10	1	11	58	0	24.2	orig=19.4R|orig.time=2:00PM|orig.date=1869-10-01
1869	10	1	18	58	0	17.5	orig=14R|orig.time=9:00PM|orig.date=1869-10-01
1869	10	2	4	58	0	11.4	orig=9.1R|orig.time=7:00AM|orig.date=1869-10-02
1869	10	2	9	58	0	21.2	orig=17R|orig.time=Noon|orig.date=1869-10-02
1869	10	2	11	58	0	23.1	orig=18.5R|orig.time=2:00PM|orig.date=1869-10-02
1869	10	2	18	58	0	16.1	orig=12.9R|orig.time=9:00PM|orig.date=1869-10-02
1869	10	3	4	58	0	10.1	orig=8.1R|orig.time=7:00AM|orig.date=1869-10-03
1869	10	3	9	58	0	17.9	orig=14.3R|orig.time=Noon|orig.date=1869-10-03
1869	10	3	11	58	0	18.1	orig=14.5R|orig.time=2:00PM|orig.date=1869-10-03
1869	10	3	18	58	0	13.6	orig=10.9R|orig.time=9:00PM|orig.date=1869-10-03
1869	10	4	4	58	0	6.8	orig=5.4R|orig.time=7:00AM|orig.date=1869-10-04
1869	10	4	9	58	0	7.9	orig=6.3R|orig.time=Noon|orig.date=1869-10-04
1869	10	4	11	58	0	7	orig=5.6R|orig.time=2:00PM|orig.date=1869-10-04
1869	10	4	18	58	0	4.9	orig=3.9R|orig.time=9:00PM|orig.date=1869-10-04
1869	10	5	4	58	0	4.9	orig=3.9R|orig.time=7:00AM|orig.date=1869-10-05
1869	10	5	9	58	0	7.4	orig=5.9R|orig.time=Noon|orig.date=1869-10-05
1869	10	5	11	58	0	7.9	orig=6.3R|orig.time=2:00PM|orig.date=1869-10-05
1869	10	5	18	58	0	7.6	orig=6.1R|orig.time=9:00PM|orig.date=1869-10-05
1869	10	6	4	58	0	6.2	orig=5R|orig.time=7:00AM|orig.date=1869-10-06
1869	10	6	9	58	0	7.6	orig=6.1R|orig.time=Noon|orig.date=1869-10-06
1869	10	6	11	58	0	8.2	orig=6.6R|orig.time=2:00PM|orig.date=1869-10-06
1869	10	6	18	58	0	7.6	orig=6.1R|orig.time=9:00PM|orig.date=1869-10-06
1869	10	7	4	58	0	8.2	orig=6.6R|orig.time=7:00AM|orig.date=1869-10-07
1869	10	7	9	58	0	9.1	orig=7.3R|orig.time=Noon|orig.date=1869-10-07
1869	10	7	11	58	0	9	orig=7.2R|orig.time=2:00PM|orig.date=1869-10-07
1869	10	7	18	58	0	5.5	orig=4.4R|orig.time=9:00PM|orig.date=1869-10-07
1869	10	8	4	58	0	3.2	orig=2.6R|orig.time=7:00AM|orig.date=1869-10-08
1869	10	8	9	58	0	4.9	orig=3.9R|orig.time=Noon|orig.date=1869-10-08
1869	10	8	11	58	0	5.6	orig=4.5R|orig.time=2:00PM|orig.date=1869-10-08
1869	10	8	18	58	0	1.8	orig=1.4R|orig.time=9:00PM|orig.date=1869-10-08
1869	10	9	4	58	0	-2.6	orig=-2.1R|orig.time=7:00AM|orig.date=1869-10-09
1869	10	9	9	58	0	4.6	orig=3.7R|orig.time=Noon|orig.date=1869-10-09
1869	10	9	11	58	0	6.2	orig=5R|orig.time=2:00PM|orig.date=1869-10-09
1869	10	9	18	58	0	3.2	orig=2.6R|orig.time=9:00PM|orig.date=1869-10-09
1869	10	10	4	58	0	-0.6	orig=-0.5R|orig.time=7:00AM|orig.date=1869-10-10
1869	10	10	9	58	0	7.9	orig=6.3R|orig.time=Noon|orig.date=1869-10-10
1869	10	10	11	58	0	9.4	orig=7.5R|orig.time=2:00PM|orig.date=1869-10-10
1869	10	10	18	58	0	5	orig=4R|orig.time=9:00PM|orig.date=1869-10-10
1869	10	11	4	58	0	3.5	orig=2.8R|orig.time=7:00AM|orig.date=1869-10-11
1869	10	11	9	58	0	10.4	orig=8.3R|orig.time=Noon|orig.date=1869-10-11
1869	10	11	11	58	0	11.4	orig=9.1R|orig.time=2:00PM|orig.date=1869-10-11
1869	10	11	18	58	0	7.5	orig=6R|orig.time=9:00PM|orig.date=1869-10-11
1869	10	12	4	58	0	5.4	orig=4.3R|orig.time=7:00AM|orig.date=1869-10-12
1869	10	12	9	58	0	12.8	orig=10.2R|orig.time=Noon|orig.date=1869-10-12
1869	10	12	11	58	0	13.8	orig=11R|orig.time=2:00PM|orig.date=1869-10-12
1869	10	12	18	58	0	9.8	orig=7.8R|orig.time=9:00PM|orig.date=1869-10-12
1869	10	13	4	58	0	8.2	orig=6.6R|orig.time=7:00AM|orig.date=1869-10-13
1869	10	13	9	58	0	13.1	orig=10.5R|orig.time=Noon|orig.date=1869-10-13
1869	10	13	11	58	0	16.5	orig=13.2R|orig.time=2:00PM|orig.date=1869-10-13
1869	10	13	18	58	0	10.2	orig=8.2R|orig.time=9:00PM|orig.date=1869-10-13
1869	10	14	4	58	0	7.1	orig=5.7R|orig.time=7:00AM|orig.date=1869-10-14
1869	10	14	9	58	0	15.4	orig=12.3R|orig.time=Noon|orig.date=1869-10-14
1869	10	14	11	58	0	17.2	orig=13.8R|orig.time=2:00PM|orig.date=1869-10-14
1869	10	14	18	58	0	12.4	orig=9.9R|orig.time=9:00PM|orig.date=1869-10-14
1869	10	15	4	58	0	6.4	orig=5.1R|orig.time=7:00AM|orig.date=1869-10-15
1869	10	15	9	58	0	7.8	orig=6.2R|orig.time=Noon|orig.date=1869-10-15
1869	10	15	11	58	0	8.5	orig=6.8R|orig.time=2:00PM|orig.date=1869-10-15
1869	10	15	18	58	0	5	orig=4R|orig.time=9:00PM|orig.date=1869-10-15
1869	10	16	4	58	0	2.2	orig=1.8R|orig.time=7:00AM|orig.date=1869-10-16
1869	10	16	9	58	0	11.9	orig=9.5R|orig.time=Noon|orig.date=1869-10-16
1869	10	16	11	58	0	12.9	orig=10.3R|orig.time=2:00PM|orig.date=1869-10-16
1869	10	16	18	58	0	8.6	orig=6.9R|orig.time=9:00PM|orig.date=1869-10-16
1869	10	17	4	58	0	6.1	orig=4.9R|orig.time=7:00AM|orig.date=1869-10-17
1869	10	17	9	58	0	14	orig=11.2R|orig.time=Noon|orig.date=1869-10-17
1869	10	17	11	58	0	15.4	orig=12.3R|orig.time=2:00PM|orig.date=1869-10-17
1869	10	17	18	58	0	11.6	orig=9.3R|orig.time=9:00PM|orig.date=1869-10-17
1869	10	18	4	58	0	10.2	orig=8.2R|orig.time=7:00AM|orig.date=1869-10-18
1869	10	18	9	58	0	12.6	orig=10.1R|orig.time=Noon|orig.date=1869-10-18
1869	10	18	11	58	0	8.9	orig=7.1R|orig.time=2:00PM|orig.date=1869-10-18
1869	10	18	18	58	0	7.9	orig=6.3R|orig.time=9:00PM|orig.date=1869-10-18
1869	10	19	4	58	0	6.8	orig=5.4R|orig.time=7:00AM|orig.date=1869-10-19
1869	10	19	9	58	0	7.2	orig=5.8R|orig.time=Noon|orig.date=1869-10-19
1869	10	19	11	58	0	7.2	orig=5.8R|orig.time=2:00PM|orig.date=1869-10-19
1869	10	19	18	58	0	5.6	orig=4.5R|orig.time=9:00PM|orig.date=1869-10-19
1869	10	20	4	58	0	9	orig=7.2R|orig.time=7:00AM|orig.date=1869-10-20
1869	10	20	9	58	0	17.4	orig=13.9R|orig.time=Noon|orig.date=1869-10-20
1869	10	20	11	58	0	20	orig=16R|orig.time=2:00PM|orig.date=1869-10-20
1869	10	20	18	58	0	15.6	orig=12.5R|orig.time=9:00PM|orig.date=1869-10-20
1869	10	21	4	58	0	10.8	orig=8.6R|orig.time=7:00AM|orig.date=1869-10-21
1869	10	21	9	58	0	13.1	orig=10.5R|orig.time=Noon|orig.date=1869-10-21
1869	10	21	11	58	0	13.8	orig=11R|orig.time=2:00PM|orig.date=1869-10-21
1869	10	21	18	58	0	11.5	orig=9.2R|orig.time=9:00PM|orig.date=1869-10-21
1869	10	22	4	58	0	11.1	orig=8.9R|orig.time=7:00AM|orig.date=1869-10-22
1869	10	22	9	58	0	13.5	orig=10.8R|orig.time=Noon|orig.date=1869-10-22
1869	10	22	11	58	0	15.2	orig=12.2R|orig.time=2:00PM|orig.date=1869-10-22
1869	10	22	18	58	0	13.4	orig=10.7R|orig.time=9:00PM|orig.date=1869-10-22
1869	10	23	4	58	0	4	orig=3.2R|orig.time=7:00AM|orig.date=1869-10-23
1869	10	23	9	58	0	6.4	orig=5.1R|orig.time=Noon|orig.date=1869-10-23
1869	10	23	11	58	0	7.1	orig=5.7R|orig.time=2:00PM|orig.date=1869-10-23
1869	10	23	18	58	0	1.4	orig=1.1R|orig.time=9:00PM|orig.date=1869-10-23
1869	10	24	4	58	0	2.2	orig=1.8R|orig.time=7:00AM|orig.date=1869-10-24
1869	10	24	9	58	0	4.9	orig=3.9R|orig.time=Noon|orig.date=1869-10-24
1869	10	24	11	58	0	5.6	orig=4.5R|orig.time=2:00PM|orig.date=1869-10-24
1869	10	24	18	58	0	4.1	orig=3.3R|orig.time=9:00PM|orig.date=1869-10-24
1869	10	25	4	58	0	4.2	orig=3.4R|orig.time=7:00AM|orig.date=1869-10-25
1869	10	25	9	58	0	10	orig=8R|orig.time=Noon|orig.date=1869-10-25
1869	10	25	11	58	0	10.4	orig=8.3R|orig.time=2:00PM|orig.date=1869-10-25
1869	10	25	18	58	0	7.8	orig=6.2R|orig.time=9:00PM|orig.date=1869-10-25
1869	10	26	4	58	0	7.8	orig=6.2R|orig.time=7:00AM|orig.date=1869-10-26
1869	10	26	9	58	0	7.2	orig=5.8R|orig.time=Noon|orig.date=1869-10-26
1869	10	26	11	58	0	6.9	orig=5.5R|orig.time=2:00PM|orig.date=1869-10-26
1869	10	26	18	58	0	6.2	orig=5R|orig.time=9:00PM|orig.date=1869-10-26
1869	10	27	4	58	0	3.9	orig=3.1R|orig.time=7:00AM|orig.date=1869-10-27
1869	10	27	9	58	0	8.8	orig=7R|orig.time=Noon|orig.date=1869-10-27
1869	10	27	11	58	0	7.9	orig=6.3R|orig.time=2:00PM|orig.date=1869-10-27
1869	10	27	18	58	0	5.4	orig=4.3R|orig.time=9:00PM|orig.date=1869-10-27
1869	10	28	4	58	0	7.6	orig=6.1R|orig.time=7:00AM|orig.date=1869-10-28
1869	10	28	9	58	0	9.9	orig=7.9R|orig.time=Noon|orig.date=1869-10-28
1869	10	28	11	58	0	12.5	orig=10R|orig.time=2:00PM|orig.date=1869-10-28
1869	10	28	18	58	0	10.8	orig=8.6R|orig.time=9:00PM|orig.date=1869-10-28
1869	10	29	4	58	0	9.5	orig=7.6R|orig.time=7:00AM|orig.date=1869-10-29
1869	10	29	9	58	0	14.5	orig=11.6R|orig.time=Noon|orig.date=1869-10-29
1869	10	29	11	58	0	16.5	orig=13.2R|orig.time=2:00PM|orig.date=1869-10-29
1869	10	29	18	58	0	9.2	orig=7.4R|orig.time=9:00PM|orig.date=1869-10-29
1869	10	30	4	58	0	5.8	orig=4.6R|orig.time=7:00AM|orig.date=1869-10-30
1869	10	30	9	58	0	7.6	orig=6.1R|orig.time=Noon|orig.date=1869-10-30
1869	10	30	11	58	0	8.4	orig=6.7R|orig.time=2:00PM|orig.date=1869-10-30
1869	10	30	18	58	0	8.8	orig=7R|orig.time=9:00PM|orig.date=1869-10-30
1869	10	31	4	58	0	9.6	orig=7.7R|orig.time=7:00AM|orig.date=1869-10-31
1869	10	31	9	58	0	13.8	orig=11R|orig.time=Noon|orig.date=1869-10-31
1869	10	31	11	58	0	14.5	orig=11.6R|orig.time=2:00PM|orig.date=1869-10-31
1869	10	31	18	58	0	9.1	orig=7.3R|orig.time=9:00PM|orig.date=1869-10-31
1869	11	1	4	58	0	9.2	orig=7.4R|orig.time=7:00AM|orig.date=1869-11-01
1869	11	1	9	58	0	6	orig=4.8R|orig.time=Noon|orig.date=1869-11-01
1869	11	1	11	58	0	5.2	orig=4.2R|orig.time=2:00PM|orig.date=1869-11-01
1869	11	1	18	58	0	2.4	orig=1.9R|orig.time=9:00PM|orig.date=1869-11-01
1869	11	2	4	58	0	1.5	orig=1.2R|orig.time=7:00AM|orig.date=1869-11-02
1869	11	2	9	58	0	4.6	orig=3.7R|orig.time=Noon|orig.date=1869-11-02
1869	11	2	11	58	0	4	orig=3.2R|orig.time=2:00PM|orig.date=1869-11-02
1869	11	2	18	58	0	1	orig=0.8R|orig.time=9:00PM|orig.date=1869-11-02
1869	11	3	4	58	0	-1.2	orig=-1R|orig.time=7:00AM|orig.date=1869-11-03
1869	11	3	9	58	0	3.2	orig=2.6R|orig.time=Noon|orig.date=1869-11-03
1869	11	3	11	58	0	3.4	orig=2.7R|orig.time=2:00PM|orig.date=1869-11-03
1869	11	3	18	58	0	3	orig=2.4R|orig.time=9:00PM|orig.date=1869-11-03
1869	11	4	4	58	0	4.1	orig=3.3R|orig.time=7:00AM|orig.date=1869-11-04
1869	11	4	9	58	0	7.2	orig=5.8R|orig.time=Noon|orig.date=1869-11-04
1869	11	4	11	58	0	1.2	orig=1R|orig.time=2:00PM|orig.date=1869-11-04
1869	11	4	18	58	0	3.6	orig=2.9R|orig.time=9:00PM|orig.date=1869-11-04
1869	11	5	4	58	0	4.6	orig=3.7R|orig.time=7:00AM|orig.date=1869-11-05
1869	11	5	9	58	0	9.2	orig=7.4R|orig.time=Noon|orig.date=1869-11-05
1869	11	5	11	58	0	10.2	orig=8.2R|orig.time=2:00PM|orig.date=1869-11-05
1869	11	5	18	58	0	5.5	orig=4.4R|orig.time=9:00PM|orig.date=1869-11-05
1869	11	6	4	58	0	2.9	orig=2.3R|orig.time=7:00AM|orig.date=1869-11-06
1869	11	6	9	58	0	3.6	orig=2.9R|orig.time=Noon|orig.date=1869-11-06
1869	11	6	11	58	0	3.8	orig=3R|orig.time=2:00PM|orig.date=1869-11-06
1869	11	6	18	58	0	-1.2	orig=-1R|orig.time=9:00PM|orig.date=1869-11-06
1869	11	7	4	58	0	1	orig=0.8R|orig.time=7:00AM|orig.date=1869-11-07
1869	11	7	9	58	0	3.4	orig=2.7R|orig.time=Noon|orig.date=1869-11-07
1869	11	7	11	58	0	3.2	orig=2.6R|orig.time=2:00PM|orig.date=1869-11-07
1869	11	7	18	58	0	2.2	orig=1.8R|orig.time=9:00PM|orig.date=1869-11-07
1869	11	8	4	58	0	0.6	orig=0.5R|orig.time=7:00AM|orig.date=1869-11-08
1869	11	8	9	58	0	4.1	orig=3.3R|orig.time=Noon|orig.date=1869-11-08
1869	11	8	11	58	0	5	orig=4R|orig.time=2:00PM|orig.date=1869-11-08
1869	11	8	18	58	0	0.5	orig=0.4R|orig.time=9:00PM|orig.date=1869-11-08
1869	11	9	4	58	0	2.4	orig=1.9R|orig.time=7:00AM|orig.date=1869-11-09
1869	11	9	9	58	0	7.5	orig=6R|orig.time=Noon|orig.date=1869-11-09
1869	11	9	11	58	0	7.4	orig=5.9R|orig.time=2:00PM|orig.date=1869-11-09
1869	11	9	18	58	0	3.8	orig=3R|orig.time=9:00PM|orig.date=1869-11-09
1869	11	10	4	58	0	4.8	orig=3.8R|orig.time=7:00AM|orig.date=1869-11-10
1869	11	10	9	58	0	9.2	orig=7.4R|orig.time=Noon|orig.date=1869-11-10
1869	11	10	11	58	0	11.9	orig=9.5R|orig.time=2:00PM|orig.date=1869-11-10
1869	11	10	18	58	0	5.4	orig=4.3R|orig.time=9:00PM|orig.date=1869-11-10
1869	11	11	4	58	0	4.4	orig=3.5R|orig.time=7:00AM|orig.date=1869-11-11
1869	11	11	9	58	0	5.8	orig=4.6R|orig.time=Noon|orig.date=1869-11-11
1869	11	11	11	58	0	3	orig=2.4R|orig.time=2:00PM|orig.date=1869-11-11
1869	11	11	18	58	0	1.9	orig=1.5R|orig.time=9:00PM|orig.date=1869-11-11
1869	11	12	4	58	0	0.5	orig=0.4R|orig.time=7:00AM|orig.date=1869-11-12
1869	11	12	9	58	0	1.2	orig=1R|orig.time=Noon|orig.date=1869-11-12
1869	11	12	11	58	0	1.6	orig=1.3R|orig.time=2:00PM|orig.date=1869-11-12
1869	11	12	18	58	0	-0.4	orig=-0.3R|orig.time=9:00PM|orig.date=1869-11-12
1869	11	13	4	58	0	-2.9	orig=-2.3R|orig.time=7:00AM|orig.date=1869-11-13
1869	11	13	9	58	0	-3.5	orig=-2.8R|orig.time=Noon|orig.date=1869-11-13
1869	11	13	11	58	0	-4.2	orig=-3.4R|orig.time=2:00PM|orig.date=1869-11-13
1869	11	13	18	58	0	-4.1	orig=-3.3R|orig.time=9:00PM|orig.date=1869-11-13
1869	11	14	4	58	0	-2.8	orig=-2.2R|orig.time=7:00AM|orig.date=1869-11-14
1869	11	14	9	58	0	-0.5	orig=-0.4R|orig.time=Noon|orig.date=1869-11-14
1869	11	14	11	58	0	-0.4	orig=-0.3R|orig.time=2:00PM|orig.date=1869-11-14
1869	11	14	18	58	0	-2	orig=-1.6R|orig.time=9:00PM|orig.date=1869-11-14
1869	11	15	4	58	0	0.2	orig=0.2R|orig.time=7:00AM|orig.date=1869-11-15
1869	11	15	9	58	0	1.9	orig=1.5R|orig.time=Noon|orig.date=1869-11-15
1869	11	15	11	58	0	2.4	orig=1.9R|orig.time=2:00PM|orig.date=1869-11-15
1869	11	15	18	58	0	0.9	orig=0.7R|orig.time=9:00PM|orig.date=1869-11-15
1869	11	16	4	58	0	0.2	orig=0.2R|orig.time=7:00AM|orig.date=1869-11-16
1869	11	16	9	58	0	0.2	orig=0.2R|orig.time=Noon|orig.date=1869-11-16
1869	11	16	11	58	0	0.6	orig=0.5R|orig.time=2:00PM|orig.date=1869-11-16
1869	11	16	18	58	0	0.4	orig=0.3R|orig.time=9:00PM|orig.date=1869-11-16
1869	11	17	4	58	0	-1.1	orig=-0.9R|orig.time=7:00AM|orig.date=1869-11-17
1869	11	17	9	58	0	0.2	orig=0.2R|orig.time=Noon|orig.date=1869-11-17
1869	11	17	11	58	0	-0.9	orig=-0.7R|orig.time=2:00PM|orig.date=1869-11-17
1869	11	17	18	58	0	-1.9	orig=-1.5R|orig.time=9:00PM|orig.date=1869-11-17
1869	11	18	4	58	0	-3.5	orig=-2.8R|orig.time=7:00AM|orig.date=1869-11-18
1869	11	18	9	58	0	-1.8	orig=-1.4R|orig.time=Noon|orig.date=1869-11-18
1869	11	18	11	58	0	-1.9	orig=-1.5R|orig.time=2:00PM|orig.date=1869-11-18
1869	11	18	18	58	0	-5.2	orig=-4.2R|orig.time=9:00PM|orig.date=1869-11-18
1869	11	19	4	58	0	-4.5	orig=-3.6R|orig.time=7:00AM|orig.date=1869-11-19
1869	11	19	9	58	0	-2.9	orig=-2.3R|orig.time=Noon|orig.date=1869-11-19
1869	11	19	11	58	0	-2.9	orig=-2.3R|orig.time=2:00PM|orig.date=1869-11-19
1869	11	19	18	58	0	-3.2	orig=-2.6R|orig.time=9:00PM|orig.date=1869-11-19
1869	11	20	4	58	0	-2.4	orig=-1.9R|orig.time=7:00AM|orig.date=1869-11-20
1869	11	20	9	58	0	0	orig=0R|orig.time=Noon|orig.date=1869-11-20
1869	11	20	11	58	0	0.4	orig=0.3R|orig.time=2:00PM|orig.date=1869-11-20
1869	11	20	18	58	0	0.6	orig=0.5R|orig.time=9:00PM|orig.date=1869-11-20
1869	11	21	4	58	0	0.5	orig=0.4R|orig.time=7:00AM|orig.date=1869-11-21
1869	11	21	9	58	0	2.1	orig=1.7R|orig.time=Noon|orig.date=1869-11-21
1869	11	21	11	58	0	2.4	orig=1.9R|orig.time=2:00PM|orig.date=1869-11-21
1869	11	21	18	58	0	1.1	orig=0.9R|orig.time=9:00PM|orig.date=1869-11-21
1869	11	22	4	58	0	0.2	orig=0.2R|orig.time=7:00AM|orig.date=1869-11-22
1869	11	22	9	58	0	1.6	orig=1.3R|orig.time=Noon|orig.date=1869-11-22
1869	11	22	11	58	0	0.1	orig=0.12R|orig.time=2:00PM|orig.date=1869-11-22
1869	11	22	18	58	0	1	orig=0.8R|orig.time=9:00PM|orig.date=1869-11-22
1869	11	23	4	58	0	1.8	orig=1.4R|orig.time=7:00AM|orig.date=1869-11-23
1869	11	23	9	58	0	3.6	orig=2.9R|orig.time=Noon|orig.date=1869-11-23
1869	11	23	11	58	0	5.1	orig=4.1R|orig.time=2:00PM|orig.date=1869-11-23
1869	11	23	18	58	0	2.6	orig=2.1R|orig.time=9:00PM|orig.date=1869-11-23
1869	11	24	4	58	0	2.6	orig=2.1R|orig.time=7:00AM|orig.date=1869-11-24
1869	11	24	9	58	0	3.9	orig=3.1R|orig.time=Noon|orig.date=1869-11-24
1869	11	24	11	58	0	4.4	orig=3.5R|orig.time=2:00PM|orig.date=1869-11-24
1869	11	24	18	58	0	4.4	orig=3.5R|orig.time=9:00PM|orig.date=1869-11-24
1869	11	25	4	58	0	4.2	orig=3.4R|orig.time=7:00AM|orig.date=1869-11-25
1869	11	25	9	58	0	5.9	orig=4.7R|orig.time=Noon|orig.date=1869-11-25
1869	11	25	11	58	0	6.5	orig=5.2R|orig.time=2:00PM|orig.date=1869-11-25
1869	11	25	18	58	0	6.8	orig=5.4R|orig.time=9:00PM|orig.date=1869-11-25
1869	11	26	4	58	0	7.9	orig=6.3R|orig.time=7:00AM|orig.date=1869-11-26
1869	11	26	9	58	0	9.6	orig=7.7R|orig.time=Noon|orig.date=1869-11-26
1869	11	26	11	58	0	9.9	orig=7.9R|orig.time=2:00PM|orig.date=1869-11-26
1869	11	26	18	58	0	6.9	orig=5.5R|orig.time=9:00PM|orig.date=1869-11-26
1869	11	27	4	58	0	3.6	orig=2.9R|orig.time=7:00AM|orig.date=1869-11-27
1869	11	27	9	58	0	3.6	orig=2.9R|orig.time=Noon|orig.date=1869-11-27
1869	11	27	11	58	0	3.9	orig=3.1R|orig.time=2:00PM|orig.date=1869-11-27
1869	11	27	18	58	0	3.1	orig=2.5R|orig.time=9:00PM|orig.date=1869-11-27
1869	11	28	4	58	0	1.2	orig=1R|orig.time=7:00AM|orig.date=1869-11-28
1869	11	28	9	58	0	3.8	orig=3R|orig.time=Noon|orig.date=1869-11-28
1869	11	28	11	58	0	5	orig=4R|orig.time=2:00PM|orig.date=1869-11-28
1869	11	28	18	58	0	1.1	orig=0.9R|orig.time=9:00PM|orig.date=1869-11-28
1869	11	29	4	58	0	4.6	orig=3.7R|orig.time=7:00AM|orig.date=1869-11-29
1869	11	29	9	58	0	6.8	orig=5.4R|orig.time=Noon|orig.date=1869-11-29
1869	11	29	11	58	0	7.1	orig=5.7R|orig.time=2:00PM|orig.date=1869-11-29
1869	11	29	18	58	0	6.9	orig=5.5R|orig.time=9:00PM|orig.date=1869-11-29
1869	11	30	4	58	0	0.4	orig=0.3R|orig.time=7:00AM|orig.date=1869-11-30
1869	11	30	9	58	0	0.2	orig=0.2R|orig.time=Noon|orig.date=1869-11-30
1869	11	30	11	58	0	0.1	orig=0.1R|orig.time=2:00PM|orig.date=1869-11-30
1869	11	30	18	58	0	-0.5	orig=-0.4R|orig.time=9:00PM|orig.date=1869-11-30
1869	12	1	4	58	0	-1.8	orig=-1.4R|orig.time=7:00AM|orig.date=1869-12-01
1869	12	1	9	58	0	-1.5	orig=-1.2R|orig.time=Noon|orig.date=1869-12-01
1869	12	1	11	58	0	-1.5	orig=-1.2R|orig.time=2:00PM|orig.date=1869-12-01
1869	12	1	18	58	0	-1.8	orig=-1.4R|orig.time=9:00PM|orig.date=1869-12-01
1869	12	2	4	58	0	-0.9	orig=-0.7R|orig.time=7:00AM|orig.date=1869-12-02
1869	12	2	9	58	0	-1.2	orig=-1R|orig.time=Noon|orig.date=1869-12-02
1869	12	2	11	58	0	-0.8	orig=-0.6R|orig.time=2:00PM|orig.date=1869-12-02
1869	12	2	18	58	0	0.6	orig=0.5R|orig.time=9:00PM|orig.date=1869-12-02
1869	12	3	4	58	0	0.6	orig=0.5R|orig.time=7:00AM|orig.date=1869-12-03
1869	12	3	9	58	0	1.2	orig=1R|orig.time=Noon|orig.date=1869-12-03
1869	12	3	11	58	0	1.1	orig=0.9R|orig.time=2:00PM|orig.date=1869-12-03
1869	12	3	18	58	0	-0.1	orig=-0.1R|orig.time=9:00PM|orig.date=1869-12-03
1869	12	4	4	58	0	-0.2	orig=-0.2R|orig.time=7:00AM|orig.date=1869-12-04
1869	12	4	9	58	0	-0.2	orig=-0.2R|orig.time=Noon|orig.date=1869-12-04
1869	12	4	11	58	0	-0.1	orig=-0.1R|orig.time=2:00PM|orig.date=1869-12-04
1869	12	4	18	58	0	-1	orig=-0.8R|orig.time=9:00PM|orig.date=1869-12-04
1869	12	5	4	58	0	-4.4	orig=-3.5R|orig.time=7:00AM|orig.date=1869-12-05
1869	12	5	9	58	0	-4.2	orig=-3.4R|orig.time=Noon|orig.date=1869-12-05
1869	12	5	11	58	0	-4.5	orig=-3.6R|orig.time=2:00PM|orig.date=1869-12-05
1869	12	5	18	58	0	-7.5	orig=-6R|orig.time=9:00PM|orig.date=1869-12-05
1869	12	6	4	58	0	-9.8	orig=-7.8R|orig.time=7:00AM|orig.date=1869-12-06
1869	12	6	9	58	0	-6.9	orig=-5.5R|orig.time=Noon|orig.date=1869-12-06
1869	12	6	11	58	0	-5.5	orig=-4.4R|orig.time=2:00PM|orig.date=1869-12-06
1869	12	6	18	58	0	-7.2	orig=-5.8R|orig.time=9:00PM|orig.date=1869-12-06
1869	12	7	4	58	0	-9.5	orig=-7.6R|orig.time=7:00AM|orig.date=1869-12-07
1869	12	7	9	58	0	-4.4	orig=-3.5R|orig.time=Noon|orig.date=1869-12-07
1869	12	7	11	58	0	-3.2	orig=-2.6R|orig.time=2:00PM|orig.date=1869-12-07
1869	12	7	18	58	0	-6	orig=-4.8R|orig.time=9:00PM|orig.date=1869-12-07
1869	12	8	4	58	0	-8.2	orig=-6.6R|orig.time=7:00AM|orig.date=1869-12-08
1869	12	8	9	58	0	-1.6	orig=-1.3R|orig.time=Noon|orig.date=1869-12-08
1869	12	8	11	58	0	-0.2	orig=-0.2R|orig.time=2:00PM|orig.date=1869-12-08
1869	12	8	18	58	0	-1.5	orig=-1.2R|orig.time=9:00PM|orig.date=1869-12-08
1869	12	9	4	58	0	-3.6	orig=-2.9R|orig.time=7:00AM|orig.date=1869-12-09
1869	12	9	9	58	0	0	orig=0R|orig.time=Noon|orig.date=1869-12-09
1869	12	9	11	58	0	0.9	orig=0.7R|orig.time=2:00PM|orig.date=1869-12-09
1869	12	9	18	58	0	-2.5	orig=-2R|orig.time=9:00PM|orig.date=1869-12-09
1869	12	10	4	58	0	-6.2	orig=-5R|orig.time=7:00AM|orig.date=1869-12-10
1869	12	10	9	58	0	-5.2	orig=-4.2R|orig.time=Noon|orig.date=1869-12-10
1869	12	10	11	58	0	-6	orig=-4.8R|orig.time=2:00PM|orig.date=1869-12-10
1869	12	10	18	58	0	-5.6	orig=-4.5R|orig.time=9:00PM|orig.date=1869-12-10
1869	12	11	4	58	0	-5.9	orig=-4.7R|orig.time=7:00AM|orig.date=1869-12-11
1869	12	11	9	58	0	-3.9	orig=-3.1R|orig.time=Noon|orig.date=1869-12-11
1869	12	11	11	58	0	-4	orig=-3.2R|orig.time=2:00PM|orig.date=1869-12-11
1869	12	11	18	58	0	-2.9	orig=-2.3R|orig.time=9:00PM|orig.date=1869-12-11
1869	12	12	4	58	0	-3.5	orig=-2.8R|orig.time=7:00AM|orig.date=1869-12-12
1869	12	12	9	58	0	-3	orig=-2.4R|orig.time=Noon|orig.date=1869-12-12
1869	12	12	11	58	0	-3.4	orig=-2.7R|orig.time=2:00PM|orig.date=1869-12-12
1869	12	12	18	58	0	-5	orig=-4R|orig.time=9:00PM|orig.date=1869-12-12
1869	12	13	4	58	0	-6.1	orig=-4.9R|orig.time=7:00AM|orig.date=1869-12-13
1869	12	13	9	58	0	-3	orig=-2.4R|orig.time=Noon|orig.date=1869-12-13
1869	12	13	11	58	0	-2.4	orig=-1.9R|orig.time=2:00PM|orig.date=1869-12-13
1869	12	13	18	58	0	-2.6	orig=-2.1R|orig.time=9:00PM|orig.date=1869-12-13
1869	12	14	4	58	0	-1.1	orig=-0.9R|orig.time=7:00AM|orig.date=1869-12-14
1869	12	14	9	58	0	-0.8	orig=-0.6R|orig.time=Noon|orig.date=1869-12-14
1869	12	14	11	58	0	-0.8	orig=-0.6R|orig.time=2:00PM|orig.date=1869-12-14
1869	12	14	18	58	0	-1.5	orig=-1.2R|orig.time=9:00PM|orig.date=1869-12-14
1869	12	15	4	58	0	-2.1	orig=-1.7R|orig.time=7:00AM|orig.date=1869-12-15
1869	12	15	9	58	0	-0.5	orig=-0.4R|orig.time=Noon|orig.date=1869-12-15
1869	12	15	11	58	0	0	orig=0R|orig.time=2:00PM|orig.date=1869-12-15
1869	12	15	18	58	0	0.6	orig=0.5R|orig.time=9:00PM|orig.date=1869-12-15
1869	12	16	4	58	0	0.5	orig=0.4R|orig.time=7:00AM|orig.date=1869-12-16
1869	12	16	9	58	0	0.6	orig=0.5R|orig.time=Noon|orig.date=1869-12-16
1869	12	16	11	58	0	0.4	orig=0.3R|orig.time=2:00PM|orig.date=1869-12-16
1869	12	16	18	58	0	0.6	orig=0.5R|orig.time=9:00PM|orig.date=1869-12-16
1869	12	17	4	58	0	-0.9	orig=-0.7R|orig.time=7:00AM|orig.date=1869-12-17
1869	12	17	9	58	0	0.4	orig=0.3R|orig.time=Noon|orig.date=1869-12-17
1869	12	17	11	58	0	0.8	orig=0.6R|orig.time=2:00PM|orig.date=1869-12-17
1869	12	17	18	58	0	-0.1	orig=-0.1R|orig.time=9:00PM|orig.date=1869-12-17
1869	12	18	4	58	0	0.8	orig=0.6R|orig.time=7:00AM|orig.date=1869-12-18
1869	12	18	9	58	0	3.1	orig=2.5R|orig.time=Noon|orig.date=1869-12-18
1869	12	18	11	58	0	2.6	orig=2.1R|orig.time=2:00PM|orig.date=1869-12-18
1869	12	18	18	58	0	1.1	orig=0.9R|orig.time=9:00PM|orig.date=1869-12-18
1869	12	19	4	58	0	-3.6	orig=-2.9R|orig.time=7:00AM|orig.date=1869-12-19
1869	12	19	9	58	0	0	orig=0R|orig.time=Noon|orig.date=1869-12-19
1869	12	19	11	58	0	0.2	orig=0.2R|orig.time=2:00PM|orig.date=1869-12-19
1869	12	19	18	58	0	-0.4	orig=-0.3R|orig.time=9:00PM|orig.date=1869-12-19
1869	12	20	4	58	0	-2.9	orig=-2.3R|orig.time=7:00AM|orig.date=1869-12-20
1869	12	20	9	58	0	-0.2	orig=-0.2R|orig.time=Noon|orig.date=1869-12-20
1869	12	20	11	58	0	0.2	orig=0.2R|orig.time=2:00PM|orig.date=1869-12-20
1869	12	20	18	58	0	0.1	orig=0.1R|orig.time=9:00PM|orig.date=1869-12-20
1869	12	21	4	58	0	0.1	orig=0.1R|orig.time=7:00AM|orig.date=1869-12-21
1869	12	21	9	58	0	1.1	orig=0.9R|orig.time=Noon|orig.date=1869-12-21
1869	12	21	11	58	0	1.5	orig=1.2R|orig.time=2:00PM|orig.date=1869-12-21
1869	12	21	18	58	0	0.2	orig=0.2R|orig.time=9:00PM|orig.date=1869-12-21
1869	12	22	4	58	0	-0.4	orig=-0.3R|orig.time=7:00AM|orig.date=1869-12-22
1869	12	22	9	58	0	0.5	orig=0.4R|orig.time=Noon|orig.date=1869-12-22
1869	12	22	11	58	0	0.8	orig=0.6R|orig.time=2:00PM|orig.date=1869-12-22
1869	12	22	18	58	0	-0.2	orig=-0.2R|orig.time=9:00PM|orig.date=1869-12-22
1869	12	23	4	58	0	-2.2	orig=-1.8R|orig.time=7:00AM|orig.date=1869-12-23
1869	12	23	9	58	0	-2.6	orig=-2.1R|orig.time=Noon|orig.date=1869-12-23
1869	12	23	11	58	0	-2.9	orig=-2.3R|orig.time=2:00PM|orig.date=1869-12-23
1869	12	23	18	58	0	-1.1	orig=-0.9R|orig.time=9:00PM|orig.date=1869-12-23
1869	12	24	4	58	0	-0.6	orig=-0.5R|orig.time=7:00AM|orig.date=1869-12-24
1869	12	24	9	58	0	1.4	orig=1.1R|orig.time=Noon|orig.date=1869-12-24
1869	12	24	11	58	0	1.5	orig=1.2R|orig.time=2:00PM|orig.date=1869-12-24
1869	12	24	18	58	0	1.8	orig=1.4R|orig.time=9:00PM|orig.date=1869-12-24
1869	12	25	4	58	0	1.9	orig=1.5R|orig.time=7:00AM|orig.date=1869-12-25
1869	12	25	9	58	0	3.5	orig=2.8R|orig.time=Noon|orig.date=1869-12-25
1869	12	25	11	58	0	2.8	orig=2.2R|orig.time=2:00PM|orig.date=1869-12-25
1869	12	25	18	58	0	0.9	orig=0.7R|orig.time=9:00PM|orig.date=1869-12-25
1869	12	26	4	58	0	2.6	orig=2.1R|orig.time=7:00AM|orig.date=1869-12-26
1869	12	26	9	58	0	4.6	orig=3.7R|orig.time=Noon|orig.date=1869-12-26
1869	12	26	11	58	0	6.8	orig=5.4R|orig.time=2:00PM|orig.date=1869-12-26
1869	12	26	18	58	0	2.6	orig=2.1R|orig.time=9:00PM|orig.date=1869-12-26
1869	12	27	4	58	0	1.5	orig=1.2R|orig.time=7:00AM|orig.date=1869-12-27
1869	12	27	9	58	0	2.5	orig=2R|orig.time=Noon|orig.date=1869-12-27
1869	12	27	11	58	0	2.8	orig=2.2R|orig.time=2:00PM|orig.date=1869-12-27
1869	12	27	18	58	0	5.4	orig=4.3R|orig.time=9:00PM|orig.date=1869-12-27
1869	12	28	4	58	0	-1.6	orig=-1.3R|orig.time=7:00AM|orig.date=1869-12-28
1869	12	28	9	58	0	-0.5	orig=-0.4R|orig.time=Noon|orig.date=1869-12-28
1869	12	28	11	58	0	1	orig=0.8R|orig.time=2:00PM|orig.date=1869-12-28
1869	12	28	18	58	0	-2.2	orig=-1.8R|orig.time=9:00PM|orig.date=1869-12-28
1869	12	29	4	58	0	-0.5	orig=-0.4R|orig.time=7:00AM|orig.date=1869-12-29
1869	12	29	9	58	0	0.8	orig=0.6R|orig.time=Noon|orig.date=1869-12-29
1869	12	29	11	58	0	0.9	orig=0.7R|orig.time=2:00PM|orig.date=1869-12-29
1869	12	29	18	58	0	0.6	orig=0.5R|orig.time=9:00PM|orig.date=1869-12-29
1869	12	30	4	58	0	-3.2	orig=-2.6R|orig.time=7:00AM|orig.date=1869-12-30
1869	12	30	9	58	0	-3	orig=-2.4R|orig.time=Noon|orig.date=1869-12-30
1869	12	30	11	58	0	-1.8	orig=-1.4R|orig.time=2:00PM|orig.date=1869-12-30
1869	12	30	18	58	0	-4.1	orig=-3.3R|orig.time=9:00PM|orig.date=1869-12-30
1869	12	31	4	58	0	-6.2	orig=-5R|orig.time=7:00AM|orig.date=1869-12-31
1869	12	31	9	58	0	-4.8	orig=-3.8R|orig.time=Noon|orig.date=1869-12-31
1869	12	31	11	58	0	-3.8	orig=-3R|orig.time=2:00PM|orig.date=1869-12-31
1869	12	31	18	58	0	-4.2	orig=-3.4R|orig.time=9:00PM|orig.date=1869-12-31